0.054407138377428055,-0.16490474343299866,-0.9848077297210693,-142.74038696289062,-0.9985188245773315,-0.00898536667227745,-0.05366004258394241,-0.6830098628997803,-6.279260134078868e-08,0.9862685799598694,-0.16514936089515686,41.74253463745117
0.053780220448970795,-0.1652313470840454,-0.9847874641418457,-142.58029174804688,-0.9985490441322327,-0.011611603200435638,-0.052583515644073486,-0.7245176434516907,-0.0027465159073472023,0.9861865043640137,-0.16561606526374817,41.76319122314453
0.05315418913960457,-0.16555960476398468,-0.9847663044929504,-142.4202423095703,-0.9985712170600891,-0.014237401075661182,-0.05150572955608368,-0.766183078289032,-0.005493244621902704,0.9860970377922058,-0.1660798341035843,41.783782958984375
0.052528947591781616,-0.1658894270658493,-0.9847443103790283,-142.26022338867188,-0.9985854029655457,-0.016862716525793076,-0.05042658746242523,-0.8080059885978699,-0.008240227587521076,0.9860001802444458,-0.16654053330421448,41.8043098449707
0.051904626190662384,-0.16622088849544525,-0.9847215414047241,-142.10023498535156,-0.9985916018486023,-0.01948755420744419,-0.04934621974825859,-0.8499861359596252,-0.01098744198679924,0.9858959913253784,-0.16699828207492828,41.82477569580078
0.051281120628118515,-0.16655388474464417,-0.9846979379653931,-141.94027709960938,-0.998589813709259,-0.022111866623163223,-0.048264533281326294,-0.8921234011650085,-0.013734864071011543,0.9857844114303589,-0.16745293140411377,41.845176696777344
0.050658565014600754,-0.16688862442970276,-0.9846735000610352,-141.7803497314453,-0.9985800385475159,-0.024735664948821068,-0.047181662172079086,-0.9344175457954407,-0.01648247055709362,0.9856654405593872,-0.16790471971035004,41.86551284790039
0.05003685504198074,-0.16722498834133148,-0.9846482276916504,-141.62045288085938,-0.998562216758728,-0.027358904480934143,-0.04609749838709831,-0.9768683314323425,-0.01923024281859398,0.9855390787124634,-0.16835351288318634,41.88578414916992
0.04941612109541893,-0.16756285727024078,-0.9846221208572388,-141.46060180664062,-0.9985364079475403,-0.029981579631567,-0.04501218721270561,-1.0194755792617798,-0.02197815664112568,0.9854053854942322,-0.16879919171333313,41.90598678588867
0.04879637807607651,-0.16790232062339783,-0.9845951795578003,-141.30078125,-0.9985026717185974,-0.032603681087493896,-0.04392574355006218,-1.062239170074463,-0.02472619339823723,0.9852643609046936,-0.16924184560775757,41.926124572753906
0.04817752167582512,-0.1682433784008026,-0.9845674633979797,-141.1409912109375,-0.9984608888626099,-0.03522515669465065,-0.042838070541620255,-1.105158805847168,-0.02747432328760624,0.9851158857345581,-0.16968148946762085,41.94619369506836
0.04755956307053566,-0.16858604550361633,-0.9845389127731323,-140.98123168945312,-0.9984110593795776,-0.03784599527716637,-0.04174917936325073,-1.148234248161316,-0.03022252582013607,0.98496013879776,-0.17011810839176178,41.9661979675293
0.04694252088665962,-0.16893038153648376,-0.9845094680786133,-140.82150268554688,-0.9983533024787903,-0.04046618193387985,-0.04065908491611481,-1.1914653778076172,-0.03297078609466553,0.984796941280365,-0.17055179178714752,41.98613357543945
0.0463264100253582,-0.16927631199359894,-0.9844792485237122,-140.6618194580078,-0.998287558555603,-0.043085694313049316,-0.03956781327724457,-1.2348518371582031,-0.03571907803416252,0.9846264123916626,-0.17098243534564972,42.00600051879883
0.04571123793721199,-0.16962377727031708,-0.9844481945037842,-140.50216674804688,-0.9982137680053711,-0.045704491436481476,-0.03847537934780121,-1.2783936262130737,-0.03846736624836922,0.9844484925270081,-0.17141000926494598,42.02579879760742
0.045096904039382935,-0.16997282207012177,-0.9844163060188293,-140.34254455566406,-0.998132050037384,-0.048322562128305435,-0.03738168627023697,-1.3220903873443604,-0.041215647011995316,0.9842632412910461,-0.17183451354503632,42.045528411865234
0.04448353871703148,-0.17032352089881897,-0.9843836426734924,-140.18295288085938,-0.9980422854423523,-0.0509398877620697,-0.036286860704422,-1.3659420013427734,-0.04396388679742813,0.9840706586837769,-0.17225605249404907,42.065189361572266
0.04387127235531807,-0.17067573964595795,-0.9843500852584839,-140.0233917236328,-0.9979445338249207,-0.05355646833777428,-0.035191044211387634,-1.4099481105804443,-0.046712055802345276,0.9838706851005554,-0.1726745069026947,42.084781646728516
0.043259888887405396,-0.1710294932126999,-0.9843157529830933,-139.86387634277344,-0.9978387951850891,-0.05617225542664528,-0.03409402072429657,-1.4541085958480835,-0.04946015402674675,0.9836633801460266,-0.173089861869812,42.10430145263672
0.042649514973163605,-0.17138487100601196,-0.9842805862426758,-139.7043914794922,-0.9977250695228577,-0.05878724530339241,-0.03299592062830925,-1.4984233379364014,-0.05220814421772957,0.9834486842155457,-0.17350222170352936,42.12375259399414
0.04204004257917404,-0.17174175381660461,-0.9842445850372314,-139.54493713378906,-0.9976033568382263,-0.061401404440402985,-0.031896647065877914,-1.5428919792175293,-0.05495601147413254,0.9832266569137573,-0.17391148209571838,42.143131256103516
0.04143160954117775,-0.1721002608537674,-0.9842077493667603,-139.38551330566406,-0.9974736571311951,-0.06401471793651581,-0.030796334147453308,-1.5875142812728882,-0.05770372226834297,0.9829972386360168,-0.17431771755218506,42.162437438964844
0.04082411155104637,-0.1724603772163391,-0.984170138835907,-139.22613525390625,-0.9973359704017639,-0.0666271522641182,-0.029694875702261925,-1.6322901248931885,-0.060451261699199677,0.9827605485916138,-0.17472094297409058,42.18167495727539
0.040217556059360504,-0.1728219836950302,-0.9841316342353821,-139.06678771972656,-0.9971902966499329,-0.06923867762088776,-0.0285923033952713,-1.677219271659851,-0.06319859623908997,0.9825164675712585,-0.175121009349823,42.20083999633789
0.03961195796728134,-0.17318516969680786,-0.9840923547744751,-138.907470703125,-0.9970366358757019,-0.0718492791056633,-0.027488622814416885,-1.7223014831542969,-0.06594570726156235,0.9822649955749512,-0.17551805078983307,42.21992874145508
0.039007335901260376,-0.17354995012283325,-0.9840522408485413,-138.74818420410156,-0.996874988079071,-0.07445897161960602,-0.02638384886085987,-1.7675365209579468,-0.06869260221719742,0.9820062518119812,-0.1759120523929596,42.23894500732422
0.038403816521167755,-0.173916295170784,-0.9840112924575806,-138.5889434814453,-0.9967053532600403,-0.07706770300865173,-0.0252781230956316,-1.8129241466522217,-0.0714392140507698,0.9817401170730591,-0.17630299925804138,42.25788879394531
0.03780129551887512,-0.1742842048406601,-0.9839695692062378,-138.4297332763672,-0.9965277314186096,-0.07967545837163925,-0.024171341210603714,-1.8584641218185425,-0.07418554276227951,0.9814666509628296,-0.17669087648391724,42.276756286621094
0.03719966486096382,-0.174653559923172,-0.9839270114898682,-138.2705535888672,-0.9963421821594238,-0.08228221535682678,-0.023063411936163902,-1.9041563272476196,-0.07693158835172653,0.9811859130859375,-0.1770755797624588,42.29555130004883
0.036599062383174896,-0.1750245839357376,-0.9838835597038269,-138.11141967773438,-0.9961485862731934,-0.08488793671131134,-0.021954456344246864,-1.9500004053115845,-0.0796772763133049,0.9808977842330933,-0.1774573177099228,42.31427001953125
0.03599949926137924,-0.1753971427679062,-0.9838393330574036,-137.9523162841797,-0.9959470629692078,-0.08749262988567352,-0.02084449678659439,-1.9959962368011475,-0.08242262899875641,0.9806023240089417,-0.17783595621585846,42.33291244506836
0.035400982946157455,-0.17577123641967773,-0.9837943315505981,-137.79324340820312,-0.9957375526428223,-0.09009625762701035,-0.019733553752303123,-2.0421435832977295,-0.08516760170459747,0.9802995324134827,-0.178211510181427,42.35148239135742
0.03480341657996178,-0.1761467307806015,-0.9837484955787659,-137.6342010498047,-0.9955200552940369,-0.09269879758358002,-0.01862153597176075,-2.088442087173462,-0.0879121720790863,0.9799894094467163,-0.17858384549617767,42.36997604370117
0.034206923097372055,-0.1765238642692566,-0.983701765537262,-137.47520446777344,-0.9952945709228516,-0.09530024230480194,-0.017508557066321373,-2.1348915100097656,-0.0906563401222229,0.9796719551086426,-0.17895318567752838,42.388389587402344
0.03361140564084053,-0.17690251767635345,-0.9836543202400208,-137.3162384033203,-0.9950611591339111,-0.09790053963661194,-0.01639453135430813,-2.1814918518066406,-0.09340005367994308,0.9793472290039062,-0.17931939661502838,42.4067268371582
0.0330171063542366,-0.1772826462984085,-0.9836059808731079,-137.1573028564453,-0.9948197603225708,-0.10049974918365479,-0.01527970377355814,-2.2282426357269287,-0.09614332765340805,0.9790151715278625,-0.17968249320983887,42.42498779296875
0.03242380544543266,-0.17766426503658295,-0.983556866645813,-136.9984130859375,-0.9945703744888306,-0.10309776663780212,-0.014163864776492119,-2.275143623352051,-0.09888610243797302,0.9786757826805115,-0.18004244565963745,42.44316864013672
0.031831514090299606,-0.17804749310016632,-0.9835069179534912,-136.8395538330078,-0.9943130612373352,-0.10569457709789276,-0.013047020882368088,-2.322194814682007,-0.10162835568189621,0.978329062461853,-0.18039937317371368,42.461273193359375
0.031240364536643028,-0.17843219637870789,-0.9834561347961426,-136.68072509765625,-0.9940477609634399,-0.10829020291566849,-0.011929310858249664,-2.3693957328796387,-0.10437009483575821,0.977975070476532,-0.18075314164161682,42.47929763793945
0.030650250613689423,-0.17881835997104645,-0.9834045767784119,-136.52194213867188,-0.9937744736671448,-0.11088459938764572,-0.010810641571879387,-2.416746139526367,-0.10711128264665604,0.9776137471199036,-0.18110376596450806,42.49724197387695
0.030061185359954834,-0.17920610308647156,-0.9833521842956543,-136.36318969726562,-0.9934932589530945,-0.11347775161266327,-0.00969101395457983,-2.4642460346221924,-0.1098519042134285,0.9772450923919678,-0.18145133554935455,42.515106201171875
0.029473179951310158,-0.17959530651569366,-0.9832989573478699,-136.2044677734375,-0.9932041168212891,-0.11606960743665695,-0.008570462465286255,-2.511894941329956,-0.11259191483259201,0.9768691658973694,-0.18179573118686676,42.53289031982422
0.028886249288916588,-0.17998605966567993,-0.9832449555397034,-136.04579162597656,-0.9929069876670837,-0.11866015940904617,-0.007448993623256683,-2.559692621231079,-0.11533128470182419,0.9764859080314636,-0.18213705718517303,42.550594329833984
0.02830040454864502,-0.18037836253643036,-0.9831900596618652,-135.88714599609375,-0.9926019310951233,-0.12124940752983093,-0.006326615344733,-2.6076388359069824,-0.11807003617286682,0.9760953783988953,-0.18247531354427338,42.56821823120117
0.027715541422367096,-0.18077212572097778,-0.9831344485282898,-135.72853088378906,-0.9922888875007629,-0.12383730709552765,-0.0052032470703125,-2.655733346939087,-0.12080811709165573,0.9756975769996643,-0.18281038105487823,42.58576202392578
0.027131788432598114,-0.18116740882396698,-0.9830779433250427,-135.56996154785156,-0.9919679164886475,-0.12642385065555573,-0.004079009406268597,-2.7039761543273926,-0.12354550510644913,0.975292444229126,-0.18314236402511597,42.60322189331055
0.026549160480499268,-0.18156421184539795,-0.9830206632614136,-135.4114227294922,-0.9916390180587769,-0.12900899350643158,-0.002953921677544713,-2.752366781234741,-0.12628217041492462,0.974880039691925,-0.18347124755382538,42.620601654052734
0.0259675495326519,-0.18196244537830353,-0.9829625487327576,-135.25291442871094,-0.9913021922111511,-0.13159272074699402,-0.001827896456234157,-2.8009049892425537,-0.12901811301708221,0.9744603633880615,-0.18379691243171692,42.63789749145508
0.02538708783686161,-0.18236218392848969,-0.9829035997390747,-135.09445190429688,-0.9909573793411255,-0.13417507708072662,-0.0007010458502918482,-2.849590539932251,-0.1317533254623413,0.9740334153175354,-0.18411947786808014,42.65510940551758
0.02480778656899929,-0.18276330828666687,-0.9828439354896545,-134.93601989746094,-0.9906046986579895,-0.13675594329833984,0.0004265777242835611,-2.898423194885254,-0.13448770344257355,0.9735991954803467,-0.1844387948513031,42.672237396240234
0.024229658767580986,-0.18316592276096344,-0.9827833771705627,-134.7776336669922,-0.9902440309524536,-0.13933533430099487,0.0015549811068922281,-2.9474027156829834,-0.13722127676010132,0.9731577038764954,-0.18475501239299774,42.68928146362305
0.02365260012447834,-0.1835700273513794,-0.9827220439910889,-134.61927795410156,-0.9898754358291626,-0.1419132798910141,0.00268427561968565,-2.9965286254882812,-0.13995406031608582,0.9727089405059814,-0.18506808578968048,42.706241607666016
0.0230766199529171,-0.18397563695907593,-0.9826598763465881,-134.46095275878906,-0.9894989728927612,-0.14448972046375275,0.003814438823610544,-3.0458009243011475,-0.14268600940704346,0.9722529053688049,-0.1853780299425125,42.72311782836914
0.022501731291413307,-0.18438272178173065,-0.9825969338417053,-134.30267333984375,-0.98911452293396,-0.14706458151340485,0.004945442546159029,-3.095219373703003,-0.14541704952716827,0.9717895984649658,-0.18568482995033264,42.73991012573242
0.02192794904112816,-0.18479128181934357,-0.9825331568717957,-134.14442443847656,-0.9887222051620483,-0.14963790774345398,0.006077281199395657,-3.1447834968566895,-0.14814722537994385,0.9713190197944641,-0.18598848581314087,42.756614685058594
0.0213552825152874,-0.18520142138004303,-0.9824684858322144,-133.98622131347656,-0.9883219003677368,-0.15220965445041656,0.00720995245501399,-3.194493293762207,-0.1508764922618866,0.9708412289619446,-0.18628911674022675,42.77323532104492
0.020783862099051476,-0.18561288714408875,-0.9824030995368958,-133.8280487060547,-0.9879137277603149,-0.15477988123893738,0.008343295194208622,-3.2443482875823975,-0.15360486507415771,0.9703561663627625,-0.18658645451068878,42.78976821899414
0.02021358348429203,-0.18602591753005981,-0.9823368787765503,-133.66990661621094,-0.9874976873397827,-0.15734845399856567,0.009477426297962666,-3.2943482398986816,-0.15633223950862885,0.9698638319969177,-0.18688073754310608,42.80621337890625
0.01964445784687996,-0.18644027411937714,-0.9822698831558228,-133.51181030273438,-0.9870736598968506,-0.15991541743278503,0.01061230432242155,-3.3444929122924805,-0.15905866026878357,0.9693642854690552,-0.18717174232006073,42.82257080078125
0.019076496362686157,-0.18685618042945862,-0.9822020530700684,-133.35374450683594,-0.9866417646408081,-0.16248071193695068,0.01174794603139162,-3.394782066345215,-0.1617840677499771,0.96885746717453,-0.18745967745780945,42.83884048461914
0.018509594723582268,-0.1872735321521759,-0.9821333885192871,-133.1957244873047,-0.9862020015716553,-0.16504430770874023,0.012884432449936867,-3.4452154636383057,-0.16450844705104828,0.9683434367179871,-0.18774442374706268,42.85502243041992
0.01794399879872799,-0.18769226968288422,-0.9820639491081238,-133.03773498535156,-0.9857543110847473,-0.16760621964931488,0.014021508395671844,-3.495792865753174,-0.1672317534685135,0.9678221940994263,-0.18802598118782043,42.871116638183594
0.017379486933350563,-0.18811243772506714,-0.9819937348365784,-132.87977600097656,-0.985298752784729,-0.17016641795635223,0.015159397386014462,-3.5465140342712402,-0.16995401680469513,0.9672936797142029,-0.1883043497800827,42.887123107910156
0.016816187649965286,-0.18853400647640228,-0.9819226861000061,-132.72186279296875,-0.9848352670669556,-0.17272484302520752,0.0162979569286108,-3.5973784923553467,-0.17267516255378723,0.9667580127716064,-0.1885795146226883,42.903038024902344
0.016253996640443802,-0.1889570951461792,-0.981850802898407,-132.56398010253906,-0.9843639135360718,-0.17528152465820312,0.017437314614653587,-3.648386240005493,-0.175395205616951,0.9662150740623474,-0.18885158002376556,42.91886520385742
0.015692923218011856,-0.18938159942626953,-0.9817781448364258,-132.40614318847656,-0.9838846921920776,-0.17783640325069427,0.01857743039727211,-3.6995368003845215,-0.178114116191864,0.9656649827957153,-0.18912042677402496,42.934600830078125
0.015133216045796871,-0.18980756402015686,-0.9817046523094177,-132.2483367919922,-0.9833976030349731,-0.18038953840732574,0.019718078896403313,-3.7508299350738525,-0.1808318942785263,0.9651076197624207,-0.18938617408275604,42.95024490356445
0.01457465160638094,-0.19023491442203522,-0.9816303849220276,-132.090576171875,-0.9829025864601135,-0.18294085562229156,0.020859455689787865,-3.8022654056549072,-0.18354851007461548,0.9645430445671082,-0.18964870274066925,42.96580123901367
0.014017242006957531,-0.19066353142261505,-0.9815553426742554,-131.93284606933594,-0.9823997616767883,-0.18549032509326935,0.022001514211297035,-3.8538429737091064,-0.18626390397548676,0.9639713764190674,-0.18990786373615265,42.981266021728516
0.013461115770041943,-0.19109360873699188,-0.9814795255661011,-131.77516174316406,-0.981889009475708,-0.1880379468202591,0.02314416877925396,-3.905562162399292,-0.18897809088230133,0.963392436504364,-0.19016392529010773,42.996639251708984
0.012906167656183243,-0.1915251761674881,-0.9814028143882751,-131.6175079345703,-0.9813704490661621,-0.19058366119861603,0.024287516251206398,-3.957422971725464,-0.19169102609157562,0.9628062844276428,-0.1904168426990509,43.01191711425781
0.0123522924259305,-0.19195809960365295,-0.9813253879547119,-131.4598846435547,-0.9808440208435059,-0.19312745332717896,0.02543163299560547,-4.009425163269043,-0.19440267980098724,0.9622129797935486,-0.19066652655601501,43.027103424072266
0.011799735017120838,-0.19239236414432526,-0.9812471270561218,-131.30230712890625,-0.9803097248077393,-0.19566933810710907,0.026576271280646324,-4.061568260192871,-0.197113037109375,0.9616125226020813,-0.19091296195983887,43.042198181152344
0.0112483911216259,-0.1928281933069229,-0.9811680316925049,-131.14476013183594,-0.9797676205635071,-0.19820933043956757,0.0277215875685215,-4.113852024078369,-0.19982215762138367,0.9610048532485962,-0.19115635752677917,43.05719757080078
0.010698155499994755,-0.1932653784751892,-0.9810882210731506,-130.9872589111328,-0.9792176485061646,-0.20074725151062012,0.028867609798908234,-4.166275978088379,-0.2025298774242401,0.960390031337738,-0.19139648973941803,43.072105407714844
0.010149272158741951,-0.19370396435260773,-0.9810075163841248,-130.8297882080078,-0.9786598086357117,-0.20328326523303986,0.03001413308084011,-4.2188401222229,-0.2052362710237503,0.9597680568695068,-0.19163347780704498,43.086917877197266
0.009601520374417305,-0.19414390623569489,-0.9809260964393616,-130.67236328125,-0.9780941605567932,-0.20581723749637604,0.031161341816186905,-4.271543979644775,-0.20794127881526947,0.9591388702392578,-0.1918671876192093,43.10163497924805
0.00905514508485794,-0.19458523392677307,-0.9808438420295715,-130.5149688720703,-0.9775207042694092,-0.20834919810295105,0.03230900317430496,-4.324387073516846,-0.21064487099647522,0.9585025906562805,-0.1920977383852005,43.11625671386719
0.00850992277264595,-0.19502800703048706,-0.9807607531547546,-130.3576202392578,-0.9769393801689148,-0.2108791172504425,0.033457349985837936,-4.377369403839111,-0.21334707736968994,0.9578590989112854,-0.19232511520385742,43.13078308105469
0.007965867407619953,-0.19547221064567566,-0.9806768894195557,-130.20030212402344,-0.9763503074645996,-0.21340696513652802,0.03460635989904404,-4.430490970611572,-0.21604786813259125,0.9572084546089172,-0.19254931807518005,43.14521408081055
0.00742310518398881,-0.19591769576072693,-0.9805922508239746,-130.04302978515625,-0.9757533669471741,-0.215932697057724,0.035755861550569534,-4.48375129699707,-0.21874713897705078,0.9565507173538208,-0.19277024269104004,43.159549713134766
0.00688164820894599,-0.19636458158493042,-0.9805067777633667,-129.8857879638672,-0.975148618221283,-0.21845634281635284,0.03690586984157562,-4.537149906158447,-0.22144493460655212,0.9558858871459961,-0.19298797845840454,43.173789978027344
0.006341507192701101,-0.19681283831596375,-0.9804205894470215,-129.7285919189453,-0.9745360612869263,-0.22097787261009216,0.038056377321481705,-4.590686321258545,-0.22414124011993408,0.9552138447761536,-0.19320252537727356,43.187931060791016
0.005802461877465248,-0.19726239144802094,-0.9803335666656494,-129.57142639160156,-0.973915696144104,-0.22349724173545837,0.039207566529512405,-4.644360542297363,-0.22683602571487427,0.9545347094535828,-0.19341377913951874,43.20197677612305
0.005264755338430405,-0.19771333038806915,-0.9802457690238953,-129.414306640625,-0.9732875227928162,-0.22601443529129028,0.04035921022295952,-4.698172569274902,-0.2295292466878891,0.9538484811782837,-0.19362182915210724,43.21592330932617
0.004728399217128754,-0.198165625333786,-0.9801571369171143,-129.25721740722656,-0.9726516008377075,-0.2285294234752655,0.04151129350066185,-4.752121448516846,-0.232220858335495,0.9531551003456116,-0.19382669031620026,43.22977066040039
0.004193288739770651,-0.19861917197704315,-0.980067789554596,-129.1001739501953,-0.9720078706741333,-0.23104217648506165,0.04266388341784477,-4.806207180023193,-0.23491086065769196,0.952454686164856,-0.19402822852134705,43.24352264404297
0.003659434849396348,-0.19907432794570923,-0.979977548122406,-128.9431610107422,-0.9713563919067383,-0.2335527092218399,0.043817054480314255,-4.860429763793945,-0.23759925365447998,0.9517471194267273,-0.19422678649425507,43.25717544555664
0.0031268491875380278,-0.19953060150146484,-0.9798865914344788,-128.78619384765625,-0.9706971049308777,-0.2360609620809555,0.04497067630290985,-4.914788722991943,-0.24028600752353668,0.9510324597358704,-0.1944219022989273,43.270729064941406
0.002595542697235942,-0.1999882310628891,-0.9797948598861694,-128.62925720214844,-0.9700300693511963,-0.23856699466705322,0.04612479358911514,-4.969283580780029,-0.24297112226486206,0.9503107666969299,-0.19461381435394287,43.2841796875
