0.999999976092556,-2.5917507287404757e-09,-4.492592770022341e-09,0.0,-2.5917507287404757e-09,0.9999999797417204,-6.425756243352879e-10,0.0,-4.492592770022341e-09,-6.425756243352879e-10,1.0000000230369956,0.0
0.999999327840253,-0.0010725927728278128,0.0004761160036503287,0.15884711772304172,0.0010738272013943236,0.9999960458981315,-0.0026045776888508564,0.05015662145799382,-0.0004733152268940888,0.0026050864969038856,0.9999965306450754,0.0056545562620442524
0.9999972467345869,-0.002143923537353279,0.0009550624771517968,0.31762998487829464,0.002148865634052992,0.9999841255843891,-0.005208626741400651,0.1004681731306949,-0.0009438894916559692,0.005210663961404488,0.9999860175815511,0.011364106575371125
0.9999937641290372,-0.0032140899440447346,0.0014367445304232784,0.4763636380343428,0.0032252126632365944,0.9999642730471097,-0.007812108957275484,0.1509353066560708,-0.0014115860591665252,0.00781669418748937,0.9999684687094808,0.017131168793397933
0.99998896540653,-0.004282959820308796,0.0019212259435634205,0.6350487199795793,0.004302741339818651,0.9999364953801751,-0.01041502493253953,0.20155778396844148,-0.0018765115011553646,0.010423176172202231,0.999943955143255,0.02295198274234167
0.9999827622612971,-0.005350631967509678,0.0024084112880749242,0.7936846071159209,0.005381541415202613,0.9999007869084773,-0.013017332915204058,0.25233548603532796,-0.002338529518067678,0.013030069292016,0.9999124004689981,0.028830311809386444
0.999975201264387,-0.006416970467455652,0.0028985066105576274,0.9522713122369737,0.006461478977563867,0.9998571549285805,-0.01561903271437299,0.30326817479129087,-0.002797874049625393,0.01563737269902532,0.9998738391889398,0.0347661581368186
0.9999662544704665,-0.007482071769063459,0.0033913921139908654,1.1108088481362302,0.007542661900313047,0.999805534249017,-0.01822008617861276,0.35435561217089084,-0.0032544137976245335,0.018245051357210773,0.9998282512432257,0.040759523866924496
0.9999559099882679,-0.0085458066674165,0.0038869402566270306,1.2692815674406575,0.008624945112330527,0.9997459914800285,-0.0208204942140972,0.4055967894382402,-0.003708029884237518,0.02085310235024518,0.999775675709657,0.046811656675771474
0.9999441833828916,-0.009608160609977268,0.004385238587390372,1.4277051335152464,0.009708313734520732,0.9996785869487035,-0.023420242657017854,0.4569924177474265,-0.004158810354854492,0.023461509229147248,0.999716127248184,0.05292131156511459
0.9999311306169896,-0.01066922500158679,0.004886303995029567,1.5860789323571396,0.010792867723885623,0.9996031959472133,-0.02601927943056734,0.5085421995168904,-0.004606760947234445,0.026070226471056834,0.9996494878178067,0.05909225352890246
0.9999166911302275,-0.01172898545239981,0.00539012102361866,1.7444036067547017,0.011878592678190511,0.999519819083604,-0.028617592564687433,0.5602458966809536,-0.005051876693499713,0.02867923571117581,0.9995759361339429,0.06532072239332365
0.9999008217885909,-0.012787427554801223,0.005896777103682582,1.9026785331098495,0.012965470475421664,0.9994285764040061,-0.031215163937381236,0.6121033902071362,-0.005494255468129039,0.03128852425340811,0.9994953055332239,0.07161048154557648
0.9998836241631833,-0.013844529129019345,0.006406177974594307,2.060888703639563,0.014053481563014513,0.9993294092027878,-0.03381197528365402,0.6641134928102304,-0.005933774502803801,0.033898069371638084,0.9994077011008269,0.0779590179523808
0.9998650354326525,-0.014900273794598573,0.006918272582016327,2.2190491453172,0.015142607818962817,0.9992222583689516,-0.03640798892893029,0.7162770346772849,-0.006370414099626076,0.03650783792577206,0.9993130538532708,0.0843688478604463
0.9998450503996181,-0.015954766387841546,0.00743309450691812,2.3771598773331277,0.016232945957351315,0.999107237462793,-0.039003191281700225,0.7685936587101398,-0.006804175128896445,0.03911780858394698,0.9992114298481413,0.09083997448317405
0.9998237517861901,-0.017007866570595054,0.007950716123697132,2.535220906084078,0.01732437274882695,0.9989842345454732,-0.04159755968945367,0.8210632458760765,-0.00723514949927051,0.0417279708512025,0.9991028412044335,0.09737239889173566
0.9998010101029714,-0.01805944421509853,0.008471015203013826,2.6932322507604454,0.018416740356206274,0.998853316227234,-0.04419110144876023,0.8736854390769349,-0.007663238024571084,0.044338316300006286,0.9989872070205097,0.1039661242995038
0.999776928693119,-0.019109712105643495,0.008993993977287867,2.8511782607907037,0.019510271012130962,0.9987144707524969,-0.04678376739184424,0.9264592890931871,-0.008088408291513527,0.046948809299911964,0.9988645881046802,0.11062239784700978
0.9997514730804119,-0.02015853935431766,0.009519750138961364,3.009074599539872,0.02060483128163915,0.9985677050124605,-0.049375548934559726,0.9793855070789217,-0.008510771833457664,0.0495594339963652,0.9987349403809163,0.11733997453600864
0.9997246208410493,-0.021206029892349543,0.010048154647042395,3.1669206562035015,0.021700517878822136,0.9984130131293351,-0.05196641908478685,1.0324637359362203,-0.008930226644874417,0.05217015787759571,0.9985983026759714,0.12412261989599926
0.9996963914759899,-0.02225204244097212,0.010579333943832814,3.324716443575113,0.022797196891865594,0.9982504026023664,-0.054556356477603075,1.0856937375996427,-0.009346845003467663,0.05478097060614007,0.9984546357279418,0.13097033606923958
0.9996668404481376,-0.023296677262719223,0.011113251868122787,3.482447571072896,0.023894977577202714,0.9980798677564469,-0.05714532844577805,1.1390745628491814,-0.009760632730679203,0.057391840284546025,0.9983040543506745,0.13787684556413637
0.9996358274492337,-0.024339921483137683,0.011649809109826603,3.6401284484689995,0.024993821830940375,0.9979014089969394,-0.05973331171697565,1.1926068038066857,-0.010171462234694062,0.060002735074218716,0.9981464210458304,0.14484842908569817
0.9996034923256121,-0.025381757351302214,0.012189092918019673,3.7977584585621287,0.02609373055924773,0.997715027134572,-0.062320286547728684,1.2462902224069543,-0.010579446076049104,0.06261363906174644,0.9979817504231501,0.15188885109226646
0.9995697747168375,-0.026422167754198034,0.012731099079739683,3.955338244140677,0.0271946856401176,0.9975207231827573,-0.06490626700639007,1.3001245805843098,-0.010984579253393523,0.06522456266699295,0.9978101626461751,0.15899435141007245
0.9995346797581637,-0.02746101688207836,0.01327581513417786,4.112852791024807,0.028296545722196302,0.9973185040326921,-0.06749120263761155,1.354108810086264,-0.011386845798202427,0.06783546064230972,0.9976315347593606,0.16616241593469283
0.9994982580906097,-0.02849840745839427,0.013823230438068268,4.27031650898661,0.029399418202032648,0.9971083640092695,-0.07007507856229939,1.4082435030346643,-0.011786222122086853,0.07044631578679161,0.9974459254150029,0.17339932537115033
0.9994604288911085,-0.029534449073679303,0.014373216550116696,4.427730034417721,0.030503390971141034,0.9968903567510604,-0.07265787894765122,1.4625285403965531,-0.01218261599839679,0.07305710974964585,0.9972533735402743,0.18070131847454718
0.9994211744101121,-0.030568987284868454,0.01492601128034965,4.585077729540245,0.03160833989398428,0.9966643707245886,-0.07523955443500654,1.5169627348869614,-0.012576241920004366,0.07566779284904368,0.9970537980871497,0.18806964452762998
0.9993805910969902,-0.031602021174029105,0.015481473111888078,4.742374627724331,0.03271424913777218,0.9964305255706223,-0.07782011976047246,1.5715467976602193,-0.012966947758969921,0.07827838790162067,0.9968472357933138,0.19550682084826576
0.999338682512106,-0.03263353282263237,0.01603960004573962,4.899621371758343,0.03382109824375511,0.9961887621781634,-0.08039953772632405,1.6262804906506458,-0.013354748027738478,0.08088885258194123,0.996633686324036,0.20300908726265732
0.9992953629105581,-0.0336636139253641,0.016600258809500335,5.056817350837832,0.034928975103449326,0.9959390752774689,-0.08297779331049224,1.6811634567603235,-0.013739521106565789,0.08349914887291565,0.9964131273630281,0.2105802093002893
0.9992506166039169,-0.0346921434152998,0.017163683799831353,5.213946920788118,0.0360377630208617,0.9956814715570574,-0.08555486610175943,1.7361946277370022,-0.014121496251817384,0.08610929704703929,0.9961855981596985,0.21822143517279358
0.9992045929435895,-0.03571921126367861,0.017729744976244577,5.371025738577401,0.037147557279522396,0.9954160052635433,-0.08813071050914331,1.7913748337674926,-0.01450051247718473,0.08871922915855868,0.995951137373435,0.22593151881081042
0.9991571314365234,-0.036744578267875694,0.018298411356460598,5.52805382979281,0.03825810357563478,0.9951426300549229,-0.0907053884811961,1.8467035987209153,-0.014876611765624603,0.09132900037026315,0.9957096793818021,0.23371046449889832
0.9991083333147815,-0.03776845103720827,0.01886969201807953,5.685015550259635,0.039369617632239604,0.9948613339729316,-0.09327879505355852,1.9021798543450217,-0.015249746948727383,0.09393851565119993,0.9954612257048253,0.2415595204486891
0.9990581599164109,-0.038790818072604205,0.019443703559734238,5.8419265569461345,0.04048208969680937,0.9945721771419751,-0.0958509088613043,1.957804430826621,-0.015620045369380497,0.09654775426393292,0.9952057958667895,0.24947744059083732
0.9990065965394026,-0.03981154716747315,0.020020305264142613,5.998786245444563,0.04159538120782725,0.9942751072409184,-0.09842175951963052,2.013576852035073,-0.015987373511787167,0.0991567459005957,0.9949434267392723,0.25746799152594235
0.9989536993463082,-0.040830736727320405,0.02059948990140409,6.155579601575084,0.04270958840252271,0.9939701184933116,-0.10099130320200055,2.069496049717892,-0.016351737080233353,0.10176543631175639,0.9946740566771357,0.2655286591495951
0.9988994244534908,-0.041848374649185116,0.021181374070151526,6.312321652311141,0.043824707108028854,0.9936572711249018,-0.10355951854348812,2.1255628540621254,-0.016713234074721944,0.10437381241541144,0.9943977052046649,0.27366195970847684
0.9988437540226804,-0.042864442544231496,0.021765827729896825,6.469012423239775,0.04494070291645764,0.9933365657437332,-0.10612635995311095,2.1817767889368938,-0.01707174661325006,0.10698183196487371,0.9941144109812474,0.28186789748716023
0.9987867643292365,-0.043878917617458546,0.022352948373182857,6.625636900181149,0.046057572561118816,0.9930079436441738,-0.10869181512695056,2.2381367860897106,-0.01742736768398076,0.10958946855989077,0.9938241298973818,0.29014395838120777
0.9987283383997149,-0.04489179575254587,0.02294272615634063,6.782210122902228,0.04717530165165953,0.992671464950632,-0.11125588406500322,2.2946434376421836,-0.017780116873961,0.11219674555266779,0.9935269207392562,0.29849266077962966
0.9986686283213015,-0.045903167861346406,0.023535070631906962,6.938732104196561,0.048293980356921826,0.9923270644716378,-0.11381852699437627,2.3512965055288744,-0.0181298478474039,0.11480359483995439,0.9932227683615606,0.3069140068246696
0.9986074816948102,-0.04691290688090555,0.02413004994286727,7.095187187095945,0.049413478520510326,0.991974808716092,-0.11637973323261032,2.408095159562974,-0.018476691883713425,0.11741001503533277,0.9929116237402491,0.3154092425857016
0.9985450144945306,-0.047920993214610075,0.024727651846761733,7.251591054155682,0.050533783331942486,0.9916146984947222,-0.11893945814243174,2.4650397538004114,-0.018820614454523515,0.1200159792029809,0.9925935452598327,0.3239771262779243
0.9984811436426246,-0.04892753325460575,0.025327787495321052,7.407943088174505,0.051654978846718255,0.9912467279297392,-0.12149769170912782,2.5221300501759885,-0.01916150860211785,0.12262146952767561,0.9922685180427863,0.3326214223596651
0.9984158948421482,-0.04993239233338498,0.025930532661229688,7.56422827497255,0.05277695312292679,0.9908708447000076,-0.12405447451632073,2.5793649804372167,-0.019499490891542126,0.12522650100500338,0.9919365547771477,0.3413396167265148
0.9983493636948031,-0.05093554861521854,0.026535763549482283,7.720461654316807,0.053899660308052384,0.9904871684462874,-0.12660969401712713,2.636745136705705,-0.019834394228171126,0.12783097153094952,0.9915976347336004,0.35013422776742686
0.9982813983454146,-0.05193698778473399,0.02714358368312686,7.876628212027384,0.05502309750260102,0.9900955808452493,-0.12916335941553017,2.6942694507289655,-0.02016639512619625,0.13043491371986055,0.9912517752469421,0.3590027413780206
0.9982121028359094,-0.05293681822468743,0.027753994661357306,8.032743000664823,0.05614738234967569,0.9896961357381472,-0.13171550046970978,2.751938276563169,-0.020495430838069262,0.1330383245318088,0.9908989765849574,0.36794767808950724
0.9981414221321706,-0.053935026578978196,0.028367007960564572,8.188806020229123,0.05727248920054017,0.9892888931480441,-0.1342660568525766,2.809751614208314,-0.020821525687802767,0.13564116087737854,0.9905392406693492,0.37696903790191527
0.9980694139841335,-0.054931581305813104,0.028982590233206484,8.34480225654039,0.05839839316733412,0.9888737347516042,-0.13681495579013989,2.8677083954119134,-0.021144654896620735,0.13824335249508662,0.9901725619161108,0.38606430671082137
0.9979960199925324,-0.05592648150994073,0.029600743878073876,8.500746132164352,0.05952508542748063,0.9884507803922792,-0.13936224191966953,2.9258089742303763,-0.02146482824340218,0.1408449448607073,0.9897989407269195,0.3952397673635204
0.9979212012705271,-0.05691970424009707,0.030221559376158003,8.656623250122408,0.06065256041319628,0.9880199115440529,-0.14190786492878513,2.984052520476415,-0.021782173108691766,0.1434458964915336,0.9894184526871919,0.404489141297276
0.9978450982645939,-0.05791112994966108,0.030844800298277297,8.812448032980257,0.06178066697309215,0.9875812543335291,-0.14445189811625245,3.0424393882064384,-0.022096394019664373,0.14604624251410486,0.989030997772682,0.4138187113593972
0.9977676266793405,-0.0589008441356631,0.03147069424451887,8.968220493531419,0.06290951532917886,0.9871348030855946,-0.14699419459858917,3.1009693393550073,-0.02240774682946922,0.1486458628516863,0.9886366140947132,0.42322847969214195
0.9976888105240019,-0.05988883677799528,0.03209899897354496,9.123925617596086,0.06403906734191964,0.9866804393755797,-0.14953481198473412,3.159641305669634,-0.022716000888423127,0.15124480450801248,0.9882353215247962,0.4327159321911296
0.9976086246527585,-0.06087509342368014,0.03272994125231765,9.279578444941194,0.06516933650735944,0.9862182828442475,-0.1520736785973881,3.2184558792719278,-0.02302137192790288,0.15384300946871,0.9878270976002557,0.44228358724529926
0.9975270450304634,-0.0618597143352515,0.033363406914523,9.435163961386877,0.0663004037305574,0.9857483278164904,-0.15461077035347418,3.2774119919094007,-0.023323743103571742,0.1564404458363266,0.98741198363859,0.4519289307502419
0.9974441440493296,-0.06284244679772089,0.033999338060643036,9.590697206700128,0.0674320174500161,0.9852705281529827,-0.1571461053750005,3.336510235703661,-0.0236231022934337,0.15903711060178133,0.9869899699446028,0.46165448109493923
0.9973599097154028,-0.0638235172186441,0.03463778695948905,9.746178193674467,0.06856440085208498,0.9847849313104847,-0.1596796514716023,3.3957503725892706,-0.02391945150587474,0.16163299607067533,0.9865610048361375,0.47146024042166346
0.9972742885147966,-0.06480278352508062,0.03527870137577782,9.901591290928764,0.06969740841254904,0.9842914847651739,-0.16221135074837129,3.455131096248541,-0.02421278459309037,0.16422805048981515,0.986125200435457,0.48134745908434695
0.9971872908273829,-0.06578035409978655,0.03592221999427103,10.056952155431247,0.07083116753360952,0.9837902423583045,-0.16474122647765857,3.514653236868281,-0.02450320557736388,0.16682227081927314,0.9856824590961466,0.4913148910136016
0.9970989578138554,-0.0667562148491907,0.03656821720579184,10.212245155800844,0.07196564147063779,0.9832812045965804,-0.1672692248182036,3.574315488130804,-0.02479058669739409,0.16941562920175024,0.9852328806541082,0.5013637865633598
0.9970092625563409,-0.06773012088792307,0.03721675992040219,10.367485331804431,0.07310060193447258,0.9827643850090508,-0.16979540285418507,3.6341184421577184,-0.02507505332952381,0.17200816664297566,0.9847763554443514,0.5114966641226033
0.9969182335719067,-0.06870228421744229,0.03786776092255473,10.522658299257046,0.07423624745609525,0.9822397119184112,-0.17231969024379715,3.694061030696297,-0.02535647982962544,0.17459981742634237,0.9843129292972415,0.5217072472708537
0.9968258487501204,-0.06967268946759719,0.03852108152748779,10.677778467930779,0.07537253153835902,0.9817073050160948,-0.17484206371468874,3.754143845868388,-0.025634718813814322,0.17719052369105645,0.9838426998591931,0.5320018167131195
0.9967321569851751,-0.07064120613256297,0.039176942038331775,10.832830836439342,0.07650936862647978,0.9811670522619255,-0.17736251272738707,3.814365581356065,-0.025910034050056763,0.1797803223987766,0.9833655227161795,0.5423778604872922
0.9966370282987091,-0.07160793686698819,0.03983535876258737,10.987829801761336,0.07764684894870878,0.9806190669628426,-0.17988097614406948,3.874727067346615,-0.026182401977189435,0.18236915103423768,0.9828814610333636,0.5528416571561081
0.9965406199246294,-0.07257297719127531,0.04049618898398011,11.142776006685125,0.07878505848914215,0.9800632838767072,-0.1823974463822081,3.9352280657743597,-0.02645170561486232,0.18495696338543047,0.9823905513475919,0.5633894465457985
0.9964428252970879,-0.0735360834278318,0.04115941882732821,11.297654449824392,0.0799237433970739,0.979499716329885,-0.1849119391316224,3.995867270321372,-0.026717947698744554,0.18754378514721906,0.9818927913354847,0.5740187166942121
0.9963436704731583,-0.0744973713421655,0.04182527905757849,11.452479540951288,0.08106305990293552,0.9789284181636329,-0.18742445711046307,4.056645273109501,-0.0269813353863656,0.19012965736931708,0.9813881592038285,0.5847357483063718
0.9962432344380674,-0.07545691430642365,0.042493544788996473,11.607236908674338,0.08220304239087106,0.9783493241358033,-0.18993483311986034,4.117560767820578,-0.02724162882238998,0.19271440157079148,0.9808766777302926,0.5955342671041137
0.9961413717762664,-0.07641448432569087,0.04316426884148472,11.761940949972086,0.08334347654463159,0.9777624475220972,-0.19244322839761518,4.178614584641894,-0.027498973225439954,0.19529813147220937,0.9803583557595099,0.6064205516501602
0.9960382265418326,-0.07737029212484581,0.04383740983800355,11.916576663458272,0.08448455622171826,0.9771678358299394,-0.1949495114641103,4.2398054172555195,-0.027753208496244186,0.1978807513534689,0.9798331259284438,0.6173920899823884
0.9959337135175765,-0.07832409156537867,0.044512979039966316,12.07115910169341,0.08562604245050665,0.9765655023856947,-0.19745371045605906,4.301133619717625,-0.028004469773287938,0.20046227221288704,0.9793011109918003,0.6284514026320522
0.9958278177488785,-0.07927610449241707,0.04519105323463202,12.225673237704058,0.08676816771677831,0.9759553755120621,-0.19995579237237088,4.362598361841162,-0.02825274445209286,0.20304268712004514,0.9787622029385065,0.6395959733524421
0.995720599134249,-0.08022631862329699,0.04587160630435905,12.380134098463628,0.08791091294481646,0.9753375750018185,-0.2024557282655916,4.424200473813178,-0.02849802250273173,0.2056219679144025,0.9782164578296937,0.6508283183902677
0.9956120496426323,-0.08117458605778982,0.04655447925890033,12.534526682585863,0.08905410702509312,0.9747119886881033,-0.204953481605743,4.485938649315748,-0.02874019950961232,0.20820003360129224,0.9776639094771516,0.6621459257833635
0.9955021245408197,-0.08212090545377737,0.04723979109567955,12.68886604263119,0.09019776159377448,0.9740786767459969,-0.2074490756651687,4.54781324240504,-0.028979373614998194,0.21077692973131978,0.9771045778068423,0.6735513160630262
0.9953909416268396,-0.08306526380284518,0.04792753055328336,12.843136547218563,0.09134187569715185,0.9734376397582102,-0.20994248230715537,4.609822946763368,-0.029215525093765904,0.2133526433741023,0.9765383400640598,0.6850457395831313
0.995278356480979,-0.08400787309473179,0.04861760217168931,12.997353853316184,0.0924866251182475,0.9727888657411455,-0.21243366094807328,4.671968592577537,-0.029448572368444947,0.2159271088149915,0.975965301133143,0.6966279502743333
0.9951644547617094,-0.0849484865643575,0.049310093199972815,13.151502303955795,0.09363178619385208,0.9721323679198253,-0.21492259184445528,4.734249349660743,-0.029678591747370142,0.21850032204859826,0.9753854756238323,0.7082991942060062
0.9950491810304305,-0.08588708856268745,0.05000498253305152,13.305596977285063,0.09477734080195653,0.9714682064439895,-0.21740924685958427,4.796665095938275,-0.02990560762228489,0.2210722403694556,0.9747987995676103,0.7200619961939339
0.9949326269389304,-0.0868237790733718,0.050702146160942485,13.459623476325348,0.0959233623843104,0.9707963160968357,-0.21989360191037957,4.859215001222845,-0.03012946866860383,0.22364284703543824,0.9742053730681638,0.7319100776753871
0.9948146689929763,-0.08775855051800768,0.05140195676527004,13.613596198055276,0.09706991560758751,0.9701167569901036,-0.22237565241842974,4.921899895701739,-0.03035054306363799,0.22621214331553577,0.9736051376615404,0.7438497172131022
0.9946954139979517,-0.08869138331170195,0.05210391703627948,13.767500141088519,0.0982168800085342,0.9694294702408138,-0.22485536562144595,4.9847184730570335,-0.030568344555603144,0.22878010227196754,0.9729980705083774,0.7558784028449494
0.9945748402306267,-0.08962226987605176,0.052808255125149195,13.921349727990787,0.09936429698148719,0.9687345159607058,-0.22733278806411172,5.047671087345135,-0.030783118520018554,0.23134672517372318,0.9723842702467875,0.7680024174182307
