1.0000000356140366,6.148104989997179e-15,1.447787465204387e-15,0.0,6.148104989997179e-15,1.0000000356140544,-3.107457257549122e-15,0.0,1.447787465204387e-15,-3.107457257549122e-15,1.0000000000000218,0.0
0.9999979843362228,-0.0015141909621281973,0.0013463573145558099,0.1559274158590256,0.0015137680764450026,0.9999988457364942,0.00031048347155006035,-0.04625474584230105,-0.0013468258192142139,-0.0003084447673063468,0.9999990464282267,0.03640747101309216
0.9999917983879735,-0.003028747584736356,0.002692251815514996,0.3119758388254752,0.0030270849856701325,0.9999952388445588,0.0006230042408713533,-0.09226258546092758,-0.0026941258539224682,-0.0006148494371965875,0.9999961855080651,0.07262039250566232
0.9999815287057332,-0.004543644842806989,0.004037680379656673,0.4681452688994341,0.00453989635311048,0.9999892710498083,0.0009375606671003815,-0.13802351885534492,-0.004041897021687767,-0.0009192127065578879,0.9999914172395367,0.10863494978043065
0.999967198577518,-0.006059010484808839,0.005382521278927798,0.6244206791064641,0.00605233425176536,0.9999809043535877,0.0012541515767158337,-0.18353489636675313,-0.005390016969987277,-0.0012215334112479583,0.999984741622636,0.14445495753438564
0.9999487286037511,-0.0075747167622732805,0.0067268904590676,0.7808170964210319,0.00756429163364615,0.9999701767545516,0.0015727748481069409,-0.22879936765395037,-0.006738603045483926,-0.0015218100378566865,0.9999761586573676,0.180076601070553
0.9999261161968743,-0.00909075935065252,0.00807078575536132,0.9373345208430237,0.009075753823972712,0.9999570269660235,0.001893430271923844,-0.2738169327174731,-0.008087651522889592,-0.0018200417132775894,0.9999656087390868,0.21550369508618417
0.9998994433440276,-0.01060725997273136,0.009414204133268421,1.0939579253982572,0.010586842545529461,0.9999415369751433,0.0022161167282628708,-0.31858494189745024,-0.009437160073877137,-0.0021162270405205947,0.9999532110770827,0.25073242488373637
0.9998686461709764,-0.012124209979414208,0.010757142517825585,1.2507025026645522,0.012097538798988557,0.999923584208558,0.0025408328679520672,-0.36310510566785936,-0.010787125904484298,-0.0024103643897880585,0.9999389060667104,0.2857666051609016
0.9998337652639281,-0.013641475596548464,0.012099478429271109,1.4075530600640889,0.013607729510643632,0.9999033266507169,0.0028675759359539305,-0.40737571355472113,-0.012137426080145357,-0.002702452829729338,0.9999226937079639,0.3206024212199807
0.9997947600366752,-0.015159205273066412,0.01344132939762273,1.5645246245711917,0.015117527754200399,0.9998806089047285,0.003196347432276938,-0.4513994152173719,-0.013488178878813161,-0.002992491661880848,0.9999045740008489,0.35523987306127225
0.9997516477874088,-0.016677103812239722,0.01478269269906256,1.7216021692115078,0.016626688382952604,0.9998555604919046,0.0035271426359187257,-0.49517356099647714,-0.01483937964390856,-0.003280479489227606,0.9998844873407196,0.3896789606844777
0.9997044725046086,-0.018195456060565083,0.016123446298560204,1.87880072095939,0.01813546086813665,0.9998281105900513,0.003859961314052768,-0.5387008005513731,-0.016190907303459845,-0.0035664144491468746,0.9998625529368601,0.42391968408989555
0.9996531470260238,-0.01971412994502601,0.017463706404656356,2.0361052528404855,0.019643694137424936,0.9997982359111469,0.004194802835483984,-0.5819784842227218,-0.017542878272813898,-0.003850295843144226,0.9998387111846307,0.45796204327722734
0.9995977585139051,-0.02123321783884807,0.01880335065888369,2.193530791829147,0.021151539263144413,0.9997660132672153,0.004531665133063549,-0.6250092616698595,-0.01889517148001096,-0.004132122274229031,0.9998129024793811,0.4918060382467715
0.9995382198060017,-0.022752602343794424,0.020142494352601355,2.351062310951022,0.022658845172967346,0.9997314219577925,0.0048705477372936005,-0.6677904832334516,-0.020247902409075348,-0.0044118921125845655,0.9997852460304057,0.5254516689982296
0.9994745921889896,-0.024272293810096893,0.021481138996714666,2.5086998102061386,0.024165616191441048,0.9996944032837602,0.00521144849039033,-0.7103221489134963,-0.02160106733471347,-0.004689604659727606,0.9997556822330597,0.5588989355316087
0.9994068782504217,-0.025792281887523746,0.022819158996068012,2.6664432895944685,0.025671866993328102,0.9996550159442367,0.0055543630588508475,-0.7526042587099955,-0.02295454518498845,-0.004965258518665582,0.9997241514826919,0.5921478378469089
0.9993350115285107,-0.027312551901295418,0.024156672284979846,2.824292749116239,0.027177563904537957,0.9996132573516637,0.005899295235601179,-0.7946368126224126,-0.024308453306552336,-0.005238852758075642,0.9996907729885978,0.6251945612468646
0.9992590765979492,-0.028833246274660253,0.025493555426086754,2.982263381349213,0.02868284332261767,0.9995690920949443,0.006246242198041145,-0.8364215211247217,-0.025662668764802395,-0.005510386446646418,0.9996554871461266,0.6580429204291676
0.9991790855818126,-0.03035409051135348,0.02682980879823745,3.1403399937154575,0.030187430751301893,0.9995225322971536,0.006595195368170853,-0.877956673743487,-0.0270171878344864,-0.005779858187380343,0.9996182343506325,0.6906929153933916
0.9990949650703539,-0.03187534443286034,0.02816554596476463,3.298522586215114,0.031691596362324125,0.9994735632476583,0.00694616592946664,-0.9192422704781666,-0.02837212786221397,-0.006047267514629555,0.9995791338114115,0.723140731442264
0.9990067323617594,-0.03339675254224344,0.02950064570149844,3.4568111588479553,0.033195095008962006,0.9994222609437681,0.007299142157875306,-0.9602783113293007,-0.029727369638729274,-0.0063126144283722,0.9995381259238121,0.7553901832730645
0.9989143675702847,-0.03491855566166072,0.03083522642793227,3.6152057116142373,0.03469815716315723,0.9993685468006147,0.007654130597869207,-1.0010647962963528,-0.031083024922709722,-0.006575895203339557,0.9994951510831953,0.7874374561885134
0.9988179466932344,-0.03644050864440662,0.03216916508554099,3.7737060789101804,0.03620052732795566,0.9993124381163894,0.008011119848814734,-1.0416026645652163,-0.032438974504898375,-0.006837108908195904,0.9994503284988439,0.8192825501884826
0.9987173937332985,-0.03796284628695494,0.033502457303341455,3.9322973993650123,0.037702461000294146,0.9992539762920193,0.008370117301270583,-1.0818883272911979,-0.03379521465997232,-0.007096256008606966,0.9994035985661138,0.8509292799700816
0.9986127821002289,-0.039485319118052364,0.034835104647637734,4.090994699953285,0.039203688008455695,0.9991931173390189,0.008731110385088831,-1.1219244341330956,-0.035151745387966345,-0.007353333710600304,0.9993549612850035,0.8823738308363431
0.9985040383842785,-0.04100818695918405,0.03616721798340967,4.249797980674913,0.04070447852417302,0.9991298465467552,0.009094116433702806,-1.1617109850909095,-0.03650867844755462,-0.007608343411173206,0.9993043570508753,0.9136162027872601
0.9983911954089812,-0.04253129271232221,0.037498681104354836,4.408707241529953,0.04220467544940196,0.9990641967387667,0.009459120001178753,-1.2012479801646414,-0.03786589835475855,-0.007861281850685176,0.9992519050730115,0.9446563958228253
0.998274258349458,-0.044054640702014716,0.03882960493085444,4.5677074555439106,0.04370430813371694,0.9989962292017295,0.009826128008594271,-1.2405327696954895,-0.03922351314299244,-0.008112148563466495,0.9991975457467734,0.9754982246400274
0.9981532013301241,-0.045578134230488315,0.04015987341833362,4.726813649691223,0.04520322982930557,0.998925805836943,0.010195125927206098,-1.2795680033422556,-0.04058140732827881,-0.008360941221225927,0.9991412790721538,1.006137874541892
0.9980281037505614,-0.04710186567096839,0.04148948419187907,4.886025823972005,0.04670154758417247,0.9988530034564317,0.01056612174130191,-1.318353681104938,-0.04193957718530882,-0.008607662617924425,0.9990830454445087,1.036575345528405
0.9978988862111929,-0.048625721949766075,0.04281854989989061,5.045328785808238,0.048199154350328746,0.9987778626464077,0.01093911071895996,-1.3568880925095606,-0.043298138198100265,-0.008852308096938469,0.9990229640731322,1.0668068229018886
0.9977655340013799,-0.05014991453947996,0.04414694656443635,5.2047377277779105,0.04969630994924232,0.9987002996468872,0.01131409769841462,-1.3951729480300994,-0.044656967432037384,-0.009094876726966508,0.9989609753533746,1.0968361213600204
0.9976281179433163,-0.05167423196751148,0.04547467990568238,5.364237622906643,0.05119272953441659,0.998620398217854,0.011691072214149657,-1.433205598007218,-0.046016064887157156,-0.009335368507987515,0.9988970792852347,1.1266632409025306
0.9974866000383471,-0.05319878298300195,0.04680173859409925,5.523843498168759,0.05268854085431971,0.9985380564864186,0.012070034372486079,-1.4709886921002546,-0.04737542683815297,-0.009573782508698,0.9988312758687121,1.156288181529689
0.997340980286472,-0.05472354688548787,0.04812812694527135,5.683540160986269,0.054183743908951164,0.9984533918508175,0.012450987195229302,-1.5085205198357663,-0.048735049559734525,-0.009810116866435395,0.9987635651038075,1.1857109432410837
0.9971912992739038,-0.05624841662696407,0.04945383967328005,5.843327776963008,0.05567822562462188,0.9983663249114691,0.012833922157531557,-1.545800142027323,-0.05009493305191596,-0.010044372512528764,0.9986939469905192,1.214927711339584
0.9970375138268717,-0.057773519955899376,0.0507788734328752,6.003221207469437,0.05717208440024026,0.998276817669718,0.013218841740629778,-1.5828311475206913,-0.05145506986410471,-0.010276546653021313,0.9986224215288476,1.2439423005225976
0.9968795885342784,-0.05929892422050794,0.05210322584914087,6.163205591135096,0.05866546265905463,0.9981850030491486,0.013605753928803262,-1.6196099474701047,-0.05281545999628231,-0.010506638356574713,0.9985489887187936,1.2727508960927167
0.9967175968058706,-0.06082443432410695,0.053426775753303346,6.32328076235612,0.060158090229331204,0.9980907861248313,0.013994636585626313,-1.656137481061993,-0.05417598423919398,-0.010734647623193788,0.9984737081649937,1.3013573127470721
0.9965515386416536,-0.06235003559191688,0.05474964140313626,6.483446886736374,0.06164996711108624,0.9979941643092077,0.014385495338405944,-1.6924128091099249,-0.055536758076838985,-0.010960572590233114,0.9983964606581642,1.329757735788526
0.9963813760429718,-0.06387583507194285,0.05607181578468933,6.643718825646346,0.06314122105278737,0.9978952170018601,0.014778333315251812,-1.7284395204596699,-0.05689777405862042,-0.0111844132576862,0.998317365407595,1.3579559799145002
0.9962071470084805,-0.0654017110414002,0.05739330591191023,6.804081717715519,0.0646317243059659,0.9977938622156481,0.015173147388045875,-1.7642140262654582,-0.058259032184554596,-0.011406167762914105,0.9982363628086408,1.385948230427573
0.9960288109519665,-0.06692778089852586,0.058714096786577206,6.964535397340256,0.06612158994431094,0.9976901206510354,0.015569938310007012,-1.799737265713187,-0.05962053245462737,-0.011625836105919055,0.9981533932566566,1.4137344873276163
0.9958463497605242,-0.06845394191986254,0.06003419509918537,7.125079864520529,0.06761071524436464,0.997583974195116,0.01596870111864458,-1.8350092388028525,-0.06098227114356369,-0.011843417355376529,0.9980685759609315,1.4413147506146302
0.9956598376586195,-0.06998025712907659,0.0613535978279319,7.285715284859805,0.06909917790457237,0.9974754944847981,0.016369440129551348,-1.8700290063491014,-0.06234424452605909,-0.012058910579956632,0.997981851316821,1.4686928349860082
0.9954692565333468,-0.07150666350250184,0.06267229569475855,7.446441492754701,0.07058687520147633,0.9973646098831732,0.016772145630421585,-1.904797507537289,-0.0637064488768385,-0.012272312985698962,0.9978932193243236,1.4958649257443497
0.995274565798493,-0.07303323873858411,0.06399029398558392,7.607243461230723,0.0720739202087656,0.9972513946147076,0.01717682614610306,-1.9393120927080787,-0.06506888419588781,-0.012483626435241623,0.9978026799834405,1.5228310228893776
0.995075768041611,-0.07455997851277574,0.06530746581147083,7.768136217262338,0.073560327601203,0.9971357873927245,0.017583470005694695,-1.973575411520807,-0.06643143127391528,-0.01269284720330275,0.9977102332941646,1.549591126421376
0.9948728986738024,-0.07608679477639886,0.06662392943018508,7.9291197608494315,0.07504595495555492,0.9970177726918764,0.01799208283647835,-2.007587463975476,-0.06779419441906774,-0.012899979015170975,0.9976159388611467,1.5761452363403308
0.9946659171088547,-0.07761377557813147,0.06793968052614749,8.090194091992117,0.07653091534551254,0.9968973660375104,0.018402661616665376,-2.041348250072083,-0.06915718853249227,-0.01310501535158994,0.9975196774750966,1.6024933526462561
0.9944549226320935,-0.07914079316950481,0.06925460321650038,8.25134418371593,0.07801508534713611,0.9967746054282814,0.018815192734669466,-2.0748551201512946,-0.07052027950375114,-0.013307957143871294,0.9974215683452968,1.6286354753388608
0.9942397978452872,-0.08066784755051885,0.07056881273720934,8.412585062995504,0.07949848566090598,0.9966494908641896,0.01922968613337364,-2.108110723871908,-0.07188358654213611,-0.013508805323337609,0.9973215518671091,1.6545677897211704
0.9940206195604544,-0.08219508114442191,0.07188217982442124,8.573916729830557,0.08098120866003089,0.9965219869341381,0.019646138126156114,-2.141115061234462,-0.0732469904383413,-0.01370755989000009,0.9972196280405272,1.6802941104904434
0.9937973463766732,-0.0837222091047175,0.07319483115443129,8.735324157246879,0.08246301954805274,0.9963921644603201,0.02006453772485906,-2.1738654825796164,-0.0746106029511105,-0.013904217118546029,0.9971157968655551,1.7058144376463957
0.993569960995752,-0.08524949727857492,0.07450676230085233,8.89682237221885,0.08394416347167713,0.9962598887463071,0.020484902732388507,-2.2063646375661765,-0.07597442408040996,-0.014098775146360841,0.9970100583421951,1.731124956492053
0.9933385169416935,-0.08677692496553041,0.07581796527940247,9.058396182168337,0.08542460073111306,0.9961252771903366,0.020907230773820153,-2.2386108157212323,-0.07733845382624294,-0.014291237698717409,0.9969024720750914,1.7562294817242474
0.9931029986891444,-0.088304385117579,0.07712832356034238,9.22006077967336,0.08690424327766504,0.9959882503928261,0.021331504568897937,-2.2706057275182285,-0.07870256552875235,-0.014481601050331921,0.9967929784595917,1.7811280133434124
0.9928634442367598,-0.08983176898557947,0.07843783455611408,9.381801137759737,0.08838296336286434,0.9958489102266649,0.02175770944284224,-2.3023467232972905,-0.0800667591879545,-0.014669865201185295,0.9966815774956937,1.805816736651991
0.9926197775872349,-0.09135923366755977,0.0797466100466277,9.543632117797955,0.08986101648366514,0.9957072238683136,0.022185878644476093,-2.333837391904188,-0.08143115401310633,-0.014856029219966442,0.996568269183407,1.8302994663473982
0.9923720695627584,-0.0928866427659557,0.08105453695819413,9.705538858417526,0.09133811779355407,0.995563106743074,0.022615971587586665,-2.3650741444931516,-0.08279563079495525,-0.015040089381390995,0.9964530535227211,1.8545723877322189
0.9921202441660198,-0.09441416202789067,0.0823616124816474,9.867521194014785,0.09281452278946639,0.9954166486007604,0.023048015246808863,-2.396057920250076,-0.08416017463230746,-0.015222049410743874,0.9963359901182842,1.8786355008063182
0.9918643393956746,-0.0959416740551279,0.08366782669204234,10.029579124589503,0.09429010372293448,0.9952678287409088,0.023481996241150434,-2.4267887191754998,-0.08552479297575986,-0.015401906514055137,0.9962170193654494,1.9024926202669548
0.991604413950846,-0.09746921854745846,0.08497330151584226,10.191712815745632,0.09576485024374226,0.9951165936395164,0.023917919551012138,-2.4572656020829893,-0.08688959758402029,-0.015579659760011473,0.9960961412642225,1.926139931417012
0.9913403711337556,-0.09899687320332824,0.08627790962986252,10.353937128853715,0.09723890045057451,0.9949630175210495,0.02435579249585689,-2.487492157817776,-0.08825447669836461,-0.015755309148605835,0.9959733558145992,1.949577434256632
0.9910723301154832,-0.10052427547779477,0.08758165859309576,10.516237036939486,0.0987119004475812,0.9948070969832358,0.024795572132474436,-2.517465736720526,-0.0896194079670956,-0.015928853748500282,0.9958487226212186,1.9728051287855237
0.9908001665498386,-0.10205178791580047,0.08888465608251493,10.678612540002916,0.10018417478106989,0.9946488354283475,0.02523731134695805,-2.547186338791237,-0.09098453295120436,-0.016100295422355332,0.9957221224748031,1.995823015003694
0.9905239771345886,-0.10357930346934062,0.09018678902442312,10.841063638043835,0.1016555853523202,0.9944881534568015,0.025680969553069755,-2.576653964030445,-0.09234971008967477,-0.016269624856951728,0.9955937341892764,2.0186349076084085
0.9902436496466178,-0.1051067824386238,0.09148816855184878,11.00359033106244,0.10312618221137165,0.9943251045926016,0.02612657633096282,-2.6058686124376162,-0.09371505859179424,-0.016436851365505954,0.9954633789507134,2.0412369919024016
0.989959296309042,-0.1066342541732095,0.09278867015076805,11.166192619058847,0.10459591530818578,0.9941596940108629,0.026574112025448494,-2.634830284012212,-0.09508046669885595,-0.01660196936008311,0.9953311163637504,2.0636254531884006
0.9896708635978586,-0.10816170832286592,0.09408829986478916,11.328870502032913,0.10606482434255252,0.9939919804107039,0.027023568005349614,-2.6635389787547705,-0.09644592696027607,-0.0167649788406745,0.9951970060330314,2.0858041061636783
0.9893784257375332,-0.1096892639869662,0.09538704560669042,11.491608787406648,0.10753298701291672,0.9938218032201166,0.027474961533003734,-2.6919929861918472,-0.09781143192545981,-0.01692587794466275,0.9950610479585582,2.1077729508278082
0.9890818826280205,-0.11121664496810943,0.09668491752303027,11.654422667758041,0.10900017887303741,0.9936493558346474,0.027928264340005355,-2.7201940167968885,-0.09917698904502373,-0.017084664809363447,0.9949231229310378,2.129531987181217
0.9887812929684389,-0.11274390131631827,0.09798190892330316,11.817312143087065,0.11046638957268175,0.9934745260311759,0.028383481388811586,-2.748142070569889,-0.1005425908683861,-0.01724134316008486,0.99478335015976,2.151081215223904
0.9884766239352488,-0.11427109173071132,0.0992780124701219,11.980277047790082,0.1119317762098766,0.9932973241599333,0.02884061397320978,-2.775838086696748,-0.10190822994494568,-0.0173959092715378,0.9946416700400802,2.172420634955728
0.9881679031768734,-0.11579815751216989,0.1005732355008737,12.143302520496576,0.11339615233703483,0.9931177398706886,0.02929966079941259,-2.8032784763316947,-0.10327390627472749,-0.017548368731656605,0.994498142176643,2.193546431679273
0.9878551772693509,-0.11732526440781789,0.10186744206120771,12.306403422577034,0.11485978210017377,0.9929358629132546,0.029760623143280478,-2.830466828320498,-0.10463950809898337,-0.017698714089855298,0.994352706964798,2.2144624200919623
0.9875383616379928,-0.1188523450694412,0.10316087729782693,12.469564727057133,0.11632252910175943,0.9927515603640468,0.030223518302996393,-2.857400493003823,-0.10600525148457353,-0.017846945346149633,0.9942054240092031,2.2351686001935036
0.9872174614579103,-0.1203793597972489,0.10445341604982582,12.632801460911338,0.1177844226913364,0.9925648857470672,0.030688322954701825,-2.8840821200404676,-0.10737103212336524,-0.017993060637885194,0.99405617410056,2.255661157286916
0.9868925682517607,-0.12190623954189056,0.10574506500769949,12.796098597165184,0.11924529542064391,0.9923758874112032,0.031155032135906126,-2.9105090597716323,-0.10873684256479747,-0.018137063690342462,0.9939050764481578,2.2759439060691804
0.9865635524982317,-0.12343314140139429,0.10703581273111579,12.959471162793164,0.12070544248641035,0.9921845325329154,0.031623666777641765,-2.9366839618561187,-0.11010268280883437,-0.018278950778242625,0.9937521310519991,2.296013031843316
0.9862305230181664,-0.12495976152993611,0.10832554355883026,13.122904130820757,0.12216445129365261,0.9919908280601628,0.03209417161892467,-2.962604176635125,-0.11146842619565903,-0.018418720038926275,0.9935972783074261,2.3158723493063036
0.9858934832138418,-0.12648643312289923,0.10961436516781063,13.286412528222485,0.12362268438732893,0.9917947722201021,0.03256659954583137,-2.988272353767451,-0.1128341844839293,-0.01855637333505337,0.993440518214451,2.3355180437611693
0.9855523536856766,-0.12801300943248742,0.11090228360166517,13.449981328023995,0.1250800347194352,0.9915963391371543,0.03304094192718469,-3.0136858435937626,-0.1141999651242443,-0.018691912529266292,0.9932819103777177,2.3549501152076147
0.9852071724323201,-0.1295394214093506,0.11218917909620443,13.613610530225145,0.126536374541486,0.9913955771602054,0.03351716313924567,-3.038844646114594,-0.11556564890733076,-0.018825333896264916,0.9931214547972159,2.3741723783429194
0.9848579601542407,-0.13106576745239815,0.11347517012184148,13.777299969222412,0.1279918212517329,0.9911924431154848,0.033995291468371866,-3.063749700515304,-0.11693134014129963,-0.018956639298704767,0.99295909186831,2.3931810184696687
0.9845046961509801,-0.1325918904636024,0.11476036263648104,13.941064837593757,0.1294462574519568,0.9909869698265309,0.03447532714513215,-3.088402717269334,-0.1182971654860385,-0.01908582314863892,0.9927948215910047,2.411976035588289
0.9841473959478755,-0.1341179475409912,0.11604451947769678,14.10488994276119,0.13089977119080076,0.9907791244698048,0.034957255246251144,-3.1128019859032445,-0.11966287907237458,-0.019212887308723996,0.9926286439652875,2.4305574296983607
0.9837860440195842,-0.13564381093609587,0.11732776796867078,14.268775284724711,0.13235227441960393,0.9905689450439614,0.035441068452257536,-3.136947506417034,-0.1210286001096105,-0.019337831778949075,0.9924606185958076,2.4489252007998843
