0.1412217766046524,0.10104478895664215,-0.9848077893257141,-142.74038696289062,-0.9899779558181763,0.014414164237678051,-0.14048424363136292,-5.024213790893555,-1.906089330816485e-08,0.9947774410247803,0.10206770896911621,55.103389739990234
0.14145752787590027,0.10220104455947876,-0.9846546053886414,-142.57647705078125,-0.9899415373802185,0.012234078720211983,-0.14094723761081696,-5.014440059661865,-0.002358612371608615,0.9946885108947754,0.10290365666151047,55.07478713989258
0.14169059693813324,0.10335767269134521,-0.9845003485679626,-142.41261291503906,-0.989899754524231,0.01005447655916214,-0.14141210913658142,-5.004563331604004,-0.004717391449958086,0.9945934414863586,0.10373836010694504,55.046016693115234
0.14192096889019012,0.10451478511095047,-0.984345018863678,-142.248779296875,-0.9898527264595032,0.007875385694205761,-0.1418788731098175,-4.994583606719971,-0.007076343055814505,0.9944921731948853,0.10457192361354828,55.0170783996582
0.14214842021465302,0.10567235201597214,-0.9841886162757874,-142.08499145507812,-0.9898003935813904,0.0056967949494719505,-0.1423472762107849,-4.984500408172607,-0.009435450658202171,0.9943847060203552,0.1054043248295784,54.987972259521484
0.14237315952777863,0.10683024674654007,-0.984031081199646,-141.92123413085938,-0.9897427558898926,0.0035187227185815573,-0.14281754195690155,-4.974313259124756,-0.011794700287282467,0.9942710399627686,0.10623543709516525,54.95869445800781
0.14259520173072815,0.10798856616020203,-0.9838724732398987,-141.75750732421875,-0.9896798729896545,0.0013411985710263252,-0.1432896852493286,-4.964021682739258,-0.014154079370200634,0.99415123462677,0.1070653647184372,54.92924880981445
0.14281430840492249,0.10914718359708786,-0.9837128520011902,-141.5938262939453,-0.9896117448806763,-0.000835807528346777,-0.1437634378671646,-4.953625202178955,-0.01651356928050518,0.9940252304077148,0.10789396613836288,54.899635314941406
0.14303071796894073,0.11030630767345428,-0.983552098274231,-141.43017578125,-0.989538311958313,-0.0030122222378849983,-0.14423906803131104,-4.943123817443848,-0.018873155117034912,0.9938930869102478,0.10872147232294083,54.86985397338867
0.1432444006204605,0.1114656925201416,-0.9833902716636658,-141.26657104492188,-0.9894595742225647,-0.005188065581023693,-0.1447165310382843,-4.932517051696777,-0.02123282104730606,0.9937547445297241,0.10954762995243073,54.83990478515625
0.14345525205135345,0.11262544244527817,-0.9832273721694946,-141.10299682617188,-0.9893755316734314,-0.007363323122262955,-0.14519572257995605,-4.921804428100586,-0.023592554032802582,0.9936102032661438,0.11037255078554153,54.809791564941406
0.14366339147090912,0.11378553509712219,-0.9830633997917175,-140.93946838378906,-0.9892862439155579,-0.009537981823086739,-0.14567676186561584,-4.910985946655273,-0.025952348485589027,0.9934595227241516,0.11119620501995087,54.779510498046875
0.1438688039779663,0.11494594812393188,-0.9828983545303345,-140.77597045898438,-0.9891917109489441,-0.011712007224559784,-0.14615963399410248,-4.900061130523682,-0.02831217274069786,0.9933027029037476,0.11201858520507812,54.749061584472656
0.14407148957252502,0.1161068007349968,-0.9827322363853455,-140.61251831054688,-0.9890918135643005,-0.01388538908213377,-0.14664433896541595,-4.889029502868652,-0.030672024935483932,0.9931396842002869,0.11283980309963226,54.718448638916016
0.14427132904529572,0.11726795136928558,-0.9825649857521057,-140.4490966796875,-0.9889866709709167,-0.01605813391506672,-0.14713075757026672,-4.877890586853027,-0.0330318845808506,0.9929704666137695,0.11365970969200134,54.68766784667969
0.14446833729743958,0.11842948943376541,-0.9823967218399048,-140.2857208251953,-0.9888762831687927,-0.018230225890874863,-0.1476188749074936,-4.866643905639648,-0.03539174422621727,0.9927951097488403,0.11447842419147491,54.65672302246094
0.14466270804405212,0.11959118396043777,-0.9822273850440979,-140.12237548828125,-0.9887605905532837,-0.020401639863848686,-0.14810892939567566,-4.855289459228516,-0.03775157034397125,0.9926135540008545,0.11529569327831268,54.6256103515625
0.1448541134595871,0.1207532286643982,-0.9820569753646851,-139.95907592773438,-0.9886396527290344,-0.022572381421923637,-0.14860054850578308,-4.843826770782471,-0.04011136293411255,0.9924258589744568,0.11611173301935196,54.59433364868164
0.1450427919626236,0.12191551178693771,-0.981885552406311,-139.79580688476562,-0.9885134100914001,-0.02474242076277733,-0.14909398555755615,-4.8322553634643555,-0.04247109591960907,0.9922320246696472,0.116926409304142,54.56289291381836
0.14522871375083923,0.1230781227350235,-0.9817129969596863,-139.63258361816406,-0.9883819222450256,-0.026911737397313118,-0.14958922564983368,-4.82057523727417,-0.04483076184988022,0.9920320510864258,0.11773983389139175,54.531288146972656
0.14541177451610565,0.12424104660749435,-0.9815393686294556,-139.46939086914062,-0.9882451295852661,-0.02908032201230526,-0.15008613467216492,-4.808785438537598,-0.0471903420984745,0.9918258190155029,0.11855199187994003,54.49951934814453
0.1455920934677124,0.1254042685031891,-0.9813647270202637,-139.30624389648438,-0.9881030917167664,-0.031248172745108604,-0.1505848467350006,-4.796885967254639,-0.04954983666539192,0.991613507270813,0.11936286836862564,54.467586517333984
0.14576953649520874,0.1265677809715271,-0.9811890125274658,-139.1431427001953,-0.9879558086395264,-0.03341526910662651,-0.15108522772789001,-4.784876823425293,-0.05190921574831009,0.9913949966430664,0.12017244100570679,54.435489654541016
0.1459442377090454,0.1277315467596054,-0.981012225151062,-138.98007202148438,-0.9878032207489014,-0.03558159992098808,-0.15158739686012268,-4.772757053375244,-0.054268475621938705,0.991170346736908,0.12098070979118347,54.403228759765625
0.14611630141735077,0.1288955807685852,-0.9808343052864075,-138.81704711914062,-0.9876453280448914,-0.03774712234735489,-0.15209145843982697,-4.760526657104492,-0.05662758648395538,0.9909394979476929,0.1217876449227333,54.37080383300781
0.14628547430038452,0.13005982339382172,-0.9806553721427917,-138.65406799316406,-0.9874822497367859,-0.03991185873746872,-0.15259717404842377,-4.748185157775879,-0.058986540883779526,0.9907025098800659,0.12259324640035629,54.338218688964844
0.1464519053697586,0.13122430443763733,-0.9804754257202148,-138.49111938476562,-0.9873138070106506,-0.04207577556371689,-0.15310466289520264,-4.735732078552246,-0.06134531646966934,0.9904593825340271,0.12339749187231064,54.30546951293945
0.14661556482315063,0.13238897919654846,-0.9802943468093872,-138.32821655273438,-0.9871401786804199,-0.04423888772726059,-0.15361391007900238,-4.723167419433594,-0.06370391696691513,0.9902101159095764,0.12420036643743515,54.272560119628906
0.14677634835243225,0.13355395197868347,-0.9801122546195984,-138.1653594970703,-0.9869612455368042,-0.04640115052461624,-0.15412481129169464,-4.710490703582764,-0.0660623162984848,0.9899547100067139,0.12500198185443878,54.23948669433594
0.1469343602657318,0.1347190886735916,-0.9799290895462036,-138.00254821777344,-0.9867770671844482,-0.048562563955783844,-0.15463747084140778,-4.697701454162598,-0.06842049211263657,0.9896931052207947,0.1258021891117096,54.20625305175781
0.14708960056304932,0.1358843892812729,-0.9797449111938477,-137.8397674560547,-0.9865875840187073,-0.0507231168448925,-0.1551518738269806,-4.6847991943359375,-0.07077842950820923,0.9894253611564636,0.12660099565982819,54.172855377197266
0.14724208414554596,0.13705004751682281,-0.979559600353241,-137.67703247070312,-0.9863928556442261,-0.05288275331258774,-0.15566803514957428,-4.671783924102783,-0.07313612103462219,0.9891514778137207,0.12739862501621246,54.13929748535156
0.14739179611206055,0.1382158249616623,-0.9793732762336731,-137.51434326171875,-0.9861928820610046,-0.05504149571061134,-0.15618593990802765,-4.658655166625977,-0.07549354434013367,0.9888715147972107,0.12819479405879974,54.1055793762207
0.14753860235214233,0.13938182592391968,-0.979185938835144,-137.35169982910156,-0.985987663269043,-0.05719936639070511,-0.15670546889305115,-4.645412445068359,-0.07785070687532425,0.9885852932929993,0.12898965179920197,54.07170104980469
0.14768275618553162,0.14054791629314423,-0.9789974689483643,-137.1890869140625,-0.9857771396636963,-0.05935630202293396,-0.15722684562206268,-4.632055282592773,-0.08020757883787155,0.9882930517196655,0.1297830194234848,54.037662506103516
0.1478240191936493,0.1417142003774643,-0.9788080453872681,-137.02651977539062,-0.9855613708496094,-0.06151232123374939,-0.15774984657764435,-4.618583679199219,-0.08256414532661438,0.9879946112632751,0.1305750459432602,54.00346374511719
0.1479625105857849,0.1428806483745575,-0.9786174893379211,-136.86399841308594,-0.9853403568267822,-0.06366738677024841,-0.1582745760679245,-4.604997158050537,-0.08492039144039154,0.9876900315284729,0.13136568665504456,53.9691047668457
0.14809821546077728,0.14404724538326263,-0.978425920009613,-136.70152282714844,-0.9851140975952148,-0.06582148373126984,-0.15880101919174194,-4.5912957191467285,-0.08727630227804184,0.9873793125152588,0.1321549266576767,53.93458938598633
0.14823101460933685,0.1452139914035797,-0.9782333374023438,-136.53909301757812,-0.9848825931549072,-0.06797462701797485,-0.15932907164096832,-4.577478408813477,-0.08963185548782349,0.9870625138282776,0.1329427808523178,53.8999137878418
0.14836104214191437,0.14638084173202515,-0.9780396819114685,-136.376708984375,-0.9846458435058594,-0.07012677192687988,-0.159858837723732,-4.563545227050781,-0.09198704361915588,0.9867395162582397,0.13372920453548431,53.86507797241211
0.14848826825618744,0.14754781126976013,-0.9778450131416321,-136.21437072753906,-0.9844037890434265,-0.07227793335914612,-0.16039031744003296,-4.549495697021484,-0.09434185922145844,0.9864104390144348,0.1345141977071762,53.83008575439453
0.14861272275447845,0.14871497452259064,-0.9776492714881897,-136.05206298828125,-0.9841565489768982,-0.07442804425954819,-0.16092351078987122,-4.535329818725586,-0.09669625759124756,0.986075222492218,0.13529786467552185,53.79493713378906
0.14873439073562622,0.1498822271823883,-0.9774525165557861,-135.88980102539062,-0.9839040040969849,-0.07657713443040848,-0.16145840287208557,-4.5210466384887695,-0.09905025362968445,0.9857338666915894,0.1360800713300705,53.75962829589844
0.14885327219963074,0.1510496437549591,-0.9772546887397766,-135.7275848388672,-0.9836462736129761,-0.0787251815199852,-0.16199500858783722,-4.506646156311035,-0.10140383988618851,0.9853863716125488,0.1368609219789505,53.72416305541992
0.148969367146492,0.15221711993217468,-0.9770558476448059,-135.56541442871094,-0.9833832383155823,-0.08087217062711716,-0.16253329813480377,-4.492128372192383,-0.10375697165727615,0.9850327968597412,0.13764028251171112,53.688541412353516
0.14908254146575928,0.1533847153186798,-0.9768559336662292,-135.40328979492188,-0.983115017414093,-0.08301810175180435,-0.16307316720485687,-4.477492332458496,-0.10610965639352798,0.9846730828285217,0.1384182572364807,53.65276336669922
0.14919304847717285,0.15455232560634613,-0.9766550064086914,-135.2412109375,-0.9828414916992188,-0.0851629450917244,-0.16361485421657562,-4.462738037109375,-0.10846187174320221,0.9843072891235352,0.13919472694396973,53.61682891845703
0.14930064976215363,0.1557200402021408,-0.9764530658721924,-135.0791778564453,-0.982562780380249,-0.08730671554803848,-0.16415809094905853,-4.4478654861450195,-0.11081361770629883,0.9839353561401367,0.13996976613998413,53.58073806762695
0.14940546452999115,0.1568879783153534,-0.9762500524520874,-134.9171905517578,-0.9822788238525391,-0.08944933861494064,-0.16470304131507874,-4.432873725891113,-0.11316484957933426,0.9835572838783264,0.14074350893497467,53.544490814208984
0.14950747787952423,0.1580558568239212,-0.9760460257530212,-134.7552490234375,-0.9819896221160889,-0.09159085154533386,-0.16524966061115265,-4.417762756347656,-0.1155155599117279,0.983173131942749,0.14151570200920105,53.508087158203125
0.14960670471191406,0.15922380983829498,-0.9758409857749939,-134.59335327148438,-0.9816952347755432,-0.09373121708631516,-0.16579794883728027,-4.40253210067749,-0.11786574125289917,0.9827829003334045,0.14228643476963043,53.47153091430664
0.14970313012599945,0.1603919118642807,-0.9756348729133606,-134.43150329589844,-0.9813955426216125,-0.09587040543556213,-0.1663479208946228,-4.387181282043457,-0.12021537125110626,0.9823865294456482,0.14305581152439117,53.434818267822266
0.14979664981365204,0.16155992448329926,-0.9754278063774109,-134.2696990966797,-0.9810906648635864,-0.09800848364830017,-0.1668994277715683,-4.371710300445557,-0.12256445735692978,0.9819840788841248,0.14382359385490417,53.397953033447266
0.14988738298416138,0.16272805631160736,-0.9752196669578552,-134.10794067382812,-0.9807805418968201,-0.1001453548669815,-0.1674526184797287,-4.356118679046631,-0.12491296231746674,0.9815754890441895,0.14458999037742615,53.360931396484375
0.14997541904449463,0.16389621794223785,-0.9750104546546936,-133.94622802734375,-0.9804652333259583,-0.10228107124567032,-0.16800759732723236,-4.3404059410095215,-0.12726092338562012,0.9811608791351318,0.14535488188266754,53.32375717163086
0.15006054937839508,0.16506443917751312,-0.9748002886772156,-133.78457641601562,-0.9801446795463562,-0.10441553592681885,-0.168564110994339,-4.3245720863342285,-0.12960824370384216,0.9807400703430176,0.1461183726787567,53.28643035888672
0.15014289319515228,0.166232630610466,-0.9745890498161316,-133.6229705810547,-0.9798188805580139,-0.10654880106449127,-0.16912227869033813,-4.308616638183594,-0.13195493817329407,0.980313241481781,0.14688032865524292,53.24894714355469
0.15022243559360504,0.16740089654922485,-0.9743767976760864,-133.46141052246094,-0.9794878363609314,-0.10868082195520401,-0.169682115316391,-4.292539119720459,-0.13430100679397583,0.9798803329467773,0.14764083921909332,53.21131134033203
0.15029917657375336,0.16856908798217773,-0.9741635322570801,-133.29989624023438,-0.9791516065597534,-0.11081159859895706,-0.17024359107017517,-4.276339530944824,-0.13664643466472626,0.9794412851333618,0.14839980006217957,53.17352294921875
0.15037313103675842,0.169737309217453,-0.9739492535591125,-133.138427734375,-0.97881019115448,-0.11294112354516983,-0.17080670595169067,-4.260017395019531,-0.13899119198322296,0.978996217250824,0.14915728569030762,53.135581970214844
0.1504441648721695,0.17090539634227753,-0.9737340211868286,-132.9770050048828,-0.9784635305404663,-0.11506935954093933,-0.17137135565280914,-4.243572235107422,-0.14133523404598236,0.9785450100898743,0.14991319179534912,53.09749221801758
0.15051241219043732,0.1720736175775528,-0.973517656326294,-132.8156280517578,-0.9781116843223572,-0.11719632148742676,-0.17193764448165894,-4.227003574371338,-0.14367862045764923,0.9780877828598022,0.1506677269935608,53.05924987792969
0.1505778580904007,0.17324182391166687,-0.9733003377914429,-132.65431213378906,-0.9777545928955078,-0.11932197213172913,-0.17250558733940125,-4.210311412811279,-0.14602130651474,0.9776244163513184,0.1514207422733307,53.02085494995117
0.15064051747322083,0.174409881234169,-0.9730820059776306,-132.4930419921875,-0.977392315864563,-0.12144633382558823,-0.17307515442371368,-4.193495750427246,-0.14836326241493225,0.9771550297737122,0.15217213332653046,52.9823112487793
0.1507003754377365,0.17557798326015472,-0.9728626608848572,-132.33181762695312,-0.9770248532295227,-0.1235693097114563,-0.17364636063575745,-4.176555633544922,-0.15070444345474243,0.9766795635223389,0.152922123670578,52.9436149597168
0.15075743198394775,0.17674590647220612,-0.9726423025131226,-132.17063903808594,-0.9766521453857422,-0.12569093704223633,-0.17421916127204895,-4.159491062164307,-0.15304484963417053,0.9761980772018433,0.15367043018341064,52.90476989746094
0.1508115828037262,0.1779138743877411,-0.9724209308624268,-132.00950622558594,-0.976274311542511,-0.1278112828731537,-0.17479351162910461,-4.142301559448242,-0.15538457036018372,0.9757104516029358,0.15441732108592987,52.86577606201172
0.15086306631565094,0.1790817379951477,-0.9721985459327698,-131.8484344482422,-0.9758911728858948,-0.1299302726984024,-0.17536960542201996,-4.12498664855957,-0.15772351622581482,0.975216805934906,0.15516261756420135,52.826629638671875
0.1509116291999817,0.18024960160255432,-0.9719752073287964,-131.68740844726562,-0.9755029082298279,-0.1320478320121765,-0.1759471893310547,-4.107546329498291,-0.16006162762641907,0.9747171401977539,0.15590645372867584,52.78733444213867
0.1509574055671692,0.181417316198349,-0.971750795841217,-131.52642822265625,-0.9751094579696655,-0.1341639906167984,-0.17652639746665955,-4.089980125427246,-0.16239891946315765,0.9742113351821899,0.1566486954689026,52.74789047241211
0.15100039541721344,0.1825850009918213,-0.9715253710746765,-131.36550903320312,-0.9747108221054077,-0.13627871870994568,-0.17710722982883453,-4.0722880363464355,-0.1647353619337082,0.9736995697021484,0.15738943219184875,52.70829772949219
0.1510404795408249,0.18375250697135925,-0.9712989926338196,-131.2046356201172,-0.9743069410324097,-0.13839207589626312,-0.1776895523071289,-4.054469585418701,-0.16707098484039307,0.9731817245483398,0.1581285446882248,52.668556213378906
0.1510777622461319,0.18491984903812408,-0.9710716605186462,-131.04380798339844,-0.9738979339599609,-0.14050401747226715,-0.17827346920967102,-4.036524295806885,-0.1694057732820511,0.9726578593254089,0.1588660180568695,52.62866973876953
0.15111227333545685,0.1860872060060501,-0.9708432555198669,-130.88302612304688,-0.9734837412834167,-0.1426144689321518,-0.17885901033878326,-4.018451690673828,-0.17173966765403748,0.9721279144287109,0.1596020758152008,52.5886344909668
0.151143878698349,0.18725445866584778,-0.9706138968467712,-130.72230529785156,-0.9730643630027771,-0.14472347497940063,-0.1794460564851761,-4.000251770019531,-0.17407268285751343,0.9715919494628906,0.16033656895160675,52.5484504699707
0.1511726826429367,0.1884216070175171,-0.9703834652900696,-130.56163024902344,-0.972639799118042,-0.14683102071285248,-0.18003471195697784,-3.981924057006836,-0.17640481889247894,0.9710499048233032,0.16106951236724854,52.508121490478516
0.1511985957622528,0.18958859145641327,-0.9701521396636963,-130.40101623535156,-0.9722100496292114,-0.14893709123134613,-0.1806248426437378,-3.963468551635742,-0.17873604595661163,0.9705018997192383,0.16180086135864258,52.467647552490234
0.15122172236442566,0.19075533747673035,-0.9699198007583618,-130.24044799804688,-0.9717751741409302,-0.1510416865348816,-0.18121656775474548,-3.9448845386505127,-0.1810663491487503,0.9699478149414062,0.16253051161766052,52.427024841308594
0.15124207735061646,0.19192202389240265,-0.9696864485740662,-130.07992553710938,-0.9713351130485535,-0.1531447321176529,-0.18180988729000092,-3.9261720180511475,-0.18339569866657257,0.9693877696990967,0.1632586568593979,52.38625717163086
0.151259645819664,0.19308853149414062,-0.9694520831108093,-129.91946411132812,-0.9708898663520813,-0.15524622797966003,-0.1824048012495041,-3.9073305130004883,-0.18572406470775604,0.96882164478302,0.16398519277572632,52.34534454345703
0.15127432346343994,0.1942548155784607,-0.9692167639732361,-129.75904846191406,-0.9704394340515137,-0.1573462188243866,-0.18300119042396545,-3.888359785079956,-0.18805144727230072,0.9682495594024658,0.16471010446548462,52.30428695678711
0.15128609538078308,0.19542111456394196,-0.9689804315567017,-129.59869384765625,-0.9699839353561401,-0.15944461524486542,-0.1835990846157074,-3.8692593574523926,-0.1903778463602066,0.9676714539527893,0.1654335856437683,52.263084411621094
0.15129521489143372,0.1965871900320053,-0.9687431454658508,-129.43838500976562,-0.9695231914520264,-0.16154137253761292,-0.18419866263866425,-3.850029230117798,-0.19270318746566772,0.9670873284339905,0.1661553978919983,52.221736907958984
0.15130145847797394,0.19775301218032837,-0.9685048460960388,-129.27813720703125,-0.9690573215484619,-0.16363660991191864,-0.18479971587657928,-3.8306689262390137,-0.19502754509449005,0.9664971828460693,0.16687555611133575,52.18024444580078
0.1513049155473709,0.19891870021820068,-0.9682655334472656,-129.11793518066406,-0.9685863256454468,-0.165730282664299,-0.18540236353874207,-3.811177968978882,-0.19735091924667358,0.9659010171890259,0.16759411990642548,52.13861083984375
0.15130560100078583,0.20008410513401031,-0.968025267124176,-128.95779418945312,-0.9681101441383362,-0.16782236099243164,-0.1860065758228302,-3.7915561199188232,-0.19967325031757355,0.9652988910675049,0.1683109849691391,52.096832275390625
0.15130339562892914,0.20124943554401398,-0.96778404712677,-128.79769897460938,-0.9676287770271301,-0.16991278529167175,-0.18661227822303772,-3.771803379058838,-0.20199449360370636,0.9646908044815063,0.16902637481689453,52.05491256713867
0.15129832923412323,0.20241455733776093,-0.9675418138504028,-128.63766479492188,-0.9671423435211182,-0.17200161516666412,-0.18721944093704224,-3.7519190311431885,-0.2043146938085556,0.9640766382217407,0.16974014043807983,52.012847900390625
0.15129047632217407,0.2035793513059616,-0.9672986268997192,-128.47767639160156,-0.9666507244110107,-0.17408879101276398,-0.1878281831741333,-3.731903076171875,-0.2066337913274765,0.9634565711021423,0.17045216262340546,51.97064208984375
0.1512797623872757,0.2047439068555832,-0.9670544862747192,-128.3177490234375,-0.9661540389060974,-0.1761743426322937,-0.18843837082386017,-3.7117550373077393,-0.20895178616046906,0.9628304839134216,0.17116253077983856,51.92829513549805
