1.0000000218394804,3.233339991330673e-09,-3.856223090847877e-09,0.0,3.233339991330673e-09,0.9999999431933096,-8.049085194379489e-10,0.0,-3.856223090847877e-09,-8.049085194379489e-10,0.9999999746777734,0.0
0.9999995317298418,0.0004780253539336532,-0.0008415026100030976,0.1657122152950592,-0.00047998349180284223,0.9999971830008655,-0.002321525881135146,0.013471871070924735,0.0008403828173795952,0.0023219282343475145,0.9999969184832846,0.011750098687620891
0.9999981218043077,0.0009541785912831058,-0.0016840627593162072,0.3314109508244485,-0.0009619804609566638,0.9999887333665073,-0.004642625054493357,0.026835312937720346,0.0016796130882123783,0.004644235770696614,0.9999877996824237,0.02367030831593553
0.9999958048027482,0.0014284301721924075,-0.0025278043738034828,0.4971112335624639,-0.0014460024259405832,0.999974710200435,-0.006963286448083161,0.04009248047368352,0.0025177905048604787,0.006966911857145874,0.9999725706771967,0.035759087063830464
0.9999925428563401,0.0019005666612019745,-0.0033726965338719272,0.6627981035228458,-0.0019317986057963603,0.9999550229298373,-0.009283516917033467,0.05324074674724244,0.0033548964837077366,0.009289961775172773,0.9999512282951434,0.048017969879211364
0.9999882957387576,0.002370792079356976,-0.004218617087908744,0.8284870440255077,-0.002419598695316709,0.9999297010158721,-0.011603280364933218,0.06628179457349148,0.004190807827294626,0.011613350548311363,0.9999237600030726,0.06044920284254118
0.9999831348889892,0.002839111444641107,-0.005065659492319546,0.9941777327011323,-0.002909409028846909,0.9998988055701922,-0.013922561197031261,0.07921515189408623,0.005025622061467616,0.013937065022835815,0.9998902353075103,0.07304898430581375
0.9999770668765326,0.0033052880594213185,-0.00591370087572142,1.1598552095634886,-0.0034009556561360667,0.9998623029229018,-0.016241371260336247,0.09203819177744776,0.005859196207947573,0.016261110760527386,0.9998505816838491,0.08581884921694893
0.9999700355583361,0.003769563572757484,-0.006762950904666026,1.3255345015868727,-0.0038945209449072005,0.9998201677366115,-0.01855966740938597,0.10475306909687987,0.006691768207786386,0.01858544798794093,0.9998048805621892,0.09875725575482619
0.9999620674976173,0.00423190701910503,-0.007613170716022105,1.4912006487851102,-0.004390052222228017,0.9997723958025841,-0.020877434744861628,0.11735715692080362,0.007523080685845646,0.02091006396664813,0.9997530475167562,0.11186573886734408
0.9999531594476831,0.0046922143441952,-0.008464465061207238,1.6568683557632085,-0.004887446225348699,0.9997189723902404,-0.023194673706515727,0.12985213806417484,0.00835324632068235,0.02323495626602018,0.9996950932954185,0.1251389550854114
0.9999433251137058,0.005150594002403697,-0.009316807676048533,1.8225229849042535,-0.0053868209688386,0.9996599733418121,-0.02551136822995099,0.14223585765376434,0.00918223374731622,0.025560108140978588,0.9996310751209444,0.13858224100491867
0.9999325616418431,0.005607028086980215,-0.010170181389314026,1.9881796301706913,-0.005888161700876762,0.9995953965529302,-0.027827481045028437,0.15450999850459723,0.010010035768865541,0.027885489597612667,0.9995609912315038,0.15219404793153757
0.9999208804390505,0.006061533154835708,-0.011024711122147784,2.153822942218852,-0.006391468421461057,0.9995251240090258,-0.03014301884481986,0.1666719336850253,0.010836763560372817,0.030211097064702763,0.9994847945268845,0.16597211603839668
0.9999081908499088,0.0065139729694312365,-0.011880256548290447,2.319468404368621,-0.006896631533499368,0.9994492568897198,-0.03245796809174665,0.1787233460101465,0.011662276629489071,0.03253692392393753,0.9994024706091125,0.17991869140595185
0.9998946203466956,0.006964361445082723,-0.012736901856924665,2.485100667276356,-0.007403619450220669,0.9993677972993803,-0.03477232573820849,0.1906616085483126,0.01248668173223659,0.03486296125796279,0.9993140880338639,0.19403151420733167
0.9998801178685808,0.007412894305351969,-0.013594429205251946,2.6507351472737923,-0.007912676618241184,0.9992807135875124,-0.03708603427279732,0.20248887617289668,0.013309729457986558,0.03718915528121369,0.9992195645321245,0.20831283739619977
0.9998646531345523,0.007859240331574036,-0.014453022496680845,2.8163564950173168,-0.008423434242029345,0.9991880184652944,-0.039399126584234875,0.21420252195225054,0.014131640114849103,0.039515539977904524,0.9991189788906057,0.22276040114567053
0.9998483067428143,0.008303640032113258,-0.01531257585712098,2.9819798044693187,-0.008936134685072544,0.9990896865953366,-0.041711557386115525,0.22580422870140104,0.014952270618642127,0.04184206445708588,0.9990123202462481,0.23737265676142982
0.999830970608707,0.008746054923433277,-0.016173180213645277,3.147590048655502,-0.009450780030495213,0.9989857727761865,-0.044023319020896005,0.2372918415470444,0.015771744404673424,0.04416872517760878,0.9988995979284927,0.2521511460645911
0.999812683070016,0.009186388754431007,-0.01703483436725467,3.3132023885264346,-0.009967229094433924,0.9988762032699801,-0.046334400164321936,0.24866657124593416,0.016590042559955304,0.04649551329094115,0.9987806919791855,0.26709431348762536
0.9997935201453378,0.009624750549829919,-0.01789750565371323,3.478801797107735,-0.010485606225805015,0.9987610539189494,-0.048644796868043814,0.2599262629247683,0.01740714230531995,0.04882241761075662,0.9986557787995581,0.2822037008516318
0.9997734020137576,0.010061005194758721,-0.01876120178144547,3.6443882743994607,-0.011005787075692856,0.9986403057837777,-0.050954487796125686,0.27107091658354676,0.018223029361587678,0.05114942204153938,0.9985247393453895,0.2974793081566318
0.9997523454223023,0.010495292755515528,-0.019625881549826585,3.809976981352122,-0.011527889658666236,0.9985139187964969,-0.053263456623779445,0.2821017429790196,0.01903770201045621,0.05347650846714136,0.9983876293069148,0.312919579835075
0.9997303032836471,0.01092771291370287,-0.02049157173580851,3.9755528909913664,-0.012052025654947233,0.9983819076876852,-0.05557166304388902,0.2930165872378865,0.0198511351244718,0.05580363670109173,0.9982443915139775,0.32852605770808907
0.9997073595019752,0.011357998690576743,-0.02135820441649572,4.141115680947934,-0.012577942200450623,0.9982443546976478,-0.0578791207667111,0.3038149773017995,0.020663320094761503,0.05813082664666297,0.998095078915013,0.3442949401276749
0.9996835285429224,0.011786319673082524,-0.022225813651548743,4.306680834541652,-0.013105757309745617,0.9981011038482156,-0.06018580080938512,0.3144985959858584,0.02147423296801454,0.06045803843454628,0.9979396950046635,0.3602284731742955
0.9996586893939461,0.012212621771352516,-0.023094353323250383,4.472232935440786,-0.013635473065959058,0.9979523279525049,-0.06249171161062681,0.32506528841668647,0.022283871181157197,0.0627852813593992,0.9977782350510871,0.376324403894273
0.99963295620659,0.01263681634733338,-0.023963932435193014,4.63777243999084,-0.014166969371393473,0.9977978942653671,-0.06479682364555209,0.335514582536085,0.02309233536726897,0.06511253830186903,0.9976107102384398,0.39258652018919094
0.9996062697261103,0.013058995469577894,-0.02483442499806965,4.803299025822554,-0.014700357906273215,0.9976378765246656,-0.06710111797484597,0.3458460062857043,0.023899481812184112,0.06743977734630557,0.9974370477222035,0.4090110204110644
0.9995786873187109,0.013479165990672115,-0.02570582649820452,4.968828176255727,-0.015235615501303217,0.9974722157231156,-0.06940458353464148,0.3560612424806422,0.024705312119621153,0.0697669828102187,0.9972573069568251,0.42560015064032797
0.9995501164934439,0.013897333451418525,-0.026578335557901456,5.134344474958652,-0.015772773743247974,0.9973009729723699,-0.07170719236239946,0.3661581362475257,0.025510060470354826,0.07209414663540537,0.9970715083216597,0.4423516579233322
0.9995206436575477,0.014313480895646435,-0.02745170815690956,5.299847988919396,-0.016311801045344125,0.9971241461680594,-0.0740089329159551,0.3761362155280814,0.026313433390254395,0.07442124809254175,0.9968796866969265,0.4592655353868693
0.9994902672732691,0.014727477010803014,-0.028326062129747198,5.465338785126107,-0.016852579393020047,0.9969417163708684,-0.07630984205362266,0.38599500826403066,0.027115580831012148,0.07674830814445954,0.9966816744201689,0.47634177615771733
0.999458883091918,0.015139576599800364,-0.02920124996541773,5.630831957541204,-0.01739534689854328,0.9967536603477755,-0.07860983814084183,0.3957361972704021,0.027916333736220808,0.07907527068868991,0.9964776960264965,0.4935788315415621
0.9994266510194483,0.015549534971723844,-0.03007739002178411,5.796312479190362,-0.017939857032173018,0.9965600034361696,-0.08090895434797156,0.4053576276738937,0.028715825492870897,0.08140214585200001,0.9962675839071495,0.5109782433595171
0.9993934050493709,0.01595746800388298,-0.030954452099023477,5.961780417061675,-0.018486238309079295,0.996360762470998,-0.08320714958672105,0.41485882741623037,0.029514028195647177,0.08372890676557332,0.9960513948810841,0.5285400047383675
0.9993592589656171,0.016363359500570773,-0.03183242361573457,6.127235381797789,-0.019034459142493635,0.996155935347892,-0.0855044070009008,0.4242397964973392,0.030310915190520926,0.08605554011175554,0.9958291276574032,0.5462603209033432
0.9993241996354656,0.01676708978215924,-0.0327112963948295,6.292677896732243,-0.019584416269668066,0.9959455052319036,-0.08780074134233071,0.4334995908007446,0.03110650280434564,0.08838203570101566,0.9956008413146751,0.5641429728827987
0.9992881784506644,0.01716879016120121,-0.03359104485952358,6.458107961865096,-0.02013622137082496,0.9957294910623486,-0.0900961020424444,0.4426382103264448,0.031900751086328574,0.090708372570522,0.9953664133934972,0.582187960676734
0.999251254110332,0.0175684389011872,-0.03447166942379898,6.62352525482703,-0.020689866028490485,0.9955078296232057,-0.09239050595742919,0.45165518301609175,0.03269365401373098,0.09303454546082329,0.9951259637714782,0.600391482637157
0.9992133785618416,0.017966044041867413,-0.03535325896546593,6.788944802592368,-0.02124535866013648,0.9952806431377798,-0.09468389722593352,0.46055266374298576,0.033485321372664606,0.09536050860883544,0.9948794416502308,0.6187519969429545
0.9991745947225867,0.018361609176416493,-0.03623570657431041,6.9543521015204135,-0.021802676096470578,0.9950478114871336,-0.09697629062102041,0.4693275535173491,0.03427561394512749,0.09768627662527984,0.9946268360603864,0.6372748264436083
0.9991348566333191,0.018755116797343874,-0.037119088764298036,7.1197467622537545,-0.022361841506785714,0.9948094526858361,-0.09926767453680048,0.4779798523391108,0.03506464130244359,0.10001184381678929,0.9943681548525503,0.6559561763643345
0.999094205118054,0.019146579088894278,-0.03800329882164033,7.285128784792391,-0.022922816969968424,0.9945654487193175,-0.10155801949087231,0.48650956020826897,0.03585226444139873,0.1023371639950445,0.9941034469950732,0.6747960467051257
0.9990525774705161,0.019535847991487998,-0.038888401529165284,7.450498303112539,-0.02348550764074286,0.9943158986628307,-0.10384733390071087,0.4949157330082734,0.03663859465161916,0.10466225984117944,0.9938326592173382,0.6937944237195737
0.9990100537164586,0.019923187442014267,-0.039774292266462785,7.615855317214198,-0.024050141130775034,0.9940607202760702,-0.1061355735320936,0.5031983707391259,0.037423503887049556,0.10698708180524363,0.9935558407024838,0.7129513074076712
0.9989666037797078,0.02030834589697239,-0.04066106307254169,7.7811998270973675,-0.02461645190728376,0.9937999979037094,-0.1084227657630535,0.5113574734008228,0.038207070130565055,0.10931165569649437,0.9932729409764746,0.7322666977694254
0.9989222056766538,0.020691444565330563,-0.04154884181253071,7.946531966738263,-0.02518461065777239,0.9935336893734109,-0.11070885366943273,0.5193920968768175,0.03898943045228978,0.111635924140286,0.9929839731587267,0.7517405810584137
0.9988768859705144,0.02107246801184548,-0.04243733834846175,8.111851736136884,-0.02575456470930863,0.9932617925808059,-0.11299383414778222,0.52730224116711,0.039770327477085324,0.11395988123063372,0.9926889673976177,0.771372957274636
0.9988306537868539,0.021451421777319624,-0.04332668998679723,8.277158812923915,-0.026326314061890774,0.9929843686375474,-0.11527768925786533,0.5350874342133487,0.04054985014498569,0.11628351890933447,0.9923879377812793,0.7911600247701003
0.9987834631664239,0.02182830565260918,-0.04421698037190147,8.442453653444915,-0.026899881884811763,0.9927012974246974,-0.1175604000178833,0.5427472039573349,0.04132810802731485,0.11860681472876217,0.9920808329743545,0.8111055714463831
0.9987353862388395,0.022203000927693672,-0.045107959203388504,8.607735868342445,-0.027475103824917503,0.9924126822262457,-0.1198419991411346,0.550281550398994,0.04210485405304913,0.1209297883586814,0.9917676872126993,0.831205802528693
0.9986863478326309,0.022575629572004985,-0.04599985161884179,8.773005913961981,-0.028052144235362658,0.992118480869855,-0.12212242020194164,0.5576900014801236,0.04288030564653421,0.12325238983611603,0.9914484636786638,0.8514645059186208
0.9986363504340274,0.022946275063025823,-0.04689255007534032,8.938263467934291,-0.028631106378897177,0.991818764989021,-0.12440170220546526,0.5649720851423776,0.04365434271754358,0.12557464804445656,0.9911232711730947,0.871877879968153
0.9985854865003256,0.023314730441327036,-0.04778611578053127,9.103493503285051,-0.02921172263961276,0.9915134461152992,-0.1266797534736086,0.572125646512454,0.044427060635365084,0.127896486852434,0.990791936223414,0.8924474664984245
0.998533641691969,0.02368111462607292,-0.04868043510778408,9.268711503334032,-0.029794127867028397,0.9912025410836374,-0.1289566130115314,0.5791523684054507,0.045198336317122945,0.1302179090379098,0.9904546269238244,0.9131755115898841
0.9984808859270187,0.024045412942483857,-0.04957562314440067,9.433917145711973,-0.030378328395489654,0.9908860477896673,-0.1312322512943507,0.5860517787630215,0.04596825246532463,0.1325389161065687,0.9901112951651259,0.9340582135945397
0.9984272043722262,0.02440761549611903,-0.05047153922629444,9.599110430418904,-0.03096429472135633,0.9905640252406728,-0.13350664727838307,0.5928238775851646,0.046736705746172696,0.13485949409422282,0.9897618665971156,0.9550955725123913
0.9983726046322285,0.02476773391990328,-0.05136827495619278,9.764291424442888,-0.03155202684462699,0.9902364755410219,-0.13577980831829484,0.599468192813605,0.047503770276362156,0.13717961184850946,0.9894064704536925,0.9762875814702312
0.9983171201060039,0.02512563995155137,-0.05226568631238493,9.929459805414638,-0.03214141308508212,0.9899033207441134,-0.13805167438648253,0.6059842523899945,0.04826933777329574,0.1394992375914227,0.9890449721225821,0.9976304388200603
0.9982606106428289,0.025481463374275926,-0.05316402318010649,10.094616029679685,-0.03273258195788692,0.9895646387965487,-0.14032229811339722,0.6123715842561328,0.04903363232842123,0.14181841792430744,0.9886775170780333,1.0191279324634692
0.9982032392241633,0.025835193324028616,-0.0540631562124263,10.259745070263648,-0.03332552296244383,0.9892203685866742,-0.14259162157580385,0.6186280335387195,0.049796487425344566,0.14413710902368027,0.9883039722134566,1.0407816042215572
0.9981449323176403,0.02618683306022085,-0.054962938028841224,10.424861564783527,-0.03392021501258648,0.9888705712261421,-0.14485964796211567,0.6247557551109786,0.05055780575300707,0.14645528059632962,0.9879244422422201,1.0625861174984337
0.9980857148305491,0.02653636334529086,-0.05586357909215511,10.58996603657289,-0.03451667286013169,0.9885152446105832,-0.14712630874228663,0.6307538048564361,0.05131780944670597,0.14877288967792318,0.9875388888409893,1.084545253322453
0.9980255515851342,0.026883792552752084,-0.05676484796351833,10.755058096274354,-0.03511485224962159,0.988154329732713,-0.1493916092303415,0.6366221827750174,0.052076217507363604,0.15108993540930982,0.9871473481808806,1.1066552169188455
0.9979644636779534,0.027229010337684656,-0.05766696751184153,10.920137810875985,-0.03571470892558775,0.987787929876523,-0.1516556473750043,0.6423604168084491,0.05283329739944534,0.15340651898861862,0.9867497232939071,1.128916001414396
0.997902460071797,0.027572267491538405,-0.0585697892888013,11.08519060974902,-0.03631643466170787,0.9874159016900534,-0.15391832837348277,0.647965880025227,0.053588868450641966,0.15572252480740717,0.9863461187838729,1.1513329365318015
0.9978395775666975,0.027913283338810047,-0.05947342648474674,11.250231130510372,-0.03691977025954688,0.9870383864208926,-0.15617959319725055,0.6534407272985785,0.05434306169965808,0.15803792174641257,0.9859365462645098,1.1739006856751502
0.997775703916477,0.028252199846956927,-0.06037774033254406,11.415259440148105,-0.0375248653204449,0.9866553440010725,-0.15843945030626758,0.6587844865702301,0.055095753848830115,0.1603527102186605,0.9855208716626832,1.1966192419712414
0.9977109069458181,0.028589013974124278,-0.061282834166058286,11.580260511687925,-0.038131711426926375,0.9862667744305926,-0.16069788703183588,0.66399500296688,0.05584702781545332,0.16266686057747293,0.9850992853335143,1.2194901472411885
0.997645214346015,0.028923619737443396,-0.06218856503139891,11.745249439092277,-0.03874016739512987,0.9858726018672215,-0.16295494133755759,0.6690739593035548,0.05659676092316701,0.16498041365585425,0.984671652774293,1.2425118527906633
0.997578639249789,0.029256101592417316,-0.0630949477997711,11.910225899991872,-0.03935033648780337,0.9854729590561068,-0.1652105710723367,0.674020883521905,0.05734493684511768,0.16729334580897492,0.9842380354284236,1.265680556971681
0.9975110912595704,0.02958649117840917,-0.06400217511913153,12.075190350732157,-0.03996226504353245,0.9850677911986998,-0.1674647277294903,0.6788353035637282,0.058091789547292286,0.16960559387295843,0.9837983931447049,1.2890000476858106
0.9974426558172955,0.029914657943329814,-0.0649101172273987,12.240127764338865,-0.04057581821280352,0.9846570793556849,-0.16971743872953302,0.683515064555726,0.058837160469125585,0.17191718622230595,0.9833527725266522,1.3124718667541657
0.9973732316993034,0.03024070461063655,-0.0658187823016605,12.405052845417003,-0.041191116093311636,0.9842408382576411,-0.17196868932064477,0.6880618493128488,0.05958107497591959,0.17422811231722468,0.9829011144956974,1.336090670707641
0.9973029715997619,0.03056454008979692,-0.06672810156875775,12.569950566992247,-0.04180800066624628,0.9838190552783571,-0.17421845633352842,0.6924735029617981,0.060323472462531114,0.17653835154514474,0.9824435318306014,1.359858001367357
0.9972317642209694,0.030886257209827406,-0.06763801382221146,12.7348364458785,-0.042426606781125885,0.9833918041556964,-0.1764667292463439,0.6967514722885326,0.06106425949276237,0.17884787940208546,0.9819798984162289,1.3837761013771654
0.9971596293349818,0.031205875977166286,-0.06854869345884973,12.899710092718323,-0.04304693443794676,0.9829590279867423,-0.178713459552405,0.7008957572929795,0.061803628770020366,0.181156663876533,0.9815103519814469,1.4078411759622753
0.9970865562953075,0.03152337867517918,-0.06946003524785471,13.064556547525541,-0.04366898363671089,0.9825207246671258,-0.18095863041676633,0.7049037310435651,0.0625414765309321,0.18346467682749407,0.9810347618940659,1.4320547600705993
0.9970125855331107,0.031838662580408794,-0.07037197671733342,13.229390870768498,-0.044292627945375945,0.9820768794662678,-0.18320227978178347,0.7087773123844521,0.0632777836477221,0.18577192879476145,0.9805532415793806,1.456415308444413
0.9969376823080855,0.032151696271048635,-0.07128477130773936,13.394198102461019,-0.04491790528505426,0.9816276082943686,-0.18544435280642635,0.7125138743840633,0.06401274841696056,0.18807842300232214,0.9800657571237167,1.480924356031636
0.9968619061050528,0.03246274673425553,-0.0721981905027338,13.558993269577371,-0.04554498426012972,0.9811727699038373,-0.18768477156533633,0.7161155719156991,0.06474612506503129,0.190384057159388,0.9795722850804824,1.505580361011134
0.9967851704385242,0.03277158470594532,-0.07311218820573062,13.723761412131353,-0.046173666762580515,0.9807124507437173,-0.1899236498643453,0.7195797780477857,0.06547793744504103,0.19268892968622664,0.9790728207200063,1.5303848583308266
0.9967074981392363,0.03307829823479569,-0.07402688809510183,13.888517234728027,-0.04680407080697427,0.9802466634402193,-0.19216096028293758,0.7229081755952738,0.06620824313204351,0.19499303154872993,0.9785673767321291,1.5553325045216013
0.9966289330730591,0.03338290428539015,-0.07494214152609846,14.0532461332445,-0.04743615847219697,0.9797753510904262,-0.19439665227378533,0.7260983736558,0.06693693276950255,0.19729630108870605,0.9780559977829355,1.580428632742759
0.9965494875870116,0.033685280896709635,-0.07585816231914855,14.217962745297712,-0.04806985599913884,0.9792984968593896,-0.19663069629076252,0.72915252710259,0.06766422978144207,0.1995987058816155,0.9775387058111623,1.6056679063983879
0.9964690835859447,0.033985445234068656,-0.0767748221951412,14.38265253375286,-0.048705142301634384,0.978816222970416,-0.1988631324018397,0.7320677729750056,0.06838999238678639,0.20190028910440816,0.9770153678197842,1.631055651774581
0.9963877843485847,0.03428348133468262,-0.07769199387822434,14.54733013622689,-0.0493421269767808,0.9783284219307778,-0.20109388476478143,0.7348462661462722,0.06911409425778248,0.20420098221700234,0.9764861505025426,1.6565865322754334
0.9963055801600906,0.03457929907762658,-0.078609773397738,14.711980592733596,-0.04998067725818652,0.9778352012332016,-0.2033229955094429,0.7374853796848164,0.0698366262675544,0.20650079446612374,0.9759509438772584,1.6822620828488581
