-0.05440746620297432,0.1649044156074524,-0.9848077893257141,-142.74038696289062,-0.9985188245773315,-0.008985428139567375,0.05366035923361778,4.683014392852783,-8.918438254568173e-08,0.9862686395645142,0.1651490479707718,58.2574577331543
-0.05584854260087013,0.16348707675933838,-0.9849634170532227,-142.5931396484375,-0.998437225818634,-0.011131742969155312,0.054764844477176666,4.615903854370117,-0.002011015312746167,0.9864826798439026,0.16385327279567719,58.29738235473633
-0.05728653073310852,0.1620662957429886,-0.9851155877113342,-142.44606018066406,-0.998349666595459,-0.013276396319270134,0.05587195232510567,4.548503398895264,-0.004023824818432331,0.9866905808448792,0.1625593900680542,58.33738708496094
-0.058721523731946945,0.16064222157001495,-0.9852643609046936,-142.29913330078125,-0.9982561469078064,-0.015419396571815014,0.05698177590966225,4.480813026428223,-0.00603850232437253,0.9868922233581543,0.16126753389835358,58.377471923828125
-0.060153502970933914,0.15921474993228912,-0.985409677028656,-142.15235900878906,-0.9981566667556763,-0.017560718581080437,0.05809430778026581,4.412833213806152,-0.008055031299591064,0.9870877861976624,0.15997759997844696,58.417633056640625
-0.061582569032907486,0.1577838957309723,-0.9855515360832214,-142.0057373046875,-0.9980511665344238,-0.019700365141034126,0.05920964106917381,4.3445634841918945,-0.010073397308588028,0.9872771501541138,0.15868960320949554,58.45787048339844
-0.06300857663154602,0.15634968876838684,-0.9856899380683899,-141.85926818847656,-0.9979397058486938,-0.021838301792740822,0.060327641665935516,4.276004314422607,-0.012093585915863514,0.9874603152275085,0.15740357339382172,58.49818420410156
-0.06443151831626892,0.15491214394569397,-0.9858249425888062,-141.71295166015625,-0.9978222846984863,-0.023974504321813583,0.061448294669389725,4.207155227661133,-0.014115577563643456,0.9876372814178467,0.15611951053142548,58.53857421875
-0.0658513605594635,0.15347115695476532,-0.9859564900398254,-141.56680297851562,-0.9976989030838013,-0.02610895223915577,0.06257158517837524,4.138016700744629,-0.016139358282089233,0.9878081679344177,0.15483732521533966,58.579036712646484
-0.06726820766925812,0.15202699601650238,-0.9860845804214478,-141.42080688476562,-0.9975695610046387,-0.028241658583283424,0.06369759887456894,4.068588733673096,-0.01816491037607193,0.9879727959632874,0.15355727076530457,58.61957550048828
-0.06868191808462143,0.15057942271232605,-0.9862092137336731,-141.27496337890625,-0.9974342584609985,-0.03037257120013237,0.06482621282339096,3.9988715648651123,-0.020192215219140053,0.9881312251091003,0.15227912366390228,58.660186767578125
-0.07009246945381165,0.149128720164299,-0.9863303899765015,-141.12928771972656,-0.9972929954528809,-0.032501690089702606,0.06595740467309952,3.9288651943206787,-0.022221261635422707,0.9882835149765015,0.1510031372308731,58.700870513916016
-0.07149997353553772,0.1476745307445526,-0.9864481687545776,-140.9837646484375,-0.9971457123756409,-0.03462899476289749,0.06709127873182297,3.858569622039795,-0.024252036586403847,0.988429605960846,0.14972899854183197,58.74162292480469
-0.07290439307689667,0.1462172269821167,-0.9865624308586121,-140.83840942382812,-0.9969925284385681,-0.03675449267029762,0.06822781264781952,3.78798508644104,-0.02628452330827713,0.9885694980621338,0.14845705032348633,58.782447814941406
-0.07430572062730789,0.14475660026073456,-0.9866732954978943,-140.69320678710938,-0.996833324432373,-0.038878146559000015,0.06936698406934738,3.717111587524414,-0.028318697586655617,0.988703191280365,0.14718708395957947,58.823341369628906
-0.0757039338350296,0.14329268038272858,-0.9867807030677795,-140.5481719970703,-0.9966682195663452,-0.04099993407726288,0.07050878554582596,3.645949125289917,-0.03035455010831356,0.9888307452201843,0.14591911435127258,58.86430358886719
-0.07709900289773941,0.14182545244693756,-0.9868846535682678,-140.40328979492188,-0.9964970946311951,-0.04311984032392502,0.07165320217609406,3.574497938156128,-0.03239206224679947,0.988952100276947,0.14465315639972687,58.90533447265625
-0.07849080115556717,0.1403549760580063,-0.9869851469993591,-140.25857543945312,-0.9963200688362122,-0.045237842947244644,0.07280008494853973,3.502758264541626,-0.03443122282624245,0.9890672564506531,0.1433892399072647,58.946434020996094
-0.07987954467535019,0.1388813704252243,-0.9870821833610535,-140.11402893066406,-0.9961370825767517,-0.04735394939780235,0.0739496573805809,3.430729866027832,-0.036472007632255554,0.9891762137413025,0.14212749898433685,58.98759841918945
-0.08126508444547653,0.13740453124046326,-0.9871757626533508,-139.96963500976562,-0.995948076248169,-0.04946812987327576,0.07510178536176682,3.3584132194519043,-0.03851441293954849,0.9892789721488953,0.14086781442165375,59.02882766723633
-0.0826474130153656,0.13592448830604553,-0.9872658848762512,-139.82540893554688,-0.9957531690597534,-0.05158035457134247,0.07625645399093628,3.2858080863952637,-0.040558405220508575,0.9893755316734314,0.13961023092269897,59.07012176513672
-0.08402662724256516,0.13444124162197113,-0.9873525500297546,-139.6813507080078,-0.9955523014068604,-0.05369063466787338,0.07741375267505646,3.2129147052764893,-0.042603980749845505,0.9894659519195557,0.13835473358631134,59.111480712890625
-0.08540257811546326,0.13295495510101318,-0.9874357581138611,-139.53746032714844,-0.9953455328941345,-0.055798932909965515,0.0785735473036766,3.13973331451416,-0.04465112090110779,0.9895501136779785,0.13710148632526398,59.15290451049805
-0.08677537739276886,0.13146550953388214,-0.9875155091285706,-139.3937225341797,-0.9951327443122864,-0.05790526419878006,0.07973594218492508,3.0662639141082764,-0.04669981822371483,0.9896281361579895,0.13585038483142853,59.19438934326172
-0.08814488351345062,0.1299729347229004,-0.9875918030738831,-139.25015258789062,-0.9949139952659607,-0.06000956892967224,0.08090079575777054,2.992506742477417,-0.04875004291534424,0.9896999001502991,0.134601429104805,59.23593521118164
-0.08951107412576675,0.12847712635993958,-0.9876646399497986,-139.10675048828125,-0.9946893453598022,-0.06211183965206146,0.08206810802221298,2.918461799621582,-0.05080179125070572,0.9897655248641968,0.1333545297384262,59.27754211425781
-0.09087416529655457,0.12697821855545044,-0.9877339601516724,-138.96351623535156,-0.9944587349891663,-0.06421208381652832,0.08323807269334793,2.8441290855407715,-0.05285503715276718,0.9898248910903931,0.13210982084274292,59.319210052490234
-0.09223390370607376,0.12547610700130463,-0.987799882888794,-138.82044982910156,-0.9942222237586975,-0.06631026417016983,0.08441045880317688,2.7695090770721436,-0.05490977317094803,0.9898781180381775,0.13086719810962677,59.360939025878906
-0.09359050542116165,0.12397094815969467,-0.9878623485565186,-138.67755126953125,-0.9939797520637512,-0.0684063658118248,0.08558547496795654,2.694601535797119,-0.056965962052345276,0.9899251461029053,0.1296267956495285,59.40272521972656
-0.09494371712207794,0.12246275693178177,-0.9879213571548462,-138.53482055664062,-0.9937313199043274,-0.07050036638975143,0.08676285296678543,2.6194067001342773,-0.059023600071668625,0.9899659156799316,0.1283886432647705,59.4445686340332
-0.09629375487565994,0.12095153331756592,-0.9879768490791321,-138.3922576904297,-0.993476927280426,-0.07259228825569153,0.08794282376766205,2.5439248085021973,-0.06108267977833748,0.9900005459785461,0.12715274095535278,59.48646926879883
-0.09764035791158676,0.11943720281124115,-0.988028883934021,-138.24986267089844,-0.9932166337966919,-0.0746820718050003,0.0891251340508461,2.468156099319458,-0.06314318627119064,0.990028977394104,0.12591899931430817,59.52842712402344
-0.0989837497472763,0.11791988462209702,-0.9880774617195129,-138.10763549804688,-0.9929503798484802,-0.07676972448825836,0.0903099998831749,2.3921003341674805,-0.06520509719848633,0.9900511503219604,0.1246875524520874,59.57044219970703
-0.10032378882169724,0.11639948934316635,-0.9881225824356079,-137.965576171875,-0.9926782250404358,-0.07885522395372391,0.0914972797036171,2.315757989883423,-0.06726839393377304,0.990067183971405,0.12345829606056213,59.612510681152344
-0.10166045278310776,0.11487603187561035,-0.9881643056869507,-137.8236846923828,-0.9924001693725586,-0.08093853294849396,0.0926869735121727,2.239129066467285,-0.06933305412530899,0.990077018737793,0.12223124504089355,59.654632568359375
-0.10299385339021683,0.1133495345711708,-0.9882025122642517,-137.68197631835938,-0.9921161532402039,-0.08301964402198792,0.09387916326522827,2.1622138023376465,-0.07139905542135239,0.9900805950164795,0.12100641429424286,59.696807861328125
-0.1043238416314125,0.11182001978158951,-0.988237202167511,-137.54043579101562,-0.9918261766433716,-0.08509855717420578,0.09507372975349426,2.085012197494507,-0.07346641272306442,0.9900780320167542,0.11978383362293243,59.739036560058594
-0.1056504026055336,0.11028750240802765,-0.9882684946060181,-137.39906311035156,-0.9915303587913513,-0.08717524260282516,0.09627063572406769,2.0075244903564453,-0.07553510367870331,0.9900692701339722,0.11856350302696228,59.781314849853516
-0.10697363317012787,0.10875199735164642,-0.9882963299751282,-137.2578582763672,-0.9912285804748535,-0.08924970775842667,0.0974699929356575,1.9297508001327515,-0.07760509848594666,0.9900543093681335,0.11734545230865479,59.82364273071289
-0.10829351097345352,0.10721351951360703,-0.9883207082748413,-137.11683654785156,-0.990920901298523,-0.0913219004869461,0.09867177903652191,1.8516912460327148,-0.07967637479305267,0.9900330901145935,0.11612968891859055,59.86602020263672
-0.10961002856492996,0.10567209869623184,-0.9883415699005127,-136.97598266601562,-0.9906072616577148,-0.09339183568954468,0.09987597167491913,1.773345947265625,-0.08174892514944077,0.9900057315826416,0.11491623520851135,59.908447265625
-0.11092303693294525,0.10412764549255371,-0.9883589744567871,-136.83529663085938,-0.9902877807617188,-0.0954594537615776,0.1010824590921402,1.694715142250061,-0.08382272720336914,0.9899721741676331,0.11370497941970825,59.950923919677734
-0.11223264038562775,0.10258039832115173,-0.9883729815483093,-136.69479370117188,-0.9899623394012451,-0.09752478450536728,0.1022913008928299,1.615799069404602,-0.0858977735042572,0.9899324178695679,0.11249618977308273,59.993446350097656
-0.11353882402181625,0.10103026032447815,-0.988383412361145,-136.55445861816406,-0.9896309971809387,-0.09958779811859131,0.10350250452756882,1.536597728729248,-0.08797404915094376,0.989886462688446,0.11128976196050644,60.03601837158203
-0.11484156548976898,0.0994771420955658,-0.9883904457092285,-136.414306640625,-0.9892937541007996,-0.1016484722495079,0.10471604764461517,1.4571113586425781,-0.09005153179168701,0.9898342490196228,0.11008558422327042,60.078636169433594
-0.11614096164703369,0.09792115539312363,-0.988394021987915,-136.27432250976562,-0.9889506101608276,-0.10370683670043945,0.10593202710151672,1.3773401975631714,-0.09213022887706757,0.9897758960723877,0.10888379067182541,60.121299743652344
-0.11743687093257904,0.09636221826076508,-0.9883940815925598,-136.134521484375,-0.988601565361023,-0.1057627871632576,0.10715031623840332,1.2972842454910278,-0.09421007335186005,0.989711344242096,0.10768429189920425,60.164005279541016
-0.11872928589582443,0.09480036795139313,-0.9883907437324524,-135.99488830566406,-0.9882466197013855,-0.10781634598970413,0.10837089270353317,1.2169437408447266,-0.09629107266664505,0.9896405935287476,0.10648709535598755,60.206756591796875
-0.12001830339431763,0.09323570877313614,-0.9883838891983032,-135.85543823242188,-0.9878857731819153,-0.10986752808094025,0.10959385335445404,1.1363189220428467,-0.09837323427200317,0.9895636439323425,0.10529234260320663,60.249549865722656
-0.12130378186702728,0.09166815876960754,-0.9883735775947571,-135.71617126464844,-0.9875190258026123,-0.11191630363464355,0.11081906408071518,1.0554099082946777,-0.10045653581619263,0.9894804954528809,0.10409992188215256,60.29238510131836
-0.1225857064127922,0.09009774774312973,-0.988359808921814,-135.5770721435547,-0.9871464371681213,-0.11396259814500809,0.1120465099811554,0.974216878414154,-0.10254091769456863,0.9893912076950073,0.10290985554456711,60.33525848388672
-0.12386417388916016,0.08852459490299225,-0.9883425831794739,-135.4381561279297,-0.9867679476737976,-0.11600645631551743,0.11327628046274185,0.89274001121521,-0.10462638735771179,0.9892956614494324,0.10172227770090103,60.378173828125
-0.125139057636261,0.08694861829280853,-0.9883219003677368,-135.29942321777344,-0.9863835573196411,-0.11804784834384918,0.1145082488656044,0.8109795451164246,-0.1067129373550415,0.9891939163208008,0.10053708404302597,60.42112731933594
-0.12641043961048126,0.08536993712186813,-0.988297700881958,-135.16087341308594,-0.9859933257102966,-0.12008678168058395,0.11574249714612961,0.7289355993270874,-0.10880056023597717,0.9890860319137573,0.09935440868139267,60.4641227722168
-0.1276783049106598,0.08378846198320389,-0.988270103931427,-135.02249145507812,-0.9855971932411194,-0.12212319672107697,0.11697902530431747,0.6466083526611328,-0.11088921129703522,0.9889718890190125,0.09817415475845337,60.50715255737305
-0.12894265353679657,0.08220420032739639,-0.9882389903068542,-134.88429260253906,-0.9851951599121094,-0.12415711581707001,0.11821780353784561,0.5639980435371399,-0.11297889798879623,0.9888516068458557,0.09699632972478867,60.55022048950195
-0.13020344078540802,0.08061718195676804,-0.9882044196128845,-134.74627685546875,-0.9847872853279114,-0.1261884868144989,0.11945883184671402,0.4811047911643982,-0.11506958305835724,0.9887251257896423,0.09582095593214035,60.593326568603516
-0.13146068155765533,0.07902731001377106,-0.9881663918495178,-134.6084442138672,-0.9843735694885254,-0.12821732461452484,0.12070208787918091,0.3979288339614868,-0.11716128140687943,0.9885924458503723,0.09464792907238007,60.63646697998047
-0.1327141970396042,0.07743485271930695,-0.9881249070167542,-134.47079467773438,-0.9839539527893066,-0.13024358451366425,0.12194741517305374,0.3144703805446625,-0.11925394088029861,0.9884535670280457,0.09347750246524811,60.67964172363281
-0.13396424055099487,0.0758395567536354,-0.9880799055099487,-134.3333282470703,-0.9835284948348999,-0.13226726651191711,0.12319505959749222,0.2307296097278595,-0.121347576379776,0.9883085489273071,0.09230945259332657,60.72285079956055
-0.13521066308021545,0.07424158602952957,-0.9880315065383911,-134.196044921875,-0.9830971956253052,-0.13428835570812225,0.1244448646903038,0.1467067301273346,-0.1234421357512474,0.9881572723388672,0.09114391356706619,60.76609420776367
-0.13645333051681519,0.07264097779989243,-0.9879796504974365,-134.05894470214844,-0.9826600551605225,-0.13630682229995728,0.12569670379161835,0.062401942908763885,-0.12553763389587402,0.9879998564720154,0.08998090773820877,60.80936813354492
-0.13769257068634033,0.07103769481182098,-0.9879242777824402,-133.92202758789062,-0.982217013835907,-0.13832269608974457,0.12695088982582092,-0.022184565663337708,-0.12763404846191406,0.9878362417221069,0.0888204425573349,60.8526725769043
-0.1389281451702118,0.06943167746067047,-0.9878655076026917,-133.78529357910156,-0.9817681908607483,-0.14033593237400055,0.12820720672607422,-0.10705257952213287,-0.12973138689994812,0.9876664876937866,0.08766242116689682,60.8960075378418
-0.14016012847423553,0.06782292574644089,-0.9878032207489014,-133.64874267578125,-0.9813134670257568,-0.14234650135040283,0.1294657289981842,-0.1922018975019455,-0.13182957470417023,0.9874905347824097,0.08650685101747513,60.93937301635742
-0.1413884162902832,0.06621160358190536,-0.9877374768257141,-133.5123748779297,-0.9808529019355774,-0.14435437321662903,0.13072633743286133,-0.27763229608535767,-0.13392862677574158,0.9873083829879761,0.08535388112068176,60.98276901245117
-0.14261308312416077,0.0645977035164833,-0.9876682758331299,-133.37619018554688,-0.9803865551948547,-0.14635957777500153,0.13198910653591156,-0.36334359645843506,-0.13602851331233978,0.9871200323104858,0.08420351147651672,61.02619171142578
-0.14383400976657867,0.06298115104436874,-0.9875956177711487,-133.2401885986328,-0.9799143075942993,-0.14836205542087555,0.13325391709804535,-0.4493355453014374,-0.13812923431396484,0.9869255423545837,0.08305564522743225,61.06964111328125
-0.1450512856245041,0.061361826956272125,-0.9875195622444153,-133.1043701171875,-0.9794362783432007,-0.15036185085773468,0.13452088832855225,-0.5356079339981079,-0.14023081958293915,0.9867249131202698,0.08191017806529999,61.11311721801758
-0.14626477658748627,0.05974000692367554,-0.9874399900436401,-132.96875,-0.9789524674415588,-0.15235888957977295,0.13578985631465912,-0.6221605539321899,-0.14233317971229553,0.9865180850028992,0.08076737076044083,61.156620025634766
-0.14747470617294312,0.05811556056141853,-0.987356960773468,-132.83331298828125,-0.9784627556800842,-0.15435320138931274,0.13706104457378387,-0.7089931964874268,-0.1444363296031952,0.9863050580024719,0.07962710410356522,61.20014572143555
-0.1486809253692627,0.0564885288476944,-0.9872704744338989,-132.69805908203125,-0.9779672622680664,-0.1563446968793869,0.13833433389663696,-0.7961056232452393,-0.14654020965099335,0.9860858917236328,0.07848940789699554,61.24369812011719
-0.14988332986831665,0.054858941584825516,-0.9871805906295776,-132.56300354003906,-0.9774659276008606,-0.158333420753479,0.13960956037044525,-0.8834975957870483,-0.1486448496580124,0.9858605265617371,0.07735428959131241,61.28727340698242
-0.1510820984840393,0.053226787596940994,-0.9870871901512146,-132.42813110351562,-0.9769588112831116,-0.16031937301158905,0.14088694751262665,-0.9711688756942749,-0.15075023472309113,0.9856290221214294,0.076221764087677,61.33087158203125
-0.1522771120071411,0.05159210041165352,-0.9869903326034546,-132.29344177246094,-0.9764459133148193,-0.16230250895023346,0.1421663761138916,-1.0591192245483398,-0.15285634994506836,0.98539137840271,0.07509185373783112,61.37449264526367
-0.15346848964691162,0.04995500668883324,-0.9868900179862976,-132.15895080566406,-0.9759271740913391,-0.16428282856941223,0.1434479057788849,-1.1473485231399536,-0.1549631506204605,0.9851475358009338,0.0739646852016449,61.41813278198242
-0.1546560674905777,0.048315420746803284,-0.9867862462997437,-132.02464294433594,-0.9754026532173157,-0.16626031696796417,0.14473143219947815,-1.2358564138412476,-0.15707063674926758,0.9848974943161011,0.07284015417098999,61.4617919921875
-0.1558399498462677,0.046673230826854706,-0.9866790175437927,-131.89053344726562,-0.9748722910881042,-0.1682349443435669,0.14601707458496094,-1.3246427774429321,-0.15917880833148956,0.9846413731575012,0.07171816378831863,61.505470275878906
-0.15702001750469208,0.04502859339118004,-0.9865683913230896,-131.75660705566406,-0.9743362069129944,-0.170206680893898,0.14730465412139893,-1.4137072563171387,-0.1612876057624817,0.9843790531158447,0.07059884816408157,61.54916763305664
-0.158196359872818,0.04338151216506958,-0.9864542484283447,-131.6228790283203,-0.9737942814826965,-0.17217552661895752,0.14859430491924286,-1.5030497312545776,-0.16339702904224396,0.9841105937957764,0.06948220729827881,61.5928840637207
-0.1593688428401947,0.041731901466846466,-0.9863366484642029,-131.4893341064453,-0.9732466340065002,-0.17414145171642303,0.1498858779668808,-1.5926698446273804,-0.16550707817077637,0.9838359355926514,0.06836815923452377,61.63661575317383
-0.160537451505661,0.04007991403341293,-0.9862156510353088,-131.35598754882812,-0.9726932048797607,-0.17610445618629456,0.15117934346199036,-1.6825673580169678,-0.16761772334575653,0.9835551977157593,0.06725681573152542,61.680362701416016
-0.16170240938663483,0.0384255051612854,-0.9860911965370178,-131.2228240966797,-0.9721339344978333,-0.17806456983089447,0.15247492492198944,-1.7727421522140503,-0.16972897946834564,0.9832682609558105,0.06614820659160614,61.724124908447266
-0.16286344826221466,0.03676864877343178,-0.9859632849693298,-131.08985900878906,-0.9715689420700073,-0.18002167344093323,0.15377238392829895,-1.8631938695907593,-0.17184075713157654,0.98297518491745,0.06504222750663757,61.76790237426758
-0.16402067244052887,0.03510943800210953,-0.9858319163322449,-130.95709228515625,-0.970998227596283,-0.1819758415222168,0.15507179498672485,-1.9539222717285156,-0.1739531010389328,0.9826760292053223,0.06393900513648987,61.81169509887695
-0.16517408192157745,0.03344779461622238,-0.9856970906257629,-130.8245086669922,-0.9704217314720154,-0.18392696976661682,0.15637315809726715,-2.0449271202087402,-0.17606595158576965,0.9823706746101379,0.06283843517303467,61.855499267578125
-0.16632364690303802,0.03178372606635094,-0.9855588674545288,-130.69212341308594,-0.9698394536972046,-0.18587511777877808,0.15767645835876465,-2.1362080574035645,-0.1781793236732483,0.9820591807365417,0.06174053996801376,61.899314880371094
-0.1674693524837494,0.030117368325591087,-0.9854171276092529,-130.5599365234375,-0.9692514538764954,-0.18782030045986176,0.15898166596889496,-2.2277650833129883,-0.1802932322025299,0.9817415475845337,0.0606454461812973,61.94314193725586
-0.16861116886138916,0.02844863384962082,-0.9852719902992249,-130.42794799804688,-0.9686576724052429,-0.1897624135017395,0.1602887660264969,-2.3195977210998535,-0.18240760266780853,0.9814177751541138,0.05955304950475693,61.98698043823242
-0.1697492152452469,0.02677762508392334,-0.9851233959197998,-130.296142578125,-0.968058168888092,-0.19170154631137848,0.1615978330373764,-2.411705732345581,-0.18452247977256775,0.9810879230499268,0.05846348777413368,62.03083038330078
