1.0000000241153333,-2.9570993854600573e-09,1.2581246766618648e-08,0.0,-2.9570993854600573e-09,1.0000000154139317,2.3439844623142413e-10,0.0,1.2581246766618648e-08,2.3439844623142413e-10,1.0000000335941244,0.0
0.9999985585520054,-0.0010914623018265478,0.0013159954425676357,0.14201796458920057,0.001094378924174463,0.9999969430120677,-0.0022202493228024715,0.05899977915722365,-0.0013135578101196033,0.0022216866723076267,0.9999966949324889,-0.06426115147344547
0.9999941417055979,-0.0021798891011720473,0.0026344434375797365,0.28387295964472514,0.0021915676158364462,0.9999877509496782,-0.004439027141672316,0.11829817799411924,-0.0026247152191071488,0.004444774914888261,0.9999867187352406,-0.12857623795849094
0.9999868594209531,-0.003265377612016694,0.003955189681410259,0.42558001214089813,0.0032916528692730792,0.999972444293852,-0.006656333484365583,0.17789436631863653,-0.003933338042686418,0.0066692651541404024,0.9999700120779832,-0.19294777569683674
0.9999766353727635,-0.00434791222096087,0.00527836777779539,0.5671397264841005,0.004394630487867776,0.9999510220311697,-0.008872148917542984,0.237787868000237,-0.005239519260677478,0.00889513801449704,0.9999467338924768,-0.25737199808762057
0.9999634770194522,-0.005427597565182685,0.0066039432147294574,0.708552128261573,0.005500593465934115,0.9999234301177274,-0.011086475420310096,0.2979791591697998,-0.006543245013365562,0.0111223963808047,0.9999167690887095,-0.3218489094154151
0.9999473820864293,-0.00650428975118332,0.007931888491732125,0.8498171918860464,0.006609407891665114,0.9998897201652232,-0.013299276963302535,0.35846776369644573,-0.007844484702614896,0.013351001521853312,0.999880122271588,-0.38637850539564766
0.9999284084732116,-0.007577984671520738,0.009262190233376488,0.99093494294479,0.0077210556430331164,0.9998498917682879,-0.015510528557264695,0.41925415771105357,-0.009143248023601308,0.015580932919790014,0.9998367956808025,-0.45096079031289094
0.9999064819156036,-0.008648651615046354,0.010594971949872745,1.1318909588698602,0.008835525083877884,0.9998039431027679,-0.017720215418578215,0.48033869527513495,-0.010439613192650188,0.0178121712677497,0.9997868895037628,-0.5155894813245965
0.9998816488468286,-0.00971639622755116,0.011929939264585437,1.2726996366419598,0.009952901768989282,0.9997518798438025,-0.019928335973243127,0.5417205461963,-0.01173333113833247,0.020044716314452593,0.9997302717298608,-0.5802708569887329
0.9998538657564843,-0.010781082174769557,0.013267339616244544,1.4133615934610475,0.011073062945855201,0.9996936942894133,-0.022134851116190037,0.6033994724094489,-0.013024621204248021,0.022278526345174576,0.9996669613603855,-0.6450011528467243
0.999823173280682,-0.011842689290216563,0.01460690402768769,1.5538618023528272,0.012195986295863298,0.9996293852234974,-0.024339745443459574,0.6653763041066325,-0.01431323334824125,0.024513586651603747,0.9995970638696068,-0.7097778526568845
0.9997895840365876,-0.012901332986444441,0.015948975949427596,1.6942159202852451,0.013321772729677685,0.999558899210202,-0.026543017953934538,0.7276502110961398,-0.015599486964141929,0.026749903339338466,0.999520461312815,-0.7745997103446101
0.9997530360275511,-0.013956972948217516,0.017293188112173064,1.8344082774967205,0.014450406414569383,0.9994823532554095,-0.028744655818799304,0.7902217855042424,-0.01688302417236845,0.028987452660447555,0.9994372151886387,-0.8394679698422038
0.9997136109996307,-0.015009612233942232,0.018639747961842867,1.9744545309551995,0.015581858546009455,0.9993996279210303,-0.030944633190610908,0.8530901971392302,-0.0181640701818907,0.031226210575553415,0.9993472907606027,-0.9043813850750837
0.9996712523148199,-0.016059223972706232,0.019988637191930614,2.114339653686386,0.016716124927391943,0.9993108410236822,-0.03314292612926025,0.9162562761931525,-0.019442600400145005,0.03346616314226614,0.9992507515285934,-0.9693374398015493
0.9996259616344294,-0.017105788287904322,0.021339861433167212,2.2540786598709133,0.017853190679628216,0.9992158719091746,-0.0353395205663971,0.9797189544085212,-0.020718599996689985,0.035707288146512695,0.9991475361152585,-1.0343386481210075
0.9995777358842677,-0.018149175892780922,0.0226933631858367,2.3936565097409073,0.018992907011821332,0.9991148327189838,-0.03753439094044884,1.0434788239119461,-0.02199203823949661,0.03794955260796373,0.9990376541488271,-1.0993824916494646
0.9995266092065732,-0.019189606769030032,0.024049024651901396,2.5330738460835676,0.020135497110332655,0.999007675692397,-0.03972753820508504,1.1075361227692069,-0.023262784868032738,0.040192968810677576,0.9989211253543839,-1.1644652102129314
0.9994725547176302,-0.02022693798249031,0.025406950154021835,2.6723456702859494,0.02128082706334191,0.9988943332057095,-0.04191893827726676,1.1718895446573745,-0.02453095624964241,0.0424375090434177,0.9987979322632714,-1.2295893157685214
0.9994155790005748,-0.02126116133601197,0.02676711194184217,2.8114569681674197,0.022428881991763124,0.998774923886271,-0.04410855977734522,1.2365401578339394,-0.02579650816078838,0.044683137939171,0.9986680795222377,-1.2947522942168277
0.9993556843921043,-0.02229237602929729,0.02812951925931148,2.950407726934287,0.02357975117013473,0.998649393487495,-0.04629641386463259,1.3014877242334615,-0.02705945610137847,0.04692986833161106,0.9985316260178946,-1.359954143415564
0.9992928907658422,-0.023320435192284217,0.029493992995557494,3.089197933792974,0.024733300686661703,0.9985177934183955,-0.048482454423335916,1.3667320057905012,-0.028319637204345105,0.04917765674180685,0.9983884808730649,-1.4251948612224226
0.9992271864926121,-0.024345456513089447,0.030860669436516136,3.227843245711398,0.025889634694964466,0.9983800107267602,-0.05066670281840994,1.4322721723133496,-0.02957715528277738,0.05142651532213549,0.9982387421358877,-1.4904732015628355
0.9991585639761982,-0.02536730230472517,0.03222950274373415,3.3663286229216283,0.02704861184368839,0.9982360972269696,-0.05284909791203659,1.4981088159286156,-0.030832009064688748,0.05367639079988862,0.9980822966129403,-1.5557866460527947
0.9990870084511249,-0.02638594797184346,0.033600615727770344,3.5046540654236367,0.02821023213282551,0.998086111219281,-0.05502963793980123,1.564241936636301,-0.032084286729367084,0.05592727527945507,0.9979192446087892,-1.6211351946923216
0.9990124937613087,-0.02740161380375239,0.03497385622850668,3.642819573217423,0.029374692233494957,0.997930004942982,-0.05720832304464966,1.6306715344364058,-0.03333384791942462,0.05817917920782467,0.9977494907334026,-1.686518847481409
0.9989351076847727,-0.028414048361248168,0.0363493486557053,3.7808251207157753,0.030541755033917657,0.9977678241319461,-0.0593851217039873,1.6973971331980495,-0.03458081309348898,0.06043205292760645,0.9975731350235599,-1.7519376001354559
0.9988548248650349,-0.029423473779323306,0.03772692988013157,3.9186713507058926,0.03171163208430271,0.9975995210254596,-0.06156001052601807,1.7644189709870135,-0.03582504202806569,0.06268589586337925,0.9973901443604827,-1.8173876924804944
0.9987716358310905,-0.030429641201952518,0.03910657658275804,4.056358250394197,0.03288405556103349,0.9974250818410367,-0.0637329663813779,1.8317368097378575,-0.03706650291997915,0.06494066256746234,0.997200462214406,-1.8828691223742169
0.9986854942776469,-0.031432764643896494,0.04048830725148289,4.193885806987026,0.03405925933294208,0.9972445183343261,-0.06590401158869114,1.899350411385143,-0.03830518801550656,0.06719638132195727,0.9970042063585538,-1.94838188767433
0.9985964305451188,-0.03243258655901793,0.041872188614960504,4.331254007690745,0.03523698721255348,0.9970578758338338,-0.06807309068527534,1.9672595378634297,-0.039541193046818635,0.06945299389256543,0.9968013051848245,-2.0139259862385614
0.9985044783759435,-0.033429333958786556,0.0432580930315028,4.468462865299017,0.03641745494668407,0.9968651069842144,-0.07024020462480542,2.035464427238157,-0.04077438768643654,0.07171051562904729,0.996591719632111,-2.0795014202091764
0.9984096129475172,-0.034422867310530125,0.04464612943649063,4.605512984218194,0.03760052118396994,0.9966662635998488,-0.07240533595304235,2.1039646033787873,-0.04200487353820975,0.07396890428110547,0.9963755523283536,-2.1451044229853196
0.9983118954198708,-0.035413168293448094,0.0460362753104982,4.7424043644482765,0.03878618268147471,0.9964613444646336,-0.07456844666153215,2.1727600662853197,-0.04323264573465929,0.0762281341180171,0.9961527466098944,-2.210734994566991
0.9982112152534892,-0.03640035385816309,0.04742849919750658,4.879121966221305,0.03997452776006989,0.9962502961427151,-0.07672952809463349,2.241851408084366,-0.04445767065751227,0.07848820206003804,0.9959232473094957,-2.276390616570211
0.9981075709733843,-0.0373842747959664,0.04882279877264703,5.015680816511605,0.04116543738703845,0.9960331105267504,-0.07888857903623409,2.311237798583874,-0.045679917842526174,0.08074909823104348,0.9956871756854421,-2.3420738052366517
0.9980010779787889,-0.038364913726633976,0.05021915111669292,5.15208153251919,0.042358867878780106,0.9958099058387226,-0.08104556891742495,2.380918999718747,-0.04689940661310596,0.08301079705779768,0.9954444751410225,-2.407780796107758
0.997891688489422,-0.03934237735487178,0.05161754115506381,5.288324107847245,0.0435549340714099,0.9955805683156835,-0.08320050436701662,2.4508948924562635,-0.04811609875128642,0.0852732861905885,0.9951951482004509,-2.4735115881123804
0.9977794025363375,-0.040316644161472626,0.053017947167935564,5.424393509124599,0.04475361364629357,0.995345156257889,-0.08535333249746513,2.521166187955756,-0.04932998670795355,0.08753653936311978,0.994939138066176,-2.5392636639376747
0.9976641639123833,-0.04128771123790964,0.05442035869344797,5.560304756928787,0.04595488752773586,0.9951036097436115,-0.08750406656638095,2.591731936992452,-0.05054103840837634,0.08980054853405717,0.9946765673590093,-2.605039538754184
0.9975460068628212,-0.04225542913094227,0.055824857135035016,5.696057838466174,0.04715864087961441,0.9948560396982243,-0.08965265192181611,2.662591901500914,-0.05174937290153389,0.0920652660147594,0.9944073620135823,-2.670839210419622
0.9974250375816026,-0.043219908191297396,0.057231206097019566,5.831638343962453,0.048364929975375275,0.9946023327641481,-0.09179910535019974,2.733746673608093,-0.052954736014204945,0.09433070272896993,0.9941315616139579,-2.7366563982337198
0.9973010631447848,-0.044181133006701345,0.05863950256467243,5.967060670398297,0.04957377198336723,0.9943425476470071,-0.09394340236312568,2.8051954231215968,-0.054157201201964655,0.09659684098730026,0.9938491499201121,-2.8024973807544455
0.9971742399934765,-0.04513908525635357,0.060049825942423446,6.102310407999397,0.05078513485613227,0.9940766831306976,-0.09608552550637084,2.876938742168379,-0.055356907975290276,0.0988636550590275,0.9935600532014095,-2.8683558772815374
0.9970445367741834,-0.046093859095865275,0.061462084257522864,6.237402570946472,0.051999118550704805,0.9938047444849939,-0.09822549845759634,2.948975562490949,-0.05655371510648738,0.10113116826466295,0.993264407727525,-2.934234401914395
0.9969118732256971,-0.047045326188936754,0.06287635397481986,6.3723227622587615,0.053215599837749886,0.9935267240079133,-0.10036322152221712,3.021306714281696,-0.057747699807681574,0.10339929112570156,0.9929621402600436,-3.000126676095043
0.9967763667773084,-0.04799347796772191,0.0642925972079629,6.507085366123363,0.054434549912757854,0.9932426212940888,-0.10249871499203203,3.093931129282792,-0.05893887418789712,0.10566802976178369,0.9926532571429734,-3.066038976239156
0.9966379286068608,-0.04893840858783194,0.06571071043389304,6.641675972765967,0.05565607197570146,0.9929524416132952,-0.10463198807099008,3.166849399621187,-0.06012707984209656,0.10793740749342062,0.9923377757110786,-3.1319650216464794
0.9964965917602135,-0.04987998233022939,0.06713077596310146,6.776094575789756,0.0568800288718234,0.9926561772635534,-0.10676301545995069,3.2400614062641617,-0.06131243561841898,0.11020737893175125,0.9920156821816026,-3.197904811245863
0.9963523591291337,-0.050818191165378335,0.0685527782876876,6.910356822567451,0.05810640572203571,0.9923538869504833,-0.10889172114198988,3.3135661404709262,-0.06249491933814916,0.11247788229774314,0.9916870395858054,-3.263857097355981
0.9962052576594445,-0.051753132447296624,0.06997657792330889,7.044447046535879,0.05933529180089011,0.9920455164274997,-0.11101814326851275,3.3873642538841118,-0.06367439953571513,0.11474894144748082,0.9913517504111212,-3.3298231244447294
0.9960552633281436,-0.05268468267081383,0.07140226702410685,7.178365864895028,0.06056656063611263,0.9917310588033593,-0.11314225654037344,3.461455508438619,-0.06485097794885958,0.11702052814591846,0.9910098596609853,-3.395799128053511
0.9959023439821352,-0.053612920579267476,0.07282973763569409,7.312112641254487,0.061800297305647726,0.9914105780534606,-0.1152640619112362,3.5358397851013876,-0.06602451321599478,0.11929264802417883,0.9906614458466745,-3.4617888694274654
0.9957466010237243,-0.05453784207902235,0.07425906131785426,7.4457036529805976,0.06303649532361134,0.9910840138507052,-0.11738350472915836,3.610516075131968,-0.0671951205228209,0.12156525507092397,0.9903063761166281,-3.527787338569013
0.9955879166859269,-0.055459445939622154,0.07569024922109574,7.5791232303117795,0.06427513141769964,0.9907513661950941,-0.11950060690739703,3.685484970656632,-0.06836277259513907,0.12383835663442788,0.9899447694727034,-3.593795779410442
0.9954263533592305,-0.056377691090602866,0.07712326495081478,7.712371366851215,0.0655162023449769,0.99041269217078,-0.1216153147476738,3.7607463526426583,-0.06952745721719639,0.12611190806594552,0.9895765715746165,-3.65981419088061
0.9952618926178443,-0.05729258974583151,0.07855820309347722,7.8454486797989205,0.06675968578679889,0.9900679925884992,-0.1237276483988524,3.83629998302495,-0.07068927706398875,0.12838592651929215,0.9892017665840236,-3.7258388085209333
0.9950945679014649,-0.058203977619553426,0.07999480190185498,7.978355157960436,0.06800542551274362,0.9897171982030739,-0.12583754863044333,3.9121456534962453,-0.07184798088832078,0.13066033160491575,0.9888203983300555,-3.7918696304569153
0.9949242967907125,-0.059112098523702805,0.08143332069085185,8.111090791740594,0.06925367027071318,0.9893603823133504,-0.12794502922492645,3.9882831855074654,-0.07300378151858267,0.13293517925733478,0.9884324838253606,-3.857906655081827
0.9947512104362197,-0.06001681432367756,0.08287357915019306,8.243655569944906,0.07050425734439957,0.9889975368119799,-0.1300500663851438,4.0647123707513515,-0.07415656493810102,0.13521039346595853,0.9880379323936016,-3.923949880521164
0.994575247033623,-0.06091799048554858,0.08431556187943356,8.376050111772429,0.0717570635044778,0.9886286544023539,-0.13215262832606872,4.141433008360529,-0.07530629813489167,0.13748596681192948,0.9876368674825441,-3.989995542651087
0.9943963659058951,-0.061815956744242895,0.08575929412266875,8.508274407228129,0.07301240445477543,0.9882536934042679,-0.13425274683272256,4.218444912346374,-0.07645296674337104,0.13976193184587904,0.9872292244306144,-4.0560436397979345
0.9942146568611169,-0.0627104706760171,0.08720484682147239,8.640328444717738,0.07427005796260397,0.9878727598786915,-0.1363503805107678,4.295747866962081,-0.07759668400778619,0.14203825552865823,0.9868150517932557,-4.122094170020247
0.9940300077295161,-0.06360162435614547,0.08865221173139748,8.772212213446693,0.0755301049092893,0.9874857388465705,-0.13844549960202984,4.373341671339936,-0.07873742359119146,0.14431487773501006,0.9863942905164891,-4.188147131510462
0.9938424954225238,-0.06448930940185149,0.09010122902907158,8.903925701420945,0.07679242301918733,0.9870926841491249,-0.14053806543025008,4.45122610229359,-0.07987504728602968,0.1465917954250383,0.9859669673624682,-4.2542025222601865
0.9936521239381482,-0.06537360091045175,0.09155190445268119,9.035469529038863,0.07805708668774784,0.9866936593563842,-0.14262810815897567,4.529400981274303,-0.08100955576176741,0.14886899095641015,0.985533081370346,-4.3202565783464095
0.9934588708836443,-0.06625438788052262,0.09300432441818135,9.166843682707281,0.07932397688224255,0.9862885389497533,-0.14471557232551355,4.607866055337546,-0.08214104347482001,0.15114644574213387,0.9850926785044047,-4.386309297492957
0.9932627841285557,-0.06713174704210334,0.09445860392500399,9.29804815123174,0.0805932093924441,0.9858774468263611,-0.146800509053009,4.686621116176059,-0.08326962420123896,0.1534242028477626,0.9846457395081861,-4.452360677825311
0.9930637805449974,-0.06800556108765288,0.09591446564408423,9.429067896443513,0.0818646270342616,0.9854603756895898,-0.1488828289474307,4.765666785674633,-0.08439501962046994,0.15570215197860293,0.9841922503854763,-4.518408201227281
0.9928619111388123,-0.06887605407476616,0.09737203638054037,9.559918564116089,0.08313844975109613,0.9850372186677373,-0.15096256886088483,4.8450020253343,-0.0855173591423656,0.15798034576135855,0.9837321899029733,-4.584450619749759
0.9926571744350121,-0.06974308270248408,0.09883129041998878,9.690599511462239,0.08441455851023065,0.9846080866861738,-0.15303963728930653,4.924626597089278,-0.08663661230268349,0.16025869976601825,0.983265622800994,-4.6504916935667495
0.9924496215675532,-0.07060654252393084,0.10029218617041491,9.821096328707625,0.08569278639873858,0.9841729145534012,-0.15511407724850226,5.004541093066522,-0.08775278010939228,0.1625372267203803,0.9827924956095613,-4.716525141977982
0.9922391495931364,-0.07146660889896772,0.1017547444815538,9.951424030032967,0.08697336308884604,0.983731771514591,-0.15718588934651748,5.084744445008538,-0.08886583021620545,0.16481594087953078,0.9823128652719163,-4.78255347908285
0.9920258145054357,-0.07232316689027041,0.10321893473395632,10.081582602644602,0.08825616630489763,0.9832846510838666,-0.15925502712192982,5.165236414849887,-0.08997574933622365,0.1670948078887835,0.9818267369152307,-4.848576702739052
0.9918096404206146,-0.07317634447722021,0.10468462234834541,10.211557643165065,0.08954125556326452,0.9828315002307395,-0.161321483683502,5.246017713750244,-0.09108241308436232,0.16937380385220602,0.9813340726400843,-4.914588533317485
0.9915906045150734,-0.07402597703883473,0.10615189250430551,10.341364159378173,0.09082852671030765,0.9823723695534908,-0.16338524881386707,5.327087154419394,-0.09218592339920412,0.171652901204285,0.980834858183297,-4.980591483846389
0.9913686971896937,-0.07487217049697792,0.10762087654918773,10.47098711791287,0.0921180987787381,0.9819072052109018,-0.1654462988353426,5.408445448016672,-0.0932863768794574,0.17393211768146466,0.9803291924199613,-5.046583037012937
0.9911439896965871,-0.0757148109002499,0.10909140230970876,10.60044152655297,0.09340978997655057,0.9814361197498114,-0.16750459547704785,5.490091407251868,-0.09438364947853972,0.17621137376826834,0.9798169833112134,-5.112565705845363
0.9909163718339318,-0.07655399269414165,0.11056347596082405,10.729712351927361,0.09470374070143013,0.9809589990019063,-0.16956013853629393,5.572025743284311,-0.09547772274335267,0.17849068527944623,0.9792982902575618,-5.178536973030845
0.9906858807698103,-0.07738957740882335,0.11203717363806937,10.858815231813566,0.09599979891953216,0.9804759547032966,-0.17161290291662912,5.654247268824133,-0.09656868599504612,0.1807700290284463,0.9787730400757412,-5.2444955892813425
0.9904525920609824,-0.07822155848974721,0.11351236461225434,10.987735126443624,0.09729793162974901,0.9799869265268852,-0.173662880308015,5.736756575997943,-0.0976564385707927,0.18304937370047858,0.9782413755251251,-5.310439036212884
0.9902164639241793,-0.0790501567961015,0.1149890716212138,11.116487056395016,0.09859836526137043,0.97949186711733,-0.17571010290084535,5.819552715580975,-0.09874094325682706,0.18532877138667347,0.9777031719293143,-5.376369828996005
0.9899774663393867,-0.07987511655051538,0.11646733658627573,11.245055975503021,0.09990086174894776,0.9789908809141233,-0.17775445308118043,5.902636160667115,-0.09982230078669202,0.1876080886057856,0.9771584827031368,-5.442285448175568
0.9897356242223696,-0.08069653309370839,0.11794707363570955,11.373441870974005,0.10120549548794211,0.9784839735924098,-0.17979600017737457,5.986006673190929,-0.10090038690919634,0.18988738664832983,0.9766073826601711,-5.508185891609294
0.9894909203467401,-0.08151441946773752,0.11942834572201921,11.501660386982252,0.10251226647834416,0.9779710856358244,-0.18183464429216442,6.069663184895263,-0.10197530450017586,0.1921666072636875,0.9760497403901274,-5.5740699110802865
0.9892434163033837,-0.08232874386213096,0.12091115215305859,11.629696477363012,0.10382115659812825,0.9774522154228996,-0.18387044453653728,6.1536061688740125,-0.10304704120998442,0.19444576023387206,0.9754856164434041,-5.6399349871334294
0.9889930140126173,-0.08313948594278986,0.12239535822186204,11.757550142116315,0.10513214257500116,0.976927421659262,-0.18590340839163152,6.237835625127173,-0.10411545219203935,0.19672485726259092,0.9749150333764588,-5.705781119768709
0.9887398128466881,-0.08394663186312457,0.12388105573997144,11.885221355654892,0.10644520304398822,0.9763966432070765,-0.18793343646688215,6.32235107752387,-0.10518065984642141,0.1990038204881429,0.9743379758155929,-5.7716083047015445
0.988483780867927,-0.08475028844022758,0.1253681488643173,12.012725132159431,0.10776041564348922,0.9758599460685822,-0.1899606124630244,6.40715145780661,-0.10624251907045926,0.20128271312273693,0.9737545202440707,-5.8374190560313295
