1.0000000241153333,-2.9570993854600573e-09,1.2581246766618648e-08,0.0,-2.9570993854600573e-09,1.0000000154139317,2.3439844623142413e-10,0.0,1.2581246766618648e-08,2.3439844623142413e-10,1.0000000335941244,0.0
0.9999952116736186,0.0028202332895703557,0.0012618241821462928,0.1480240205707446,-0.002818297538776515,0.9999948649680656,-0.0015338816300858112,-0.0567525648213163,-0.0012661300754263083,0.0015303175669750535,0.9999980301420567,0.051436515588122234
0.999980949964569,0.0056423622643119176,0.0025193167973212305,0.2959590515531829,-0.005634619583754815,0.9999794327697024,-0.00307130876860378,-0.1140013801134856,-0.0025365828314716787,0.003057054750073007,0.9999920964411668,0.10259784680454942
0.9999570373443087,0.008466446703957298,0.0037725902681286783,0.443789461566638,-0.008449022599365487,0.9999536554514915,-0.004612249777774911,-0.17174513955391957,-0.003811447899567194,0.00458017813305156,0.9999822762076778,0.15348274329011247
0.9999236575936068,0.011292452511646608,0.005021262718981567,0.5915159317792416,-0.011261468434179491,0.9999176540729868,-0.006156687989818342,-0.22998289088052015,-0.005090363229283579,0.006099670054209749,0.9999684520825337,0.20409495879191297
0.9998806871814861,0.014120196862923137,0.006265790398867127,0.7391528847589086,-0.014071786455536948,0.9998713191275959,-0.007704625527324605,-0.28871498815479946,-0.006373761394290883,0.007615536575694137,0.9999507289710875,0.2544282104674025
0.9998281813717407,0.016949759360884387,0.007505807206430154,0.8866853191186124,-0.016880047339083274,0.999814705672637,-0.009256026074498568,-0.34794012505382854,-0.0076612890414443635,0.009127737928002477,0.9999289868729125,0.30448501027368025
0.9997661124461009,0.01978096481721038,0.008741548319436687,1.0341132860328628,-0.01968607997530386,0.9997477635151943,-0.010810897261833728,-0.4076573493158495,-0.008953168158736785,0.010636283616062503,0.9999033677113693,0.3542653496415795
0.9996945510569772,0.022614010233235532,0.009972849901495329,1.1814361810952505,-0.022490077315521436,0.9996705412267106,-0.012369182624954107,-0.4678661848103247,-0.010249274599165747,0.012141114212233739,0.9998737780515936,0.4037654619702167
0.9996134023813021,0.02544860224450063,0.011199720696804139,1.3286390029187203,-0.02529175017114738,0.9995830548191889,-0.013930902622603084,-0.5285653252143243,-0.01154954715892198,0.013642257121257217,0.9998402768638806,0.45298785921671936
0.9995227125623106,0.02828493160933382,0.012422114467109002,1.475736829652135,-0.028091289633631458,0.9994852338313523,-0.015496003556507584,-0.5897546484581415,-0.012854008673219564,0.015139654905173217,0.9998027510217543,0.5019300165702063
0.9994225407890099,0.03112271626810753,0.01363981440408324,1.6227296868827068,-0.03088841857989925,0.999377153386197,-0.01706450407297235,-0.6514336784108972,-0.014162397097957802,0.01663333779718712,0.9997613576983985,0.5505919297460977
0.9993127426786721,0.033962142071131574,0.014853249774493371,1.7696025732233522,-0.03368330859636129,0.9992588029441727,-0.018636358867504626,-0.7136011087496632,-0.015475156623808495,0.01812324445972835,0.9997160250138053,0.5989761107014999
0.9991934885216784,0.03680303856409314,0.016062190313144237,1.9163549098550163,-0.036475806218651964,0.9991301320083379,-0.02021156135875209,-0.7762559872130215,-0.016792043810399365,0.019609378883578166,0.9996667310910022,0.6470787885509637
0.9990645983725907,0.0396454795507703,0.017266593394999863,2.063001749339236,-0.03926597332357863,0.9989911960413789,-0.02179008307610404,-0.8393986678621439,-0.018113028526161506,0.021091711713210448,0.9996134830674775,0.6948974427682089
0.9989262363119191,0.042489413809434606,0.018466577517749494,2.2095281158761964,-0.04205376849309061,0.9988419379591368,-0.023371910046687185,-0.9030273682432228,-0.01943822889784841,0.02257022697410982,0.99955626110099,0.7424345810257478
0.9987783658266014,0.04533479620755684,0.019662006476898725,2.3559340350531386,-0.04483914198708344,0.9986824197101724,-0.02495702114394824,-0.9671416122253795,-0.020767517942423708,0.0240449057835459,0.9994951484332475,0.7896901990389935
0.9986208987873435,0.048181575970294044,0.020852739255332597,2.5022189024637385,-0.047622046402169736,0.9985126438786996,-0.026545392332306506,-1.031740923678075,-0.022100714707928043,0.025515732092167676,0.9994301082428335,0.8366605302070909
0.9984539162787562,0.05102970462743894,0.022039012048827855,2.648382769282449,-0.05040243126522989,0.998332553228547,-0.02813701054510534,-1.0968243503395527,-0.023438074509827656,0.026982689464722154,0.9993611009791585,0.8833455659608589
0.9982774451307339,0.0538791359896528,0.02322067810958836,2.794410659709513,-0.05318025525190311,0.9981422098856247,-0.029731867675000495,-1.1623901097560045,-0.024779450754510463,0.028445772415485654,0.9992881512148953,0.9297478139728241
0.9980914486521778,0.056729822027945326,0.024397606564000057,2.940317626306438,-0.055955471935007314,0.9979416162314623,-0.03132993410674722,-1.2284385559886017,-0.026124716429127975,0.02990495876958485,0.9992112808646092,0.9758647537166993
0.997895908507516,0.059581829226439065,0.02556988745974481,3.0860880376925763,-0.058728147747362285,0.9977307086960261,-0.032931177507027155,-1.2949683827147558,-0.02747395911515535,0.03136021473143463,0.9991304748499634,1.0216951348333154
0.9976908165689525,0.062434994981715744,0.026737662513589028,3.231737602010355,-0.06149811338120759,0.9975095557517554,-0.03453560889221729,-1.3619794678644195,-0.02882728321198788,0.03281154486576425,0.9990457698752176,1.0672401948280879
0.9974762326218418,0.06528938677906077,0.02790086941319614,3.377250687879126,-0.06426544345261292,0.997278093841285,-0.03614319979171756,-1.4294705051150036,-0.030184668513329238,0.034258922763657385,0.9989570555054766,1.1124986833418404
0.997252136854771,0.06814496229841685,0.029059279574015884,3.5226267164797207,-0.06703009798586732,0.9970364444168671,-0.03775391410439718,-1.4974405422050914,-0.031545885072439744,0.03570232529427861,0.998864490885828,1.157466829489124
0.9970185484687644,0.07100154964309136,0.030213225703358687,3.667866368980299,-0.0697918993499977,0.996784497351191,-0.039367767568120465,-1.5658886268725847,-0.03291123827698869,0.03714175480136073,0.9987678994359996,1.20214838701704
0.9967753980829892,0.07385933451808979,0.031362348742861146,3.8129690409744796,-0.07255104657652689,0.9965222421807135,-0.04098468702696691,-1.6348142829869454,-0.034280353902284955,0.03857715752597596,0.9986674621486984,1.2465395893247262
0.9965227819241512,0.0767180446447171,0.032506857371363745,3.957935388043154,-0.07530725321926658,0.9962498132661011,-0.0426047144001381,-1.7042170344169545,-0.035653474690711034,0.04000857150641329,0.9985630836465095,1.2906441944438711
0.9962606529465735,0.07957785824601349,0.03364661247080547,4.102764831367182,-0.07806071132332289,0.9959670810350834,-0.04422779031421468,-1.7740959289011948,-0.03703045678691633,0.04143592912797467,0.9984547267900201,1.3344584314890398
0.9959890249676497,0.08243861095686539,0.034781610209559166,4.247456792127451,-0.08081125535881732,0.9956741140234383,-0.04585389535959446,-1.8444500141782487,-0.03841127228736793,0.042859231473226345,0.9983424526553228,1.3779785295747473
0.9957078746019216,0.08530037767223575,0.03591196375443362,4.391996924517798,-0.08355895414155158,0.9953709080254804,-0.04748302405209561,-1.9152775077939688,-0.03979603814519311,0.044278458446820324,0.9982263027273185,1.4212107586898242
0.9954172311183319,0.08816310822684126,0.0370375223446138,4.5363996255188965,-0.08630376675401366,0.9950574655747526,-0.04911515049625652,-1.9865792399407454,-0.04118459306657074,0.04569359200875789,0.9981061813816623,1.4641488402762874
0.9951171437546735,0.09102664179066033,0.03815839120981748,4.680649944918173,-0.08904552904938917,0.9947337953866481,-0.050750279961845605,-2.058352952033892,-0.04257705861097952,0.04710464020397731,0.9979821314323086,1.5067952777220626
0.9948075122323587,0.09389104068615839,0.03927445111918473,4.824747908302896,-0.09178430521746875,0.9943998936101743,-0.0523883493556604,-2.1305981679425297,-0.04397328956363017,0.04851154727081508,0.9978542332787552,1.5491500667425768
0.9944884417828542,0.09675625965854029,0.04038579264616239,4.968693566847577,-0.09452005338709336,0.994055762677534,-0.054029361038447216,-2.2033139354049016,-0.04537339419710207,0.049914313232799046,0.9977223508856401,1.5912131987686493
0.9941598403855968,0.09962225513108147,0.04149227928640549,5.112486341733103,-0.09725272987465011,0.9937013450992015,-0.055673299463311524,-2.2764993021595896,-0.04677721357078446,0.051312922723848686,0.9975865675448815,1.6329809029148308
0.9938218226712713,0.10248909647229976,0.04259389585787804,5.256126888540308,-0.09998241556146352,0.9933367563609324,-0.057320127027166524,-2.3501537920753757,-0.048184759325075016,0.052707356573999165,0.9974468253641878,1.6744569372128097
0.9934742644411283,0.10535662147677738,0.043690757034147376,5.399614628450138,-0.10270893285213228,0.992961945459076,-0.058969856439320324,-2.424276452890842,-0.049596108869170485,0.0540976117270342,0.9973032260106521,1.715637530777144
0.9931172499718602,0.10822477750698145,0.04478272059119068,5.542934560075508,-0.10543224407208411,0.9925769148258307,-0.06062243989104355,-2.4988659782830602,-0.05101113278314079,0.055483644116837705,0.997155672430456,1.756525195564926
0.9927508171379901,0.11109364359612928,0.045869910538969244,5.686101131571576,-0.1081524194201708,0.9921817199238856,-0.06227785329928664,-2.5739222461826623,-0.05242994316937097,0.05686545561804801,0.9970042647273255,1.7971136444490199
0.9923748803157678,0.11396304210385544,0.04695216658037357,5.829115024106528,-0.11086929618005975,0.99177625084128,-0.06393611128071812,-2.649444304327552,-0.05385238215839683,0.05824303820469856,0.9968489088737561,1.8374066311765347
0.9919895360788349,0.11683305644689224,0.048029611818307755,5.971960631886901,-0.11358294779354049,0.9913606221516922,-0.065597160399481,-2.7254303702642604,-0.055278571681672495,0.05961635524585085,0.9966896446908619,1.8774029011037001
0.991594692406628,0.11970363890953195,0.04910209699871512,6.114637980499936,-0.11629333057700009,0.9909348362873234,-0.0672609929536036,-2.8018799678619097,-0.05670835279858724,0.060985392068484745,0.9965264367364899,1.9171024499459364
0.9911904126580829,0.12257473490896531,0.05016962953292173,6.25714712112017,-0.11900040685587752,0.9904988363666989,-0.06892756349507098,-2.8787921448587426,-0.05814172100986881,0.06235013514947019,0.9963594046386114,1.9565052691340767
0.9907767238470938,0.12544630285909208,0.05123240825611777,6.399487474928463,-0.12170410547767997,0.9900526246193374,-0.07059691394309003,-2.956165948993341,-0.05957889991399856,0.0637105838980182,0.99618839423362,1.9956075877826578
0.9903535522410953,0.1283183019113061,0.0522902131205453,6.541659723092948,-0.12440440879719131,0.9895962627911168,-0.07226898628326225,-3.034000428003608,-0.061019612763668685,0.06506672249121859,0.9960135632371298,2.0344131596387953
0.9899209999798866,0.13119067379142924,0.053343120624572776,6.683663286794513,-0.12710126378393705,0.9891296940005597,-0.07394377090628208,-3.112294629628126,-0.06246398997670041,0.06641851536111931,0.9958347779706263,2.0729182138170295
0.9894789758735598,0.13406338574841314,0.054391017475427156,6.825498191620397,-0.1297946341938486,0.9886530393072208,-0.07562123116272167,-3.191048077736016,-0.06391186519726241,0.06776595288319409,0.9956521178392864,2.1111227460327804
0.9890275378837394,0.1369365035288863,0.055433866079102195,6.967149461770816,-0.13248458278622213,0.9881661756247077,-0.07730133567293757,-3.270258989873471,-0.06536323302230257,0.06910901649397905,0.9954655287036664,2.1490292639585675
0.9885667307126162,0.13980997084929492,0.05647179658354651,7.108631545400954,-0.13517107560627914,0.987669105790588,-0.07898408307788234,-3.349927243971124,-0.0668181991431851,0.0704476854008137,0.995275109639699,2.1866314804672413
0.9880964422214719,0.14268375988041582,0.0575047660898875,7.249930096704617,-0.137854054091328,0.9871619508644187,-0.08066949448009991,-3.4300510575748264,-0.06827672967385043,0.07178197937226771,0.9950807469617409,2.2239356655476072
0.9876167612536544,0.1455577010340935,0.05853267797913589,7.3910595382497775,-0.1405333726933949,0.9866446598425451,-0.08235749684317199,-3.5106307847460902,-0.06973870351336897,0.07311185126248088,0.9948825172829688,2.2609355363571026
0.9871277281445995,0.14843185345706067,0.059555622298973515,7.532004919823834,-0.14320910161133024,0.9861171695603003,-0.08404805783378022,-3.5916641669002294,-0.07120421806757785,0.07443726850450172,0.994680405525046,2.29763359628366
0.9866292882242508,0.15130618808963792,0.060573589713006415,7.672766267014083,-0.14588118552538087,0.9855796010772406,-0.08574121424428227,-3.6731507279063647,-0.0726732566277605,0.07575824351862592,0.9944744132513391,2.3340298410426996
0.986121409001819,0.1541806576637318,0.06158643536498706,7.813343630994979,-0.14854959143441585,0.9850318969038384,-0.08743687653771165,-3.755089515502739,-0.07414566266715467,0.077074738893951,0.9942645042832823,2.3701242620650405
0.9856041930479579,0.15705520471068013,0.06259427926686845,7.953736432947466,-0.15121428118705002,0.984474060283032,-0.08913509502646859,-3.8374795774279353,-0.07562155912141438,0.07838677180782005,0.9940507793940683,2.4059130884652404
0.9850775869230675,0.1599297944661363,0.0635971057293582,8.093929697071701,-0.15387519946352948,0.9839061523526453,-0.0908357953151139,-3.9203191312281453,-0.07710092193354917,0.07969429520127647,0.9938331203418468,2.4413988279158083
0.9845416092082072,0.16280449587513546,0.06459477784831053,8.233939131510112,-0.15653243553838136,0.9833281095426458,-0.09253896929629805,-4.003608054833322,-0.0785836106829933,0.0809972899752831,0.9936116104854825,2.47658271792217
0.9839963054051697,0.16567925757594892,0.06558740859063389,8.373764157443617,-0.15918594057773713,0.9827399346906042,-0.0942446152056117,-4.087345395982048,-0.08006973119500435,0.08229576473027544,0.9933862913433497,2.5114609875988663
0.9834415886597486,0.16855393232781835,0.06657485393320173,8.513389169078778,-0.1618355518652649,0.9821416954202222,-0.09595271871227788,-4.171529372220856,-0.08155913294839212,0.08358972145853105,0.9931570661628897,2.546032382302137
0.9828775816607531,0.17142846626275454,0.06755711707442069,8.652814847583699,-0.16448124612865808,0.9815333941636979,-0.09766322029993678,-4.256159031287648,-0.08305181382425944,0.08487910874565985,0.9929239344085292,2.580300655779091
0.9823041803995587,0.17430305138334878,0.06853440847372644,8.792055641113592,-0.16712317635544355,0.9809150203814845,-0.09937613050812527,-4.341234251113058,-0.08454798303587713,0.0861639019954612,0.9926869817081776,2.6142595209025856
0.981721440735762,0.1771774080859464,0.06950649936517692,8.931096522694133,-0.16976110448015866,0.9802865295558063,-0.10109141485719735,-4.426754201505035,-0.08604738553594854,0.08744411780985706,0.9924461859338122,2.6479114939143074
0.9811294029737447,0.18005160269693543,0.0704734671541978,9.069937594674343,-0.17239507838301962,0.979648037476446,-0.10280909309065486,-4.512716977940063,-0.08755012627942477,0.08871975263690579,0.9922014736895305,2.6812565576759155
0.980528070773822,0.18292560430107263,0.07143533472649644,9.208578908228759,-0.1750250757453902,0.9789994259214131,-0.10452910569212731,-4.599121628156387,-0.08905619077059773,0.08999075121882927,0.9919529620121432,2.7142947036182434
0.979917397093207,0.1857992383213387,0.07239207596443953,9.347020514531835,-0.17765092221479678,0.9783408240576088,-0.10625148160906554,-4.685967199892247,-0.09056555602362346,0.09125715789686994,0.9917005948405124,2.74702592317211
0.979297413003845,0.18867270696089367,0.0733434220757545,9.485246807790134,-0.18027284097756555,0.97767216061302,-0.10797610953417046,-4.773251910694178,-0.09207796284051264,0.0925188934865816,0.9914443567489505,2.779448961693756
0.9786680928175245,0.1915458323989636,0.07428963448180484,9.623273444971659,-0.18289064604509125,0.9769935048328171,-0.10970301028409443,-4.8609765907538875,-0.09359362599487739,0.09377595754650236,0.9911843248318779,2.811565065257774
0.9780295125839671,0.19441870067092792,0.07523054954609953,9.761084871457399,-0.18550442993483937,0.9763047919308633,-0.111432123674689,-4.949138505356153,-0.09511242224349511,0.09502829789859824,0.9909204056209571,2.843372970651231
0.9773816659024608,0.19729114178636475,0.07616631169156599,9.898696165396245,-0.18811401409773906,0.9756060312306036,-0.11316345659718609,-5.037737532431265,-0.09663444872064744,0.09627593545316893,0.9906526958017999,2.874870153063256
0.9767245391758791,0.20016311570218392,0.07709699552502405,10.036091720994733,-0.19071935389652905,0.974897344602331,-0.11489708087190244,-5.126771889525759,-0.09815980135557617,0.09751890713259936,0.9903811224471308,2.906055357850093
0.9760581099434056,0.2030347089013791,0.07802236490962258,10.173272219420994,-0.1933205502418788,0.9741786073381794,-0.1166328715285453,-5.216240624377534,-0.09968821954064336,0.09875713802097319,0.9901057250976599,2.936932338758851
0.9753824411486485,0.205905856130284,0.078942395834188,10.310237081855917,-0.1959175617394551,0.9734498830081835,-0.11837086454873798,-5.306142784725175,-0.10121970248418707,0.0999906692621495,0.9898265077740215,2.9674973249040733
0.9746975085492792,0.20877641055040663,0.07985733243158807,10.446986989467604,-0.1985102098401967,0.9727111789089451,-0.12011103611187356,-5.396477418306583,-0.10275445387046178,0.10121943479224593,0.989543429596572,2.997754070032876
0.9740033471531442,0.21164644799655763,0.08076692029198457,10.583521363437,-0.20109859869771143,0.9719624909867934,-0.12185332739282972,-5.487243572860342,-0.10429223026917264,0.10244343702147407,0.9892565331658092,3.027698803259799
0.9732999455775477,0.21451592026006705,0.08167126504489614,10.71983962494491,-0.20368265391655777,0.9712038811902877,-0.12359773622182994,-5.5784402961250334,-0.10583312420321109,0.10366263869641856,0.9889658612287408,3.05732775369939
0.9725873076982325,0.21738478504001457,0.08257036458386308,10.85594245515955,-0.20626236061764408,0.9704352924352737,-0.12534425556470177,-5.670066635838561,-0.10737711743578546,0.10487707711755045,0.9886713537035945,3.0866446750987606
0.9718654636594284,0.2202528840215352,0.08346410470905513,10.99181492945553,-0.20883757001005882,0.9696567923454479,-0.12709281941920997,-5.762119857285359,-0.10892407903689708,0.1060866881426814,0.9883730297129355,3.1156520665612533
0.9711344061424544,0.22312039502540282,0.08435243405874365,11.12747144481358,-0.2114084755219698,0.9688683116756399,-0.12884342494778406,-5.854600790657818,-0.1104739888952479,0.10729147221327329,0.9880708978571993,3.1443436495289028
0.9703941293618268,0.22598718499267645,0.08523548550554683,11.262897025433915,-0.21397489860430585,0.9680699767551751,-0.1305960645679439,-5.947507653502129,-0.11202694047098255,0.10849140628394116,0.9877649358870868,3.172721931674225
0.9696446367624336,0.22885318636651175,0.08611325501793704,11.398091773665499,-0.216536809498886,0.9672616717942703,-0.13235072258985975,-6.040838541294779,-0.11358292300947667,0.10968648655835267,0.9874552049121641,3.2007868958588723
0.9688860064240541,0.23171847079738828,0.08698561372130442,11.533070716482683,-0.21909428584408513,0.9664434522556106,-0.134107332200562,-6.134594284227818,-0.11514180605312702,0.11087667082150221,0.9871417265122635,3.2285360258411586
0.968118169617597,0.23458289645933506,0.08785265129704928,11.667818929260136,-0.22164719048516524,0.9656153262465428,-0.13586595859155678,-6.22877214758568,-0.11670368385374014,0.11206201303915853,0.9868244252358952,3.255971820724426
0.9673411869499727,0.2374465422948735,0.08871436520539178,11.802336463172395,-0.22419557130233153,0.9647773484190135,-0.13762651208293708,-6.323371179106608,-0.11826854011974625,0.1132424244494048,0.9865033015083331,3.2830942719395075
0.966555029066691,0.24030924614393379,0.08957063724849335,11.936607712425996,-0.22673929114082472,0.9639294681747431,-0.13938900106791752,-6.418389596337134,-0.11983623395818424,0.11441794731430233,0.9861783751216087,3.3099021248426403
0.9657596753585838,0.24317106252130327,0.09042157756113733,12.070647755169773,-0.2292784243961036,0.9630717417871495,-0.14115338577362405,-6.513827277207552,-0.12140686390128641,0.1155885271795648,0.9858497485028221,3.3363928546229573
0.9649552733681175,0.24603183901986658,0.0912670726691589,12.204457272571858,-0.231812828763132,0.9622041178472158,-0.1429196311721137,-6.609683269455763,-0.12298031867719231,0.11675417445689029,0.9855173197840403,3.3625702150275742
0.9641416871179451,0.24889168968171949,0.09210718621026132,12.338020028845193,-0.23434255727240266,0.9613267097125235,-0.14468778554896122,-6.70595579062864,-0.12455666994561532,0.11791490026735729,0.9851810783092405,3.388429189096442
0.9633189785676994,0.2517505175097625,0.09294194750048451,12.471351732132234,-0.23686759828776197,0.9604394024040157,-0.14645776044035597,-6.802644718656136,-0.1261359129729699,0.11907061509261285,0.9848410796039875,3.4139710143349795
0.9624872379755586,0.2546082066714428,0.09377123387369335,12.604437457807649,-0.2393877913821458,0.9595423222510272,-0.1482295789159189,-6.899747318822687,-0.12771792311808278,0.12022139876310789,0.9844973442085228,3.439198189846536
