1.0000000218394804,3.233339991330673e-09,-3.856223090847877e-09,0.0,3.233339991330673e-09,0.9999999431933096,-8.049085194379489e-10,0.0,-3.856223090847877e-09,-8.049085194379489e-10,0.9999999746777734,0.0
0.9999935482994244,0.003495824462555752,-0.0008384567202117665,0.16128794552849968,-0.003496480779925427,0.9999935620263238,-0.0007761624675138502,-0.014623113913263097,0.0008357390314344404,0.0007790890150728425,0.9999993621418517,-0.03937683069342057
0.9999741721052215,0.006990942451204629,-0.0016796601919438492,0.3225567146158994,-0.006993552317083371,0.9999743347011153,-0.0015493883426844185,-0.029779631923400274,0.0016687838107310171,0.001561095404936208,0.9999973541361667,-0.07862898262951035
0.9999418719554756,0.010485296982427283,-0.0025234847819183004,0.48380585091666717,-0.010491152370851865,0.9999422528002098,-0.0023196709455527544,-0.045469081972209224,0.0024990053424362724,0.0023460095951377546,0.9999941171273331,-0.11776024370984572
0.9998965957988157,0.01397883404238609,-0.003370034369644004,0.6450353544308314,-0.013989245103239028,0.9998973690177863,-0.003086997086644952,-0.06169146405968995,0.0033265362920338187,0.0031338212120849973,0.9999895419386254,-0.1567706139344196
0.9998384699794434,0.017471604341654512,-0.004219321078767019,0.8062305205533562,-0.017487887438402974,0.9998396306596652,-0.0038513439766302295,-0.0784484610007965,0.004151348716768227,0.003924508434931029,0.9999836897315388,-0.19565474983412656
0.999767397177366,0.020963466102891126,-0.005071215256568229,0.9674059869011558,-0.020986896020145394,0.9997690777938146,-0.004612718491880529,-0.09573791792229791,0.004973340256576947,0.004718072703567555,0.9999764872856767,-0.23441798800487135
0.999683369591521,0.024454329613903925,-0.005925704921145913,1.128546270154402,-0.02448622659300327,0.9996856977940236,-0.005371109438333481,-0.1135615176392939,0.005792496732484331,0.005514506839075672,0.9999679932892189,-0.2730625745271027
0.999586468555338,0.0279442811647983,-0.0067829134891997656,1.2896516926823551,-0.027985944498606,0.9995895032865025,-0.006126491239451088,-0.13191878809343827,0.00660892963452471,0.006313784667861533,0.9999582204051582,-0.31158470775282865
0.9994766735278842,0.03143327525783701,-0.007642727814496347,1.4507372814593964,-0.03148599072967146,0.9994804879581457,-0.006878859968130287,-0.15080757441142723,0.007422521235137217,0.0071158963468695435,0.9999470971067216,-0.34998592950316976
0.9993539120964563,0.034921111131386295,-0.008505239816116561,1.611787553165641,-0.03498619668181817,0.9993586834594473,-0.0076282108629885425,-0.17022955940836226,0.008233391309556526,0.0079208465593541,0.9999346927427003,-0.38826848585858187
0.999218223752155,0.038407751708751325,-0.009370337536089166,1.7727874808267643,-0.038486509682111425,0.9992240244700172,-0.008374541510100295,-0.19018689795754185,0.009041408481025734,0.008728625066337814,0.9999209958258078,-0.42643083499794443
0.9990696176289573,0.0418932685577289,-0.010238009439702087,1.933752024429026,-0.04198698873783547,0.9990765215116976,-0.00911782767736544,-0.21067696312738882,0.009846579302063202,0.009539206736682182,0.999906005172541,-0.4644745118691631
0.998908145385383,0.04537759317981771,-0.011108264107288532,2.094681116984276,-0.04548758117605333,0.9989162251742985,-0.00985806165807443,-0.2316992828596316,0.010648890982624032,0.010352584555396782,0.9998897216632725,-0.5023995095990372
0.9987337391883364,0.0488606798396356,-0.011981086984168166,2.25555973151819,-0.04898823640695458,0.9987431291447143,-0.010595230614793118,-0.25325601202756864,0.011448342992928615,0.011168746363279303,0.9998720838870738,-0.5402042863664533
0.9985464486029589,0.052342453167067315,-0.012856480697800807,2.416402438659617,-0.052488887005781144,0.9985572229011025,-0.011329325918822002,-0.27534452369969564,0.012244922757719837,0.011987680233120745,0.9998531520310977,-0.57789417189408
0.9983462559421601,0.05582289744169566,-0.013734318288345232,2.577194144446082,-0.05598948871707186,0.9983585043390942,-0.012060345356839112,-0.29796650069104125,0.013038519746318547,0.012809377479560236,0.9998329130688124,-0.6154676174876172
0.9981331076336417,0.05930193757857927,-0.014614706633306412,2.737935238235025,-0.05949000570283512,0.998146962936847,-0.012788274386278659,-0.3211219430015291,0.013829251800869358,0.013633828954764837,0.99981137796623,-0.6529208283722667
0.9979071098482852,0.06277950517427477,-0.01549765375696395,2.8986251966927625,-0.06299034736901794,0.9979226492841712,-0.01351310921888357,-0.34480990651468524,0.014617100538164188,0.014461028570202816,0.9997885475466703,-0.6902575855763899
0.9976681861998817,0.06625557659111347,-0.016383013772693522,3.0592636304619703,-0.06649047787763296,0.9976855001650448,-0.014234832629118824,-0.369030391230579,0.015401961450262638,0.015290952537249158,0.999764466759212,-0.7274816838747782
0.9974163976605279,0.06973006932122017,-0.01727092705069881,3.2198509289000015,-0.06999032980391999,0.99743556406491,-0.014953438071414884,-0.39378339714913935,0.0161839331369501,0.016123601831808942,0.9997390301712054,-0.7645893284926473
0.9971516792509703,0.0732029376292127,-0.01816137365021661,3.3803869580306696,-0.07348986730988956,0.9971728346706609,-0.015668917678972043,-0.41906798015381774,0.016963022265328684,0.016958964294679857,0.9997122956542229,-0.8015805056835816
0.9968741413288469,0.0766741353994771,-0.01905435467261729,3.540856301522183,-0.07698902930513087,0.9968973056691919,-0.01638125380380847,-0.4448862951179837,0.017739210022614735,0.01779702406082484,0.9996842034037027,-0.8384574684012378
0.9965836613691006,0.08014371219715466,-0.01994973243239781,3.701273919360858,-0.08048787688005697,0.9966090444852609,-0.017090443959424093,-0.4712357151100637,0.0185123966348799,0.018637768554986778,0.9996549190453204,-0.8752217515935214
0.9962803489689058,0.08361163770307867,-0.020847521347252512,3.8616247175841636,-0.08398634894425722,0.9963079267911934,-0.017796462401625038,-0.4981179229450827,0.019282555877671026,0.019481170929239455,0.9996242643056839,-0.9118718065661255
0.9959641332364866,0.08707770993888975,-0.021747826788541688,4.021908629204063,-0.08748427689334985,0.9959941043564209,-0.018499315088230252,-0.5255324465647639,0.02004982234956179,0.020327244417583046,0.9995923099138359,-0.948407626445821
0.9956350508091014,0.09054188486122117,-0.022650522004944218,4.182125231369042,-0.0909815933025792,0.9956674507489002,-0.019198998336498085,-0.5534790499400462,0.020814057476913575,0.021175972942362897,0.9995590428646396,-0.9848330025707952
0.9952931157679479,0.09400422670999387,-0.02355558828637437,4.342274846448419,-0.09447838668287156,0.9953280354977581,-0.019895495607171503,-0.5819572610125778,0.02157527479433867,0.02202734242263721,0.9995245211559396,-1.021144133293049
0.9949383007110946,0.0974645635978435,-0.02446304570443153,4.5023570180966885,-0.0979744800123742,0.9949758944622253,-0.020588813845061397,-0.6109666077241602,0.02233345464428199,0.02288134989799756,0.9994886869295873,-1.0573448065141662
0.9945706273327888,0.10092307790436372,-0.02537287166397259,4.662371712819805,-0.10147002080929794,0.9946109938874388,-0.021278901243758086,-0.6405068540456522,0.023088602290535193,0.023737956058985432,0.9994515378672394,-1.0934350187975355
0.9941901193171678,0.10437948966804633,-0.02628505543660478,4.822303803161276,-0.10496476462703169,0.9942332937903975,-0.021965790533863504,-0.6705794467629431,0.023840700323625078,0.024597178396105646,0.9994131327856917,-1.1294132180122247
0.9937967802785375,0.1078338326385575,-0.027199627266266624,4.98216828260135,-0.10845872621739625,0.9938428594914909,-0.02264945984803909,-0.7011819949735933,0.02458976335210286,0.025458994722281525,0.9993733549529469,-1.1652809425427577
0.9933906195304747,0.11128607670587431,-0.028116653167665484,5.1419496678201995,-0.11195189082856838,0.9934396867819818,-0.023329885825035774,-0.7323161814927044,0.025335902765798834,0.026323400637212946,0.9993323309774812,-1.201040438469569
0.9929715542186228,0.11473616050925539,-0.02903603427683918,5.301648281187113,-0.11544419311891899,0.993023767244396,-0.02400706940808541,-0.7639815342619247,0.026078992251339667,0.02719037622279541,0.9992899907979338,-1.2366879041446879
0.9925396979473131,0.11818414084665996,-0.02995764704642312,5.461263666356615,-0.11893567526078708,0.992595109296207,-0.024680994223233613,-0.7961775812230538,0.02681890031738471,0.028059896927116412,0.999246381655471,-1.2722271274696695
0.9920950392843517,0.12162984716153513,-0.03088158698258414,5.620795756340556,-0.12242616023231692,0.992153748796646,-0.025351663215809665,-0.8289038503178165,0.027555762951438384,0.028931972760189162,0.9992014534317994,-1.3076581015713273
0.9916375462734379,0.12507309993443894,-0.03180774213808779,5.780244484150842,-0.12591553001894257,0.9916996604932907,-0.02601908378296488,-0.8621598694879378,0.028289433638412964,0.029806588437717163,0.9991552545583007,-1.3429808195764323
0.9911672028182457,0.12851410423205412,-0.03273635127860802,5.939609393441941,-0.12940391105270183,0.9912328738472996,-0.02668319897930066,-0.8959451666752134,0.029020168679507935,0.030683719174280033,0.9991077496156155,-1.378199069386561
0.990684097795417,0.13195277809782535,-0.03366715263446485,6.098875779608875,-0.13289125699500934,0.9907533172251772,-0.027344016825020984,-0.9302614246945975,0.02974771928539735,0.03156335090982626,0.9990589716628094,-1.4133075075326147
0.9901882167309033,0.13538895727646594,-0.03460025592867813,6.258058213280407,-0.13637739082401,0.9902610875978075,-0.028001545596784454,-0.9651060166145857,0.030472191796907633,0.0324454930078355,0.9990088720402885,-1.4483114637372765
0.9896794803846536,0.13882261165795295,-0.03553556297294008,6.417141600494119,-0.13986226194989546,0.9897561807564534,-0.028655801250032573,-1.0004806252502032,0.031193474509216668,0.033330141068007635,0.9989575005911495,-1.483209389306218
0.989158030882594,0.1422537378201998,-0.03647316343007781,6.576125874261891,-0.1433459420486424,0.9892385967011142,-0.029306722391480907,-1.0363847785431783,0.03191167267483225,0.03421726173782991,0.9989048065975502,-1.5180012773662312
0.9886237722376467,0.14568224619360137,-0.03741294234362555,6.735025961075905,-0.14682826251587375,0.9887083228055791,-0.029954337624023598,-1.0728156135327982,0.03262667630723454,0.035106849228071446,0.9988508381821147,-1.5526886594286253
0.9880767280494247,0.14910825341593092,-0.03835490376950387,6.893826377616335,-0.15030940037344298,0.9881653759047954,-0.030598618366007267,-1.1097748130341554,0.03333846800563112,0.03599888408158525,0.9987955957609944,-1.587273781573849
0.9875169711827683,0.15253149191906878,-0.039299008327885854,7.052512419278116,-0.15378901424633798,0.9876097181201303,-0.03123956844620468,-1.147264059862204,0.03404705527321475,0.036893360048182944,0.9987390153761125,-1.6217513003327966
0.9869444131538865,0.15595204099794735,-0.04024540348633776,7.211098656690098,-0.15726723898407294,0.9870414210850789,-0.031877160964880705,-1.1852807270854466,0.034752567023872666,0.037790265247072796,0.9986811720757323,-1.6561265454281653
0.9863591435914723,0.15936980118852073,-0.04119392585974163,7.369584989370082,-0.1607439692407764,0.9864605311807142,-0.0325113866038146,-1.2238241066164637,0.035454844267464064,0.03868957992483607,0.9986220490959586,-1.6903995065501292
0.9857611132979969,0.16278475950802473,-0.04214471118452612,7.5279563568497,-0.16421918393027748,0.9858669261837305,-0.03314223848663555,-1.2628961172994178,0.03615402686635427,0.039591301668705114,0.9985616603638323,-1.7245686384409709
0.9851503482642272,0.16619686795871402,-0.04309753122715587,7.686227652127059,-0.1676928156278225,0.9852607198999593,-0.03376974221112346,-1.3024936601444654,0.036849872483531665,0.04049541667917783,0.9984999824617804,-1.7586354691753883
0.984526864844339,0.16960613263271096,-0.04405247421126038,7.844383425376407,-0.1711648938370514,0.9846418533221157,-0.03439384652587089,-1.342618653995837,0.03754249927613268,0.04140190186209458,0.9984369645242941,-1.7926022482704482
0.9838906527510405,0.17301242737803335,-0.04500964706852739,8.002423576115547,-0.17463527103975118,0.9840103686225365,-0.03501455627996859,-1.3832703907661195,0.03823201315540817,0.04231076641624926,0.9983727373580781,-1.826468965416332
0.9832418008609736,0.1764156816999627,-0.04596882062809479,8.160348037356357,-0.17810390089733655,0.9833663163910317,-0.035631883902964456,-1.4244483983970415,0.038918165332032184,0.043221983871019,0.9983071576142535,-1.8602356137398317
0.9825802039433205,0.17981596115020348,-0.046930107970949264,8.318156708616726,-0.18157080024475286,0.9827096460377901,-0.03624579091047475,-1.4661519688011833,0.03960108643819424,0.044135532521174914,0.998240356730464,-1.8939021829311287
0.9819058677057653,0.18321320512847805,-0.04789349269996754,8.47584948941443,-0.18503599858564207,0.9820403491453379,-0.03685626756183191,-1.508380393891139,0.04028079086765776,0.045051399860282004,0.9981722131891736,-1.9274686626804183
0.9812188855709065,0.18660734618192265,-0.048858977845854745,8.633426346255476,-0.1884993315668461,0.9813584763034853,-0.03746331227344687,-1.5511334376377715,0.0409572390761451,0.04596958906439541,0.9981028471364759,-1.9609350495510895
0.980519288451493,0.1899981076084405,-0.04982653037416579,8.790871728831888,-0.19196058424539542,0.9806640486408839,-0.03806692703011587,-1.5944123107978978,0.04163044287128548,0.046890087330808405,0.9980321353477869,-1.9943035827503905
0.979806982941752,0.1933858221476239,-0.05079606278104132,8.948200597129869,-0.19542003898902008,0.9799570534463555,-0.03866711513982664,-1.6382143864399463,0.04230027702232528,0.04781287549864571,0.9979601886800314,-2.027575797226227
0.9790820163086078,0.19677024891928951,-0.05176765759890972,9.105397857187029,-0.19887751035839044,0.9792374570500036,-0.039263822585204174,-1.6825413473789386,0.04296687149403017,0.04873791836550634,0.9978870156013296,-2.0607501442842775
0.9783444373567383,0.20015137345780154,-0.0527413102270321,9.26247841874843,-0.20233293092874863,0.9785053774663978,-0.03985706201370337,-1.7273902126395964,0.043630206299473534,0.04966523988470106,0.9978124958044969,-2.0938281537175456
0.9775942251523597,0.20352902575792697,-0.0537170258547387,9.41942718785171,-0.20578615318188365,0.9777607304358312,-0.040446859501400846,-1.7727626650369448,0.044290283586533225,0.0505948350302865,0.9977366897395439,-2.126808276831703
0.9768313926485934,0.20690334952560718,-0.05469468414015061,9.576243674657292,-0.20923735413965092,0.9770035370019883,-0.04103317608561615,-1.8186579964836422,0.044946982191043816,0.05152665909873777,0.9976596449765307,-2.1596942980917078
0.9760559524902339,0.21027409321734147,-0.05567425579895535,9.732928168040388,-0.2126862008445125,0.9762338815095424,-0.041616049969099164,-1.865075498892205,0.04560030081559782,0.05246073789931216,0.9975812985932171,-2.1924824124129785
0.975267849687544,0.213641534684335,-0.056655852909566096,9.889465167934134,-0.2161330641751201,0.9754516838225562,-0.042195387087747366,-1.9120167370631602,0.04625036493747792,0.053397012964705004,0.9975017220068118,-2.225174864157651
0.9744672547147193,0.2170053019429954,-0.05763949629571874,10.045869600830713,-0.21957746790694574,0.9746570114507552,-0.042771231957417125,-1.9594788480357987,0.046897142086023635,0.05433549250297309,0.9974207975187726,-2.257773184837042
0.9736540361259767,0.22036551239155955,-0.05862478853819647,10.202140993637585,-0.22301957639315462,0.973849881229087,-0.04334361863584256,-2.007461241737344,0.04754030122203762,0.05527616446863892,0.997338664105172,-2.2902811606344287
0.9728282872089133,0.22372202385342632,-0.05961222027309293,10.358264625002704,-0.2264592927053375,0.9730302131065818,-0.04391244640046076,-2.0559654829681815,0.04818029713501684,0.05621900600105073,0.997255252271886,-2.3226934463623863
0.971989943197527,0.2270750063338287,-0.06060154041500526,10.514239988339426,-0.22989674327554124,0.972198091342946,-0.04447775349650314,-2.104990745626404,0.04881691177931277,0.0571640221261519,0.9971705961742252,-2.355013824767589
0.9711390235891981,0.2304242136209247,-0.06159273775614044,10.670082026887002,-0.23333165415351256,0.9713535412755682,-0.045039556259378735,-2.154534284765864,0.04945012817502778,0.058111208147370585,0.997084634744664,-2.387243829079644
0.9702756358877229,0.23376951538018176,-0.06258579415473225,10.82577561318891,-0.23676394949701968,0.970496605076784,-0.04559783414494158,-2.2045975471724564,0.0500799203124965,0.05906053249931842,0.9969974260393587,-2.4193819071676117
0.9693997491635269,0.2371110472777911,-0.06358085483265874,10.981320646762981,-0.24019372623446017,0.9696271815669729,-0.04615255630511274,-2.2551798247587573,0.050706441159120985,0.06001199624155462,0.996908925041024,-2.451428048721681
0.9685112773407987,0.2404488272479437,-0.06457764171000846,11.136702000152752,-0.24362099278331298,0.9687453339621553,-0.04670374018058795,-2.3062825643106653,0.05132942991753797,0.060965567575182955,0.9968191631352376,-2.483380701610919
0.9676103347590947,0.24378266777791602,-0.0655762784651534,11.291934210492968,-0.2470456142940591,0.9678510960171939,-0.04725135835085157,-2.3579029028675347,0.05194900967062324,0.061921235780892814,0.9967281530118399,-2.5152451921214265
0.9666968669060534,0.24711266528989917,-0.06657676666812734,11.447017177301461,-0.2504676286878146,0.9669444213510148,-0.04779539975203778,-2.4100401323419494,0.05256518601153998,0.06287899096542493,0.9966358948319223,-2.54702150994337
0.9657709687252005,0.250438651726288,-0.06757907801606022,11.601935781495285,-0.25388687161142104,0.9660254069345015,-0.04833585279949913,-2.4626957585270883,0.05317793421934952,0.06383880543391146,0.996542385691509,-2.578708103804985
0.9648325788515884,0.25376054589099084,-0.06858320391788197,11.75670494119305,-0.25730332197870986,0.9650939811341583,-0.04887271538886828,-2.5158668594549543,0.053787275569705195,0.0648006725379704,0.9964475647915593,-2.6103065043584195
0.963881754463408,0.25707843050102674,-0.06958916103238816,11.911309520564771,-0.26071697137220745,0.9641502155834812,-0.04940599541683516,-2.569554822904143,0.05439318921652925,0.06576461374932274,0.9963515536764577,-2.641815158613582
0.9629185253453318,0.2603920871731855,-0.07059680719070516,12.065749029770899,-0.2641276933598735,0.9631941398285954,-0.04993572531506894,-2.6237589407873205,0.0549955522686732,0.06673060653668828,0.9962542179240396,-2.673237851035452
0.9619428041416453,0.26370163787689904,-0.07160636295149392,12.220023359955746,-0.26753553428029303,0.9622257116971631,-0.05046178518253828,-2.6784784460097857,0.055594628338801994,0.06769860093709085,0.996155640081973,-2.7045745704550654
0.9609547666918541,0.26700689662037114,-0.07261747557371456,12.374132402263626,-0.27094031294536686,0.9612449649440472,-0.05098429652510096,-2.733712571476845,0.056190024900363456,0.06866860105455885,0.9960558438753396,-2.7358253057034503
0.9599542696069543,0.270307885900575,-0.07363037124163974,12.528076056212399,-0.2743421136147963,0.9602519627852693,-0.051503185541168846,-2.789460609101086,0.05678199633584671,0.06964061956021306,0.9959547925938836,-2.766990046470795
0.9589414162039853,0.2736045908335871,-0.07464506332168758,12.681854212946376,-0.2777408309427074,0.959246582997523,-0.05201846355499857,-2.845721791787808,0.05737051706516197,0.07061463551211206,0.9958524876090473,-2.7980687815881353
0.9579161973573829,0.2768969531469896,-0.07566139012961004,12.83545172826203,-0.2811364649291019,0.9582289983939242,-0.052530109262514744,-2.902497448308333,0.05795549814827522,0.07159061744073114,0.9957489123314507,-2.8290599572062405
0.9568785692012769,0.2801850166559774,-0.07667947109177564,12.988883137200759,-0.2845290534950937,0.9571990951686403,-0.05303808233535713,-2.9597847009502,0.05853704894172265,0.07256853838139016,0.9956441389322299,-2.8599688993964065
0.9558286266791933,0.2834685862347772,-0.07769930474751302,13.142133297652435,-0.2879184322875246,0.9561569660838184,-0.053542373293249006,-3.0175848932365437,0.05911514472456561,0.07354839588559914,0.9955380474263822,-2.8907940545241857
0.9547663931160697,0.28674766264385276,-0.07872065464208328,13.295217125642296,-0.2913045043779984,0.9551026111394586,-0.05404308544141957,-3.0758950884475507,0.05968955841270704,0.07453019736502758,0.9954307333879437,-2.921536953026944
0.9536917880087774,0.2900222798039582,-0.07974371859164225,13.448119482200298,-0.2946873751123848,0.9540359755370126,-0.05454009098214642,-3.1347166522340917,0.060260537936321745,0.07551390189080748,0.9953222171135542,-2.9521960415924227
0.9526049459799557,0.29329226584675716,-0.08076841805409274,13.600839862833197,-0.29806681271276914,0.952957215254649,-0.05503345868462681,-3.194048773246079,0.060827949647510454,0.07649952709723912,0.9952124306269498,-2.982775103182071
0.9515057648574672,0.2965576645874446,-0.08179471162181884,13.753378541762658,-0.3014429520286683,0.9518662164865357,-0.05552316379597899,-3.2538906401332763,0.06139178905010939,0.07748704601964235,0.9951013696795611,-3.013270331207785
0.9503943506073549,0.2998183472124154,-0.08282268910995755,13.905735012402005,-0.3048155992032787,0.9507630214050088,-0.056009163623083454,-3.31424142679378,0.061952180086145475,0.07847644191596781,0.9949891034043065,-3.0436855084162175
0.949270593076819,0.30307442350685676,-0.08385227269618178,14.057894137874598,-0.30818491858976166,0.9496477058523003,-0.056491478991717754,-3.375102513630276,0.06250899924316736,0.07946771101155864,0.9948756238163384,-3.074019081709899
