0.17364822328090668,-3.924501257301927e-08,-0.9848077297210693,-142.74038696289062,-0.9848077297210693,-2.9154328728964174e-08,-0.17364822328090668,-6.682406902313232,-2.189658232509828e-08,1.0,-4.371138828673793e-08,49.999996185302734
0.1747683584690094,-0.0009375539957545698,-0.9846091270446777,-142.61801147460938,-0.9846091270446777,0.0008078534156084061,-0.17476911842823029,-6.601680278778076,0.0009592752903699875,0.9999992251396179,-0.0007819369784556329,50.07928466796875
0.17588728666305542,-0.0018760034581646323,-0.9844084978103638,-142.4958038330078,-0.984408438205719,0.00161466421559453,-0.17589034140110016,-6.520750045776367,0.0019194601336494088,0.9999969601631165,-0.0015627547400072217,50.15862274169922
0.1770051121711731,-0.002815267303958535,-0.9842059016227722,-142.37376403808594,-0.9842057228088379,0.0024204221554100513,-0.17701199650764465,-6.439616680145264,0.0028805299662053585,0.999993085861206,-0.0023423752281814814,50.23801040649414
0.17812183499336243,-0.003755460027605295,-0.9840012788772583,-142.25189208984375,-0.9840009212493896,0.0032251039519906044,-0.17813408374786377,-6.358280658721924,0.003842481877654791,0.9999877214431763,-0.003120914800092578,50.31744384765625
0.1792374551296234,-0.004696578718721867,-0.983794629573822,-142.13018798828125,-0.983794093132019,0.004028707277029753,-0.1792566031217575,-6.2767415046691895,0.00480531295761466,0.9999808669090271,-0.003898371011018753,50.39692687988281
0.1803518533706665,-0.00563861895352602,-0.9835860133171082,-142.00865173339844,-0.9835852384567261,0.004831230267882347,-0.18037940561771393,-6.194999694824219,0.00576902087777853,0.999972403049469,-0.004674741066992283,50.47645950317383
0.18146511912345886,-0.006581578869372606,-0.9833753705024719,-141.8872833251953,-0.983374297618866,0.005632669664919376,-0.18150264024734497,-6.11305570602417,0.006733602378517389,0.9999624490737915,-0.0054500228725373745,50.55603790283203
0.18257728219032288,-0.0075253383256495,-0.9831627011299133,-141.76608276367188,-0.9831613898277283,0.006433047354221344,-0.18262626230716705,-6.030909061431885,0.0076990569941699505,0.9999510049819946,-0.006224093493074179,50.63566589355469
0.18368831276893616,-0.008470010943710804,-0.9829480648040771,-141.64505004882812,-0.9829463362693787,0.007232336793094873,-0.18375031650066376,-5.9485602378845215,0.008665379136800766,0.9999379515647888,-0.006997070740908384,50.71533966064453
0.1847982108592987,-0.009415593929588795,-0.9827314019203186,-141.52418518066406,-0.9827292561531067,0.008030537515878677,-0.1848747581243515,-5.86600923538208,0.009632566943764687,0.9999234080314636,-0.00776895135641098,50.79505920410156
0.18590685725212097,-0.010362084023654461,-0.9825127124786377,-141.4034881591797,-0.9825102090835571,0.008827646262943745,-0.18599946796894073,-5.783256530761719,0.010600617155432701,0.999907374382019,-0.008539732545614243,50.87482452392578
0.1870143562555313,-0.01130947656929493,-0.9822920560836792,-141.282958984375,-0.9822890758514404,0.009623661637306213,-0.1871245801448822,-5.7003021240234375,0.01156952790915966,0.9998897314071655,-0.009309411980211735,50.95463562011719
0.18812072277069092,-0.0122577715665102,-0.9820694327354431,-141.16259765625,-0.9820658564567566,0.01041858084499836,-0.1882500797510147,-5.617146015167236,0.01253929641097784,0.9998705983161926,-0.010077987797558308,51.03449249267578
0.1892259418964386,-0.013206963427364826,-0.9818447232246399,-141.0424041748047,-0.9818406105041504,0.011212402023375034,-0.18937596678733826,-5.533788681030273,0.013509919866919518,0.9998499155044556,-0.010845456272363663,51.11439514160156
0.19033001363277435,-0.014157050289213657,-0.9816181063652039,-140.92239379882812,-0.9816133379936218,0.012005123309791088,-0.19050222635269165,-5.450229644775391,0.014481395483016968,0.9998276829719543,-0.011611814610660076,51.19434356689453
0.1914329081773758,-0.015107912942767143,-0.9813894033432007,-140.80255126953125,-0.9813840389251709,0.012796766124665737,-0.1916288584470749,-5.366469860076904,0.015453722327947617,0.9998039603233337,-0.012376941740512848,51.27433776855469
0.1925346553325653,-0.016059663146734238,-0.9811587333679199,-140.68287658691406,-0.9811526536941528,0.013587302528321743,-0.19275586307048798,-5.282508850097656,0.016426894813776016,0.999778687953949,-0.01314095500856638,51.354373931884766
0.19363512098789215,-0.01701241359114647,-0.9809260964393616,-140.56336975097656,-0.9809193015098572,0.014376712031662464,-0.19388312101364136,-5.198347091674805,0.017400911077857018,0.9997519254684448,-0.013903968967497349,51.43445587158203
0.19473440945148468,-0.017965931445360184,-0.9806914329528809,-140.44403076171875,-0.9806838631629944,0.015165036544203758,-0.1950107216835022,-5.11398458480835,0.01837577112019062,0.9997236132621765,-0.01466574426740408,51.51457977294922
0.1958325356245041,-0.018920326605439186,-0.9804548025131226,-140.3248748779297,-0.9804463982582092,0.015952248126268387,-0.19613869488239288,-5.029421806335449,0.01935146562755108,0.999693751335144,-0.015426396392285824,51.594749450683594
0.196929469704628,-0.019875597208738327,-0.9802161455154419,-140.2058868408203,-0.9802069067955017,0.016738343983888626,-0.19726699590682983,-4.9446587562561035,0.020327994599938393,0.9996623396873474,-0.016185924410820007,51.67496109008789
0.19802521169185638,-0.02083185687661171,-0.9799755215644836,-140.08706665039062,-0.979965329170227,0.017523301765322685,-0.19839566946029663,-4.8596954345703125,0.021305356174707413,0.9996294379234314,-0.016944441944360733,51.75521469116211
0.19911977648735046,-0.02178887091577053,-0.9797329306602478,-139.96841430664062,-0.9797217845916748,0.018307166174054146,-0.1995246708393097,-4.774531841278076,0.02228355035185814,0.9995949864387512,-0.017701711505651474,51.83551025390625
0.20021302998065948,-0.022746747359633446,-0.9794883131980896,-139.84994506835938,-0.9794761538505554,0.01908991113305092,-0.20065388083457947,-4.689168453216553,0.023262567818164825,0.9995589852333069,-0.018457848578691483,51.91584777832031
0.2013053297996521,-0.02370537631213665,-0.979241669178009,-139.7316436767578,-0.9792284965515137,0.019871557131409645,-0.2017836719751358,-4.6036057472229,0.02424241416156292,0.9995214939117432,-0.01921273022890091,51.9962272644043
0.20239628851413727,-0.024664979428052902,-0.9789930582046509,-139.61351013183594,-0.9789788126945496,0.020652059465646744,-0.20291367173194885,-4.517843246459961,0.025223083794116974,0.9994824528694153,-0.019966593012213707,52.0766487121582
0.20348605513572693,-0.02562544122338295,-0.9787424206733704,-139.4955596923828,-0.9787271022796631,0.021431440487504005,-0.20404398441314697,-4.431881427764893,0.026204576715826988,0.9994418621063232,-0.020719313994050026,52.15711212158203
0.2045745998620987,-0.026586638763546944,-0.978489875793457,-139.37777709960938,-0.9784733653068542,0.022209713235497475,-0.20517462491989136,-4.345720291137695,0.027186881750822067,0.9993997812271118,-0.021470773965120316,52.23761749267578
0.20566193759441376,-0.02754880301654339,-0.9782352447509766,-139.26016235351562,-0.978217601776123,0.022986825555562973,-0.20630556344985962,-4.259360313415527,0.028169995173811913,0.9993561506271362,-0.02222120761871338,52.31816101074219
0.20674805343151093,-0.028511812910437584,-0.9779787063598633,-139.14273071289062,-0.9779597520828247,0.023762807250022888,-0.20743682980537415,-4.172801494598389,0.029153918847441673,0.9993109703063965,-0.022970492020249367,52.398746490478516
0.207832932472229,-0.029475552961230278,-0.9777201414108276,-139.0254669189453,-0.9776999354362488,0.02453768253326416,-0.20856837928295135,-4.086043834686279,0.0301386546343565,0.9992642998695374,-0.02371850609779358,52.4793701171875
0.20891660451889038,-0.030440248548984528,-0.9774596095085144,-138.90838623046875,-0.9774380326271057,0.025311393663287163,-0.20970024168491364,-3.9990878105163574,0.031124191358685493,0.9992160797119141,-0.024465486407279968,52.560035705566406
0.20999914407730103,-0.03140566870570183,-0.9771970510482788,-138.79147338867188,-0.9771741032600403,0.026083994656801224,-0.21083252131938934,-3.911933422088623,0.032110538333654404,0.9991663098335266,-0.025211192667484283,52.64073944091797
0.21108044683933258,-0.032372042536735535,-0.9769324660301208,-138.6747283935547,-0.9769082069396973,0.026855429634451866,-0.21196508407592773,-3.824580669403076,0.033097684383392334,0.9991150498390198,-0.02595585770905018,52.72148132324219
0.21216049790382385,-0.03333912789821625,-0.9766659736633301,-138.55816650390625,-0.9766402244567871,0.027625737711787224,-0.2130979299545288,-3.737030029296875,0.03408561646938324,0.9990622401237488,-0.026699243113398552,52.80226135253906
0.21323931217193604,-0.03430704399943352,-0.9763974547386169,-138.4417724609375,-0.9763702154159546,0.02839490957558155,-0.21423104405403137,-3.6492815017700195,0.035074349492788315,0.9990078806877136,-0.027441464364528656,52.88308334350586
0.21431685984134674,-0.035275898873806,-0.9761269688606262,-138.3255615234375,-0.9760981798171997,0.029162904247641563,-0.2153644561767578,-3.561335325241089,0.036063872277736664,0.9989520311355591,-0.028182638809084892,52.96393966674805
0.21539317071437836,-0.03624546155333519,-0.9758545160293579,-138.2095184326172,-0.9758241772651672,0.029929781332612038,-0.21649812161922455,-3.473191499710083,0.03705418482422829,0.9988946318626404,-0.02892252616584301,53.04483413696289
0.2164682000875473,-0.037215955555438995,-0.975580096244812,-138.09365844726562,-0.9755480885505676,0.030695470049977303,-0.21763207018375397,-3.384850263595581,0.03804527595639229,0.9988356828689575,-0.029661359265446663,53.12576675415039
0.21754197776317596,-0.03818714991211891,-0.9753036499023438,-137.9779815673828,-0.9752700328826904,0.03146004304289818,-0.2187662571668625,-3.296311855316162,0.039037156850099564,0.9987752437591553,-0.0303989015519619,53.20673751831055
0.2186145931482315,-0.039159275591373444,-0.9750252366065979,-137.8624725341797,-0.9749898910522461,0.032223425805568695,-0.21990084648132324,-3.2075765132904053,0.04002980887889862,0.9987132549285889,-0.031135383993387222,53.287742614746094
0.21968582272529602,-0.04013208672404289,-0.9747448563575745,-137.7471466064453,-0.9747077822685242,0.03298568353056908,-0.22103555500507355,-3.1186442375183105,0.041023243218660355,0.9986497759819031,-0.03187057003378868,53.3687858581543
0.22075589001178741,-0.04110582917928696,-0.9744625091552734,-137.63198852539062,-0.9744235873222351,0.033746760338544846,-0.2221706211566925,-3.029515504837036,0.042017459869384766,0.9985847473144531,-0.03260469436645508,53.44986343383789
0.2218247950077057,-0.04208026081323624,-0.97417813539505,-137.5170135498047,-0.9741374254226685,0.034506700932979584,-0.2233060598373413,-2.940190076828003,0.04301245138049126,0.998518168926239,-0.033337514847517014,53.53097915649414
0.2228924036026001,-0.04305560514330864,-0.9738917946815491,-137.4022216796875,-0.9738491773605347,0.03526544198393822,-0.2244417369365692,-2.850668430328369,0.04400819540023804,0.9984501004219055,-0.03406926989555359,53.61212921142578
0.22395871579647064,-0.04403162747621536,-0.9736034870147705,-137.28759765625,-0.9735589623451233,0.03602303937077522,-0.22557763755321503,-2.7609505653381348,0.0450047068297863,0.9983804821968079,-0.034799713641405106,53.69331359863281
0.22502385079860687,-0.04500856623053551,-0.9733131527900696,-137.17315673828125,-0.9732667207717896,0.03677945211529732,-0.2267138808965683,-2.671036720275879,0.046001993119716644,0.998309314250946,-0.035529084503650665,53.774532318115234
0.22608767449855804,-0.04598617926239967,-0.9730208516120911,-137.05889892578125,-0.9729724526405334,0.03753472492098808,-0.22785036265850067,-2.5809271335601807,0.047000035643577576,0.9982366561889648,-0.036257144063711166,53.85578536987305
0.22715020179748535,-0.04696469008922577,-0.9727266430854797,-136.94480895996094,-0.972676157951355,0.038288794457912445,-0.22898705303668976,-2.49062180519104,0.047998834401369095,0.9981624484062195,-0.03698412701487541,53.93707275390625
0.2282114177942276,-0.04794387146830559,-0.972430408000946,-136.83090209960938,-0.9723778367042542,0.03904172033071518,-0.23012395203113556,-2.4001212120056152,0.0489983893930912,0.9980867505073547,-0.037709791213274,54.018394470214844
0.22927142679691315,-0.048923835158348083,-0.9721322059631348,-136.71717834472656,-0.9720775485038757,0.0397934727370739,-0.23126117885112762,-2.3094253540039062,0.049998700618743896,0.9980095028877258,-0.03843425214290619,54.09975051879883
0.23033000528812408,-0.04990468546748161,-0.9718320965766907,-136.6036376953125,-0.971775233745575,0.04054402932524681,-0.23239850997924805,-2.218534231185913,0.05099976062774658,0.9979307055473328,-0.03915763273835182,54.18113708496094
0.23138736188411713,-0.05088619515299797,-0.9715299606323242,-136.49026489257812,-0.9714708924293518,0.041293416172266006,-0.23353613913059235,-2.127448320388794,0.05200155824422836,0.9978504180908203,-0.039879683405160904,54.26255798339844
0.23244352638721466,-0.05186859890818596,-0.9712258577346802,-136.3770751953125,-0.9711645245552063,0.0420415997505188,-0.2346740961074829,-2.036167621612549,0.053004104644060135,0.9977685809135437,-0.040600646287202835,54.34401321411133
0.23349834978580475,-0.05285176634788513,-0.9709197878837585,-136.26406860351562,-0.9708561897277832,0.04278859868645668,-0.2358122318983078,-1.9446923732757568,0.054007388651371,0.9976852536201477,-0.04132039472460747,54.425498962402344
0.2345518320798874,-0.05383558198809624,-0.9706117510795593,-136.1512451171875,-0.9705458283424377,0.04353444650769234,-0.2369505614042282,-1.853022813796997,0.05501141771674156,0.9976003766059875,-0.04203881323337555,54.507015228271484
0.2356039583683014,-0.05482026934623718,-0.9703017473220825,-136.03860473632812,-0.9702334403991699,0.0442790761590004,-0.23808906972408295,-1.7611589431762695,0.05601617321372032,0.9975139498710632,-0.042756132781505585,54.588565826416016
0.2366548776626587,-0.05580572038888931,-0.9699897766113281,-135.9261474609375,-0.9699190855026245,0.04502251371741295,-0.23922786116600037,-1.6691011190414429,0.05702166259288788,0.9974260330200195,-0.04347223415970802,54.67014694213867
0.2377045452594757,-0.05679193139076233,-0.9696758389472961,-135.81387329101562,-0.969602644443512,0.04576475918292999,-0.24036695063114166,-1.5768494606018066,0.05802788585424423,0.9973365664482117,-0.044187113642692566,54.75175857543945
0.23875285685062408,-0.05777888745069504,-0.9693599343299866,-135.70176696777344,-0.9692842364311218,0.04650581255555153,-0.2415062040090561,-1.4844040870666504,0.05903483182191849,0.9972456097602844,-0.04490077123045921,54.83340072631836
0.23979981243610382,-0.05876659229397774,-0.9690420627593994,-135.58984375,-0.9689638614654541,0.047245677560567856,-0.24264562129974365,-1.3917653560638428,0.06004250794649124,0.997153103351593,-0.04561319947242737,54.91507339477539
0.24084541201591492,-0.05975503847002983,-0.9687222838401794,-135.4781036376953,-0.968641459941864,0.04798433557152748,-0.24378520250320435,-1.2989332675933838,0.061050888150930405,0.9970591068267822,-0.04632440209388733,54.99677276611328
0.24188974499702454,-0.06074422970414162,-0.9684004783630371,-135.36654663085938,-0.9683170318603516,0.0487217903137207,-0.24492503702640533,-1.2059080600738525,0.06205998733639717,0.9969635605812073,-0.0470343716442585,55.0785026550293
0.24293281137943268,-0.0617341622710228,-0.9680767059326172,-135.2551727294922,-0.9679906368255615,0.04945804923772812,-0.2460651397705078,-1.1126899719238281,0.06306981295347214,0.9968664646148682,-0.04774310812354088,55.16026306152344
0.24397452175617218,-0.06272494047880173,-0.9677510261535645,-135.14398193359375,-0.9676622152328491,0.050193075090646744,-0.24720540642738342,-1.0192791223526,0.06408034265041351,0.9967678785324097,-0.04845072701573372,55.24205017089844
0.245014950633049,-0.0637163445353508,-0.9674233198165894,-135.03297424316406,-0.9673317670822144,0.05092693120241165,-0.24834589660167694,-0.9256757497787476,0.06509159505367279,0.9966678023338318,-0.04915698617696762,55.32386779785156
0.24605399370193481,-0.06470847874879837,-0.9670937061309814,-134.92214965820312,-0.966999351978302,0.051659584045410156,-0.2494865357875824,-0.8318800330162048,0.06610355526208878,0.9965661764144897,-0.049862008541822433,55.40571212768555
0.2470918744802475,-0.0657014548778534,-0.9667620658874512,-134.81150817871094,-0.9666649103164673,0.05239098519086838,-0.2506275475025177,-0.7378921508789062,0.06711620837450027,0.9964630007743835,-0.05056590586900711,55.487586975097656
0.24812835454940796,-0.06669515371322632,-0.9664285182952881,-134.7010498046875,-0.9663284420967102,0.053121164441108704,-0.25176864862442017,-0.6437122821807861,0.06812955439090729,0.996358335018158,-0.0512685552239418,55.569488525390625
0.2491634339094162,-0.06768956035375595,-0.9660930037498474,-134.5907745361328,-0.9659900069236755,0.053850140422582626,-0.25290989875793457,-0.549340546131134,0.06914360076189041,0.9962521195411682,-0.05196995660662651,55.65141677856445
0.2501971125602722,-0.06868468970060349,-0.9657555818557739,-134.48068237304688,-0.9656496047973633,0.054577913135290146,-0.2540512681007385,-0.45477724075317383,0.07015835493803024,0.9961444139480591,-0.052670110017061234,55.73337173461914
0.2512293756008148,-0.06968052685260773,-0.9654161930084229,-134.3707733154297,-0.9653072357177734,0.055304478853940964,-0.25519272685050964,-0.36002251505851746,0.07117380201816559,0.9960351586341858,-0.053369008004665375,55.81535339355469
0.2522604465484619,-0.07067707180976868,-0.9650748372077942,-134.2610626220703,-0.9649628400802612,0.0560297928750515,-0.256334513425827,-0.26507654786109924,0.07218991965055466,0.9959244132041931,-0.054066650569438934,55.897361755371094
0.2532901167869568,-0.07167432457208633,-0.9647315144538879,-134.1515350341797,-0.9646164178848267,0.056753892451524734,-0.25747641921043396,-0.1699395328760147,0.07320671528577805,0.9958121180534363,-0.054763033986091614,55.97939682006836
0.25431859493255615,-0.07267240434885025,-0.9643862247467041,-134.0421905517578,-0.9642680287361145,0.0574767179787159,-0.25861865282058716,-0.07461164891719818,0.07422419637441635,0.9956983327865601,-0.055458277463912964,56.06145477294922
0.2553456425666809,-0.07367118448019028,-0.9640389680862427,-133.9330291748047,-0.96391761302948,0.05819833278656006,-0.2597609758377075,0.020906902849674225,0.07524236291646957,0.9955829977989197,-0.056152258068323135,56.14353942871094
0.25637125968933105,-0.07467065006494522,-0.9636898040771484,-133.8240509033203,-0.9635652303695679,0.05891874432563782,-0.26090338826179504,0.11661592870950699,0.07626122236251831,0.9954661726951599,-0.05684497579932213,56.22564697265625
0.2573956549167633,-0.07567082345485687,-0.9633386731147766,-133.7152557373047,-0.9632108807563782,0.059637900441884995,-0.26204609870910645,0.21251524984836578,0.07728074491024017,0.995347797870636,-0.057536423206329346,56.30778121948242
0.25841861963272095,-0.07667168974876404,-0.9629855751991272,-133.60665893554688,-0.9628545045852661,0.06035585701465607,-0.263188898563385,0.3086046576499939,0.07830095291137695,0.9952279329299927,-0.058226604014635086,56.38993835449219
0.25944024324417114,-0.07767323404550552,-0.962630569934845,-133.4982452392578,-0.9624961614608765,0.06107255816459656,-0.2643318772315979,0.4048839807510376,0.07932182401418686,0.9951065182685852,-0.058915507048368454,56.47211837768555
0.26046043634414673,-0.07867546379566193,-0.9622736573219299,-133.3900146484375,-0.9621357917785645,0.06178804114460945,-0.26547491550445557,0.5013530254364014,0.08034336566925049,0.9949836134910583,-0.059603139758110046,56.554325103759766
0.2614792585372925,-0.07967837154865265,-0.9619147181510925,-133.28196716308594,-0.9617735147476196,0.06250228732824326,-0.26661813259124756,0.5980116128921509,0.08136557042598724,0.9948592185974121,-0.060289494693279266,56.63655471801758
0.2624966502189636,-0.0806819498538971,-0.9615539312362671,-133.1741180419922,-0.9614092111587524,0.06321528553962708,-0.2677614092826843,0.694859504699707,0.08238842338323593,0.9947332739830017,-0.060974571853876114,56.718807220458984
0.26351267099380493,-0.08168632537126541,-0.9611911177635193,-133.0664520263672,-0.9610429406166077,0.06392701715230942,-0.2689048647880554,0.7918964624404907,0.08341193199157715,0.9946057796478271,-0.06165848299860954,56.801082611083984
0.2645273506641388,-0.08269137144088745,-0.9608263969421387,-132.95896911621094,-0.9606746435165405,0.06463751196861267,-0.27004846930503845,0.8891223669052124,0.08443610370159149,0.9944767951965332,-0.0623411126434803,56.88338088989258
0.2655407786369324,-0.08369708806276321,-0.9604597091674805,-132.85166931152344,-0.9603043794631958,0.06534674018621445,-0.271192342042923,0.9865370392799377,0.08546091616153717,0.9943463206291199,-0.06302245706319809,56.9656982421875
0.2665526270866394,-0.08470345288515091,-0.9600911736488342,-132.74456787109375,-0.9599322080612183,0.06605473160743713,-0.2723361551761627,1.0841401815414429,0.08648637682199478,0.9942142963409424,-0.06370250880718231,57.048038482666016
0.2675631046295166,-0.08571048825979233,-0.9597206115722656,-132.6376495361328,-0.9595580101013184,0.06676149368286133,-0.273480087518692,1.181931734085083,0.08751249313354492,0.9940807819366455,-0.06438127160072327,57.130401611328125
0.2685723304748535,-0.08671817928552628,-0.9593481421470642,-132.53091430664062,-0.9591817855834961,0.06746697425842285,-0.2746242880821228,1.2799113988876343,0.0885392352938652,0.9939457774162292,-0.06505873799324036,57.21278381347656
