0.9999999699669843,-9.571300121648937e-16,8.329041200567434e-16,0.0,-9.571300121648937e-16,0.9999999699669828,7.439269617772642e-16,0.0,8.329041200567434e-16,7.439269617772642e-16,1.0000000000000024,0.0
0.9999990260011251,0.001137604835401614,0.0007829844004037469,0.13453436500191174,-0.0011383532243071082,0.9999988939803722,0.0009584067703307799,-0.05824991847467942,-0.0007818932421817322,-0.0009592971372017214,0.9999992251528598,-0.07928847550985552
0.9999961431916359,0.002274383272189477,0.0015670754230953264,0.26893878972055063,-0.002277381201904265,0.9999955539323472,0.0019159203643163887,-0.11672949940466282,-0.0015627109789185147,-0.0019194819307178433,0.9999969601896658,-0.15862654208481786
0.9999913983505474,0.0034104276835729306,0.0023521512842066025,0.40321319135395584,-0.003417176306000176,0.9999900266349437,0.002872538509660107,-0.17543827319702743,-0.0023423314423425628,-0.0028805517134946855,0.9999930859011255,-0.23801419972489413
0.9999847327787499,0.00454574841979251,0.003138328781833222,0.5373574871000812,-0.004557748886838052,0.9999822533890471,0.0038282581587839068,-0.23437577025877232,-0.003120870989570381,-0.0038425035751474645,0.9999877214965336,-0.31744763373284
0.9999761464762431,0.005680335130607427,0.003925605454113741,0.671371759760973,-0.005699098944417841,0.9999722928937723,0.004783076513370767,-0.293542460182902,-0.003898327175880212,-0.004805334605294873,0.9999808669758902,-0.39693065880590694
0.9999656722665402,0.006814070417787772,0.004713977267923457,0.8052559265347554,-0.006841069380711561,0.999960124448638,0.005736990970888813,-0.3529378733764972,-0.004674697207306336,-0.005769042475635152,0.9999724031299054,-0.476463274944102
0.9999532773261279,0.007947052680246421,0.0055034429549386055,0.9390099046192972,-0.007983817293747086,0.9999457048798904,0.006689997997787787,-0.41256154024655345,-0.0054499789883709565,-0.006733623926534044,0.9999624491678689,-0.5560416674501809
0.9999389538923203,0.009079290567059478,0.006293880399276717,1.0726337768167014,-0.00912729865918555,0.9999291567608796,0.007642098285445104,-0.4724139303860717,-0.0062240495844955255,-0.007699078492332568,0.9999510050897754,-0.635669651021388
0.999922768426918,0.010210785779391237,0.007085406105222331,1.2061274603248933,-0.010271547151125042,0.9999102988191406,0.008593285424554814,-0.5324945742020546,-0.006997026807982091,-0.008665400585091233,0.9999379516863406,-0.7153434109604788
0.9999046544681254,0.011341517616760291,0.00787801740211048,1.339490955143816,-0.011416529095469977,0.9998892484529035,0.009543558471365163,-0.592803471694495,-0.007768907399205284,-0.009632588342168364,0.9999234081668538,-0.7950629472674464
0.9998845913154609,0.01247135833069603,0.008671711645862104,1.4727241784716227,-0.012562127093990495,0.9998660436608017,0.010492913649739517,-0.6533401532704808,-0.008539688564200856,-0.010600638503941367,0.9999073745313151,-0.8748282599423121
0.9998626609560811,0.013600431345130776,0.009466484493197829,1.6058271303082563,-0.013708462869454405,0.9998405851575267,0.011441348775302208,-0.7141046189300084,-0.00930936797465612,-0.011569549207757521,0.9998897315704347,-0.9546393489850686
0.9998388608024257,0.014728751334843134,0.010262336429279975,1.7387998106537168,-0.014855521747082944,0.9998128755306388,0.012388861096534838,-0.7750968686730779,-0.010077943767926364,-0.012539317659648523,0.9998705984935023,-1.0344962143957162
0.9998130734562646,0.015856293274813592,0.011059262274514144,1.8716421367061287,-0.016003324427357357,0.9997829708916927,0.013335447808753694,-0.83631643290677,-0.010845412218725967,-0.013509941065648966,0.999849915695873,-1.114398856174276
0.9997854724273821,0.01698305716504203,0.01185726051799802,2.0043391642939525,-0.017151825184776866,0.9997508712406884,0.01428110675416642,-0.8977664308856141,-0.01161177053308062,-0.01448141663179113,0.9998276831775467,-1.1943472743213306
0.9997558816184285,0.018109013655970955,0.01265621004188145,2.1369057547867953,-0.01830105507006081,0.9997165714025057,0.015225838327287406,-0.9594432737621652,-0.012376897639062641,-0.015453743426753609,0.9998039605431629,-1.2743414688363046
0.9997244184276386,0.01923420244739824,0.013456225758682798,2.269341990986362,-0.019450993382730437,0.9996800178531501,0.016169634419606484,-1.0213474311292536,-0.013140910883311756,-0.016426915862598045,0.999778688188082,-1.3543776250219182
0.9996910621545361,0.020358470765833938,0.014257422204308793,2.401647790090948,-0.02060152272455844,0.99964130470281,0.017112494421727967,-1.0834784333940455,-0.013903924818508115,-0.017400932076688032,0.9997519257169538,-1.4344595575754582
0.9996557696253565,0.02148194203521046,0.01505956280783149,2.5338231521003536,-0.02175274149445261,0.9996003326661766,0.01805441917583812,-1.145836280556459,-0.014665700094749778,-0.018375792069016,0.9997236135251233,-1.514583451799652
0.9996186047143402,0.022604620580065467,0.015862760647419302,2.665852967239431,-0.022904668691732247,0.9995571630299255,0.01899540024998306,-1.208423152685267,-0.015426352196032785,-0.01935148652635735,0.9996937516125954,-1.5947531223923832
0.9995795009596918,0.023726477050841497,0.016667014373892414,2.7977522624813673,-0.02405727064230183,0.999511790618936,0.019935434569196754,-1.2712364001187773,-0.016185880191038206,-0.020328015448713262,0.9996623399793703,-1.6749647546557824
0.9995385248232116,0.024847521797779142,0.01747243976377626,2.929521037826248,-0.02521058102025935,0.9994641567340935,0.020874519851458682,-1.3342760228569865,-0.0169443977011165,-0.02130537697343684,0.9996294382300978,-1.7552183485898567
0.9994956685422087,0.025967748795175792,0.018278797926628017,3.0611592932740166,-0.02636455580126344,0.9994143813611879,0.021812659367031105,-1.3975420208998983,-0.01770166723901245,-0.022283571100530978,0.9995949867601226,-1.835513904194599
0.999450852717092,0.027087046670503843,0.01908619978282373,3.192651919049325,-0.027519087937327477,0.999362323813948,0.022749846194862453,-1.4610365743162,-0.018457804288731113,-0.023262588516771716,0.9995589855694498,-1.9158514214706202
0.9994041420368602,0.028205757268212287,0.019894533547972472,3.3240138593237134,-0.02867454429791692,0.9993081048929326,0.023686081429518557,-1.5247565638513656,-0.019212685915681784,-0.02424243481008221,0.9995214942627191,-1.9962309004173378
0.9993555305116345,0.029323499044054017,0.020704025272090885,3.4552451968990567,-0.029830547663328138,0.9992516573215777,0.0246213595366194,-1.5887024590983145,-0.01996654867580694,-0.02522310439254221,0.9994824532352958,-2.0766523410347446
0.9993049775552156,0.030440418745816284,0.0215145573443036,3.5863308220000647,-0.030987211107250185,0.9991930069754847,0.025555682474741794,-1.652876440125734,-0.020719269634526024,-0.02620459726414587,0.9994418624871747,-2.157115743323452
0.9992526031533885,0.03155648702394115,0.022326006433568378,3.717285761600124,-0.032144528603977846,0.9991321486795337,0.026489041736947046,-1.7172758572720177,-0.021470729582544375,-0.027186902249023467,0.9993997816229955,-2.2376211072828482
0.9991982260336981,0.032671718553207184,0.023138609055418653,3.848109932897131,-0.033302501854680804,0.9990690850212849,0.027421426068690895,-1.7819002409441609,-0.022221163213158684,-0.028170015621884117,0.9993561510381239,-2.3181646182156967
0.9991420274686044,0.033786109009076394,0.023952240802156948,3.978788308917842,-0.03446112915819183,0.9990037547140631,0.02835284379560444,-1.846752240803859,-0.022970447591781212,-0.029153939245371813,0.9993109707325543,-2.3987500908198527
0.9990838822971916,0.03489962301628882,0.02476678373946026,4.10933591663553,-0.035620387190653406,0.9989362725685379,0.029283298710613127,-1.9118292071894167,-0.023718461646483245,-0.030138674982135766,0.9992643003109262,-2.4793737103974607
0.9990238543937053,0.03601231062488275,0.025582469850155068,4.239737646274989,-0.03678029495138752,0.9988665263616002,0.0302127730857956,-1.9771333201696066,-0.024465441933195522,-0.031124211656300436,0.9992160801686053,-2.560039291646383
0.9989619031719414,0.037124234858511546,0.026399062295265525,4.370008524809492,-0.037940965514080646,0.9987945877301655,0.03114128001004217,-2.0426619300827404,-0.025211148170693094,-0.03211055858109039,0.9991663103055811,-2.640743019868772
0.9988980053438684,0.03823528264348298,0.027216796402862547,4.50014855223904,-0.03910226680572935,0.9987204972604277,0.03206880423667147,-2.1084150369288146,-0.025955813189623526,-0.03309770458064055,0.9991150503265089,-2.721484895064627
0.9988322783077058,0.03934546000549909,0.028035426915449017,4.6301426187882555,-0.04026417812584709,0.9986441349665971,0.032995342239123655,-2.1743948207765165,-0.026699198571403033,-0.034085636616431984,0.9990622406267334,-2.8022649172345453
0.9987646020776686,0.04045477126909859,0.02885507284847984,4.760005751430754,-0.04142670550013898,0.9985655621353485,0.03392090554614334,-2.2405986319643283,-0.027441419800035987,-0.03507436958962705,0.9990078812062595,-2.8830869010752096
0.9986950405279972,0.041563187084723535,0.029675847709888636,4.889722881791812,-0.0425898679279244,0.998484773591562,0.034845472561901555,-2.3070288853572265,-0.028182594222163574,-0.03606389232435601,0.9989520316697372,-2.9639432171926856
0.9986235858960006,0.04267072645169071,0.030497513690367094,5.019309036845073,-0.0437536213848619,0.9984018332094725,0.03576906187832931,-2.3736829312936862,-0.02892248155656285,-0.03705420482061944,0.9988946324125113,-3.044837680283642
0.9985502433568093,0.04377736604614479,0.03132030320250689,5.148749148216041,-0.044917995220514026,0.9983166158281701,0.036691642603630156,-2.440563184638858,-0.029661314633876605,-0.03804529590254472,0.9988356834345924,-3.125770290348683
0.9984749464486176,0.04488311451716236,0.03214397617287935,5.278043174503836,-0.04608295576078009,0.9982292440210047,0.037613246170169104,-2.507669410596286,-0.03039885689817452,-0.03903717674600505,0.998775244340614,-3.2067410473878226
0.9983977823337122,0.04598808061389632,0.03296877299835817,5.407206101280735,-0.04724865407799046,0.9981396159151079,0.03853383931123381,-2.574998724707811,-0.031135339317447986,-0.04002982872454196,0.9987132555259428,-3.2877461367031984
0.9983187018484397,0.047092023514184934,0.03379444022451604,5.536222901573467,-0.048414811351344185,0.9980478100953067,0.03945344353423974,-2.642553776635129,-0.0318705253357713,-0.04102326301403858,0.9986497765952118,-3.368789372992673
0.998237746393773,0.04819518404019041,0.03462122968855517,5.665108519553371,-0.049581662377306004,0.9979537479767738,0.04037204650350813,-2.7103314471236253,-0.03260464964642633,-0.04201747961448267,0.9985847479437877,-3.4498669415583976
0.9981548598581469,0.04929754149143109,0.035448895162640756,5.793847969648112,-0.05074923218089001,0.9978575469577393,0.04128965019552245,-2.7783346206314583,-0.033337470105545566,-0.04301247107529711,0.9985181695716597,-3.530982657098228
0.9980700776526451,0.0503989844953788,0.03627766776558179,5.922441169055702,-0.05191737833885222,0.9977590663519323,0.04220623105587691,-2.84656282756562,-0.03406922513170968,-0.04400821504474191,0.998450101083483,-3.61213270491492
0.9979833971896966,0.05149949235155287,0.03710730666626533,6.050903144749469,-0.053086086176408524,0.9976584235575823,0.04312180336091782,-2.915013418264504,-0.03479966885575942,-0.045004726423981706,0.9983804828746021,-3.6933170850078625
0.9978947804706785,0.05259919280842409,0.037938053776941434,6.1792188283550615,-0.054255483442034624,0.9975555805760554,0.04403636815596632,-2.9836888075932606,-0.03552903969627273,-0.04600201266359071,0.9983093149450275,-3.7745357973776734
0.9978042680817739,0.05369795379298311,0.03876966286977271,6.307388178471513,-0.05542545706203354,0.9974505141193108,0.04494992741750722,-3.0525887607554267,-0.036257099234671235,-0.04700005513712267,0.9982366568993933,-3.855788842024353
0.9977119135469876,0.05479578998000866,0.039602365063573355,6.435426222072266,-0.05659596733661232,0.9973432267749085,0.045862457591132104,-3.121710628089396,-0.03698408216424225,-0.04799885384457703,0.9981624491330653,-3.937076218947304
0.9976175994680795,0.05589268669472201,0.04043592621772454,6.563317849381946,-0.05776703496624696,0.9972337159552883,0.04677397791566465,-3.191056589663855,-0.03770974634112107,-0.048998408785954344,0.9980867512506775,-4.018397928147138
0.9975214052446506,0.05698873631033359,0.041270461568189636,6.69106306040058,-0.05893876699892915,0.9971220584724863,0.04768447844824735,-3.2606266454788084,-0.03843420724930111,-0.04999871996125227,0.9980095036475903,-4.099753969623855
0.9974233507624187,0.058083729055402836,0.04210607771975997,6.818661855127971,-0.06011093296274003,0.9970081568139852,0.048593955289633284,-3.3304207955341703,-0.03915758782336642,-0.050999779919897244,0.9979307063238088,-4.181140528680189
0.9973233522614254,0.05917787037683143,0.042942546353827084,6.9461291777357985,-0.061283744330278896,0.9968920472056279,0.04950239466039399,-3.4004359205754966,-0.03987963846886601,-0.052001577486010184,0.9978504188839679,-4.262561420012823
0.9972214736159164,0.0602711896241773,0.04378010442016889,7.073450001250592,-0.06245722010086783,0.9967737348225341,0.050409804296348636,-3.470674670264394,-0.04060060132966609,-0.05300412383546082,0.9977685817234329,-4.3440166436223535
0.9971176889502845,0.061363529699412056,0.04461862028001872,7.200624284271328,-0.0636312135267168,0.9966532524882173,0.05131617989982049,-3.5411368098043248,-0.041320349745900854,-0.05400740779238583,0.9976852544468431,-4.425502384811523
0.997012000852085,0.06245490095277667,0.04545797438183368,7.327651985396955,-0.06480573928260203,0.9965305415035628,0.05222153443546909,-3.611822104398822,-0.04203876823357062,-0.05501143680736409,0.9976003774495481,-4.507018643580345
0.9969044067337676,0.06354528870949161,0.04629839849131541,7.4545331046276715,-0.06598078269374981,0.9964055992810105,0.05312584068019267,-3.682730554047975,-0.042756087760674306,-0.05601619225394468,0.9975139507315587,-4.588569234626071
0.9967949247082484,0.06463482936710378,0.04713978168808525,7.581267579861873,-0.06715644648360865,0.9962785103952768,0.05402910555504409,-3.7538618065570084,-0.043472189117919335,-0.05702168158270409,0.9974260338975146,-4.670150343251457
0.9966835573630872,0.06572349960175836,0.04798212030345112,7.707855390399061,-0.06833274532695716,0.9961491496854517,0.05493132841313201,-3.8252157445276964,-0.04418706858001498,-0.058027904793640596,0.9973365673427709,-4.751761969456503
0.9965702814102427,0.06681117598952244,0.04882539966263169,7.834311542512211,-0.06950954715078683,0.9960176164368437,0.05583250666689756,-3.896789600900192,-0.04490072614696514,-0.05903485071089088,0.9972456106719718,-4.833404113240611
0.9964550968497146,0.06789785853039633,0.04966962278743421,7.960620947126415,-0.0706868519550975,0.9958839106494529,0.05673264463192417,-3.968585673141419,-0.045613154368189225,-0.06004252678503553,0.9971531042804727,-4.915076774604394
0.9963380623806178,0.06898355757461958,0.05051478557491692,8.086783604241504,-0.07186464938964857,0.995747973624165,0.05763172267095965,-4.040603961251296,-0.04632435696897519,-0.06105090693904072,0.9970591077729184,-4.996776138850585
0.9962190761300833,0.07006836117086518,0.051360891046887056,8.212799472456709,-0.07304304820359357,0.9956098208863404,0.058529745099587416,-4.112844230433449,-0.047034326498744505,-0.062060006074064145,0.9969635615446643,-5.078506020676457
0.9960981993847862,0.07115225896889278,0.05220793424086986,8.338668510371065,-0.07422205272147056,0.9954695111350942,0.05942671860830679,-4.185306245891411,-0.047743062957494406,-0.06306983164068813,0.9968664655957099,-5.160266420082017
0.9959754727309251,0.07223517327026974,0.05305602434921422,8.464390697283903,-0.07540154986959033,0.9953269701459506,0.06032262462309343,-4.257989890226874,-0.048450681829224844,-0.06408036128717266,0.9967678795307053,-5.24205352237
0.9958507891205004,0.07331717744889049,0.05390493392180323,8.589965991794458,-0.07658161904754379,0.9951822108567103,0.061217487345244466,-4.330894928643456,-0.04915694097006936,-0.0650916136399663,0.99666780334964,-5.323871142237685
0.9957242530139465,0.07439815843106264,0.05475477150410095,8.71539436285181,-0.0777621661809587,0.9950352738535673,0.06211129186942762,-4.404021185043739,-0.0498619633146053,-0.06610357379791369,0.9965661774478743,-5.405715464987807
0.9955957858264408,0.07547834668870707,0.05560565556651835,8.840675779405444,-0.07894343209199971,0.9948861392508095,0.06300400990931328,-4.4773684833304515,-0.05056586062153977,-0.06711622685984311,0.9964630018254139,-5.487590305317639
0.9954654557925647,0.07655750742536419,0.0564574635357027,8.96581021040447,-0.08012511725938701,0.9947347656474742,0.06389565011397888,-4.550936647406171,-0.051268509956296504,-0.06812957282576396,0.9963583360868982,-5.569491848529914
0.995333214563444,0.07763563029079365,0.057310177502427666,9.090797635148334,-0.08130729073247615,0.9945812117426761,0.06478622823933636,-4.624725559872669,-0.05196991131887611,-0.06914361914625852,0.9962521206276812,-5.6514200946246405
0.9951991156630732,0.0787127152849958,0.05816381214146937,9.215638001885878,-0.08248991281146906,0.9944254775364153,0.06567574687294717,-4.698734927234366,-0.0526700647092771,-0.07015837327190742,0.9961444150524081,-5.733375043601832
0.9950630952172168,0.07978874773319121,0.05901835342494174,9.340331284741524,-0.08367296449704874,0.9942675604411316,0.06656419975855518,-4.772964602743478,-0.053368962676922094,-0.07117382030155006,0.996035159756434,-5.815356695461489
0.9949251946268373,0.0808639581073005,0.059873809115522654,9.464862425691138,-0.08485668058567483,0.9941074405711133,0.0674515428718255,-4.847417059964272,-0.05406660522180415,-0.07218993788343411,0.9959244143444047,-5.897365050204208
0.9947853776660924,0.08193814096042182,0.06073017274431431,9.589246418069791,-0.0860408556304451,0.993945081700518,0.06833781289970366,-4.9220894584630095,-0.054762988618639034,-0.07320673346814838,0.9958121192116745,-5.979400107829406
0.9946436805608295,0.083011491389217,0.06158757205978458,9.713483230826654,-0.08722569507826428,0.9937805787543025,0.06922297184355737,-4.996981622142265,-0.05545823207671023,-0.07422421450626698,0.9956983339628943,-6.061458053639818
0.9945000619100807,0.08408378494746707,0.062445871329186185,9.837572829029796,-0.08841096413267009,0.9936138316323895,0.0701070600769335,-5.072093352892608,-0.05615221266144483,-0.07524238099779758,0.995582998993413,-6.1435427023327165
0.9943545804129608,0.08515501128493172,0.06330505458395772,9.961515179040788,-0.08959665244342188,0.9934448990338934,0.07099008234966257,-5.147424459941835,-0.0568449303728405,-0.07626124039332248,0.9954661739078741,-6.225650239210843
0.9942072135961969,0.08622537584851178,0.06416515289273043,10.085310249809083,-0.09078297580766229,0.9932738171846576,0.07187199118135798,-5.222974767192678,-0.0575363777603129,-0.07728076289051111,0.9953477991016354,-6.30778447897147
0.9940579252339469,0.08729468354154675,0.0650261418773724,10.20894297813524,-0.09196972877848925,0.993100491159724,0.07275283901488107,-5.298746718859771,-0.05822655854915841,-0.07830097084111172,0.9952279341793396,-6.38994160691793
0.9939067895506861,0.08836301206246734,0.06588801656645814,10.332428361235714,-0.09315698905433419,0.9929249951835692,0.07363256823225016,-5.37473749652154,-0.05891546156350119,-0.07932184189338075,0.9951065195363428,-6.472121623049631
0.9937537858459335,0.08943028371284219,0.06675077782847395,10.455766365472442,-0.09434463923696748,0.9927472550317172,0.07451121681419345,-5.45094690940595,-0.059603094253925314,-0.08034338349790054,0.994983614777289,-6.5543283420638545
0.9935988174219406,0.09049653649130454,0.0676144215604807,10.578956959794453,-0.0955328174251001,0.9925673984526384,0.07538876512345746,-5.5273747814155705,-0.06028944916985138,-0.08136558820409166,0.9948592199021786,-6.63655794926332
0.9934420396755704,0.09156173239922016,0.06847894236576174,10.70198507582748,-0.09672137516978026,0.9923852976978629,0.07626520086017674,-5.604023527415553,-0.060974526311275846,-0.08238844111079179,0.9947332753063667,-6.718810444648653
0.9932832972099646,0.09262591978546364,0.06934446821438647,10.824865699143885,-0.09791046091996217,0.992201021816746,0.07714052767513932,-5.68089026294783,-0.06165843743691122,-0.08341194966858087,0.9946057809898587,-6.80108582821925
0.9931227022482275,0.09368913834983339,0.07021086919561277,10.9475988090432,-0.09910002462560454,0.9920145172852929,0.07801475292364252,-5.7579748706141665,-0.06234106706275443,-0.08443612132803664,0.9944767965572938,-6.883384099975125
0.9929602167917255,0.09475146579076013,0.07107815048456098,11.070184374474593,-0.10029019403517776,0.99182585832798,0.0788878472561289,-5.835277174317138,-0.06302241146351403,-0.08546093373741553,0.9943463220086728,-6.965701445219004
0.9927959013123644,0.09581256891287157,0.07194628489394528,11.192607316713577,-0.10148062560306836,0.9916350467175985,0.07975983614081436,-5.912799530222863,-0.06370246318861433,-0.08648639434731273,0.9942142977393491,-7.048041678648765
0.9926296107635216,0.09687267386355151,0.07281529314215106,11.31488265238329,-0.10267152647734316,0.9914420012817606,0.08063073079642981,-5.9905392299706115,-0.06438122596334743,-0.08751251060829718,0.9940807833539682,-7.130404800263818
0.9924614884190283,0.09793189804102846,0.07368516961086019,11.437010329732402,-0.10386302270530788,0.9912467427209485,0.08150047727368954,-6.068495980064736,-0.06505869233712368,-0.0885392527180418,0.993945778852531,-7.212786995366898
