-0.05440746620297432,0.1649044156074524,-0.9848077893257141,-142.74038696289062,-0.9985188245773315,-0.008985428139567375,0.05366035923361778,4.683014392852783,-8.918438254568173e-08,0.9862686395645142,0.1651490479707718,58.2574577331543
-0.05536748096346855,0.1645839363336563,-0.9848079085350037,-142.57400512695312,-0.9984647035598755,-0.01075697597116232,0.054337553679943085,4.691802024841309,-0.0016504660015925765,0.9863044023513794,0.16492684185504913,58.253265380859375
-0.056326933205127716,0.16426171362400055,-0.9848072528839111,-142.40760803222656,-0.9984069466590881,-0.012528269551694393,0.055015116930007935,4.700436592102051,-0.0033010542392730713,0.9863372445106506,0.16470570862293243,58.249141693115234
-0.057285815477371216,0.1639377325773239,-0.9848059415817261,-142.2412109375,-0.9983455538749695,-0.014299302361905575,0.055693045258522034,4.708917617797852,-0.00495184725150466,0.9863670468330383,0.1644856482744217,58.24508285522461
-0.058243993669748306,0.1636120080947876,-0.9848039150238037,-142.07479858398438,-0.9982805252075195,-0.0160700473934412,0.05637121573090553,4.717245101928711,-0.006602839101105928,0.9863938689231873,0.1642666608095169,58.2410888671875
-0.05920170247554779,0.1632845252752304,-0.984801173210144,-141.90838623046875,-0.9982119202613831,-0.017840540036559105,0.05704985186457634,4.725419044494629,-0.008254025131464005,0.9864177107810974,0.16404876112937927,58.23716354370117
-0.060158807784318924,0.16295543313026428,-0.9847976565361023,-141.74195861816406,-0.9981396794319153,-0.019610753282904625,0.05772882699966431,4.7334394454956055,-0.009905396960675716,0.986438512802124,0.16383203864097595,58.23330307006836
-0.06111530959606171,0.16262459754943848,-0.984793484210968,-141.5755157470703,-0.9980638027191162,-0.021380675956606865,0.058408141136169434,4.741305828094482,-0.011556949466466904,0.9864563345909119,0.16361641883850098,58.22950744628906
-0.062071312218904495,0.16229215264320374,-0.9847885370254517,-141.40907287597656,-0.9979842901229858,-0.023150328546762466,0.05908789485692978,4.749018669128418,-0.013208677060902119,0.9864711165428162,0.1634019911289215,58.22577667236328
-0.06302668899297714,0.16195794939994812,-0.984782874584198,-141.24261474609375,-0.997901201248169,-0.024919681251049042,0.05976796895265579,4.756577014923096,-0.014860576950013638,0.9864829778671265,0.163188636302948,58.222110748291016
-0.0639813169836998,0.1616220325231552,-0.984776496887207,-141.07615661621094,-0.9978144764900208,-0.026688698679208755,0.060448236763477325,4.763981342315674,-0.016512636095285416,0.9864917993545532,0.16297638416290283,58.218509674072266
-0.06493553519248962,0.16128437221050262,-0.9847694039344788,-140.90968322753906,-0.9977241158485413,-0.028457432985305786,0.061129044741392136,4.771231651306152,-0.018164848908782005,0.9864975810050964,0.16276520490646362,58.21497344970703
-0.06588898599147797,0.16094499826431274,-0.9847615957260132,-140.7432098388672,-0.9976301789283752,-0.03022582270205021,0.06181003153324127,4.778327465057373,-0.019817212596535683,0.9865004420280457,0.16255512833595276,58.21150207519531
-0.06684189289808273,0.16060400009155273,-0.9847530126571655,-140.57672119140625,-0.9975325465202332,-0.03199390321969986,0.06249142065644264,4.785268783569336,-0.02146971970796585,0.9865002632141113,0.1623462587594986,58.20809555053711
-0.06779412925243378,0.16026128828525543,-0.9847437739372253,-140.4102325439453,-0.9974313378334045,-0.0337616391479969,0.0631730929017067,4.792055606842041,-0.023122364655137062,0.9864970445632935,0.16213847696781158,58.204750061035156
-0.06874581426382065,0.15991684794425964,-0.9847337603569031,-140.2437286376953,-0.9973265528678894,-0.03552905097603798,0.06385515630245209,4.79868745803833,-0.02477514185011387,0.9864909052848816,0.16193178296089172,58.20146942138672
-0.069696806371212,0.15957067906856537,-0.9847230911254883,-140.0772247314453,-0.9972180724143982,-0.0372961051762104,0.06453748792409897,4.805164813995361,-0.026428045704960823,0.9864817261695862,0.1617261916399002,58.1982536315918
-0.0706472247838974,0.15922291576862335,-0.9847116470336914,-139.91070556640625,-0.9971060156822205,-0.039062827825546265,0.0652201846241951,4.811487197875977,-0.028081072494387627,0.986469566822052,0.1615218073129654,58.195098876953125
-0.07159694284200668,0.15887343883514404,-0.9846994876861572,-139.7441864013672,-0.9969903230667114,-0.04082917422056198,0.06590314209461212,4.817654609680176,-0.029734211042523384,0.9864543676376343,0.16131852567195892,58.19200897216797
-0.07254606485366821,0.15852224826812744,-0.9846866130828857,-139.57765197753906,-0.9968710541725159,-0.042595166712999344,0.0665864571928978,4.823666572570801,-0.03138745576143265,0.9864361882209778,0.1611163467168808,58.18898010253906
-0.07349447160959244,0.1581694483757019,-0.984673023223877,-139.41111755371094,-0.996748149394989,-0.044360775500535965,0.06727000325918198,4.82952356338501,-0.03304079920053482,0.9864149689674377,0.16091537475585938,58.186012268066406
-0.07444237917661667,0.15781483054161072,-0.9846587181091309,-139.24456787109375,-0.9966216087341309,-0.04612601548433304,0.06795401871204376,4.8352251052856445,-0.034694232046604156,0.9863908290863037,0.16071540117263794,58.18310546875
-0.0753895491361618,0.15745849907398224,-0.9846436977386475,-139.07801818847656,-0.9964914917945862,-0.047890860587358475,0.06863825023174286,4.840771198272705,-0.036347758024930954,0.9863636493682861,0.16051653027534485,58.18026351928711
-0.0763360932469368,0.15710046887397766,-0.9846279621124268,-138.91146850585938,-0.9963577389717102,-0.04965531453490257,0.06932281702756882,4.846161842346191,-0.03800136223435402,0.9863334894180298,0.1603187620639801,58.17748260498047
-0.07728200405836105,0.15674084424972534,-0.9846115112304688,-138.74490356445312,-0.9962203502655029,-0.051419373601675034,0.07000770419836044,4.851396560668945,-0.039655040949583054,0.9863003492355347,0.16012221574783325,58.17476272583008
-0.07822726666927338,0.15637952089309692,-0.9845942854881287,-138.57833862304688,-0.9960793256759644,-0.053183041512966156,0.07069290429353714,4.856475353240967,-0.041308797895908356,0.986264169216156,0.15992677211761475,58.17210388183594
-0.07917176187038422,0.1560164839029312,-0.984576404094696,-138.41175842285156,-0.995934784412384,-0.054946281015872955,0.07137829065322876,4.861398220062256,-0.04296262189745903,0.9862250089645386,0.15973243117332458,58.16950607299805
-0.08011570572853088,0.1556517630815506,-0.9845577478408813,-138.24517822265625,-0.9957865476608276,-0.05670912563800812,0.0720641016960144,4.8661651611328125,-0.04461650550365448,0.9861828684806824,0.15953922271728516,58.166969299316406
-0.08105886727571487,0.1552853286266327,-0.9845384359359741,-138.07859802246094,-0.9956347346305847,-0.058471519500017166,0.07275008410215378,4.870776176452637,-0.04627043753862381,0.9861376881599426,0.15934710204601288,58.16448974609375
-0.0820014625787735,0.15491732954978943,-0.9845183491706848,-137.91200256347656,-0.9954792857170105,-0.06023351475596428,0.07343646138906479,4.87523078918457,-0.04792441800236702,0.9860895276069641,0.15915623307228088,58.162071228027344
-0.08294325321912766,0.15454751253128052,-0.984497606754303,-137.7454071044922,-0.9953202605247498,-0.06199504807591438,0.07412300258874893,4.8795294761657715,-0.04957845062017441,0.9860383868217468,0.15896634757518768,58.15971374511719
-0.08388447016477585,0.15417613089084625,-0.9844760894775391,-137.5788116455078,-0.9951575994491577,-0.06375615298748016,0.07480993121862411,4.883671760559082,-0.05123250558972359,0.985984206199646,0.15877769887447357,58.157413482666016
-0.08482509106397629,0.1538030356168747,-0.9844537973403931,-137.41220092773438,-0.9949913024902344,-0.06551682949066162,0.07549723982810974,4.887657165527344,-0.052886586636304855,0.9859270453453064,0.1585901528596878,58.155174255371094
-0.08576488494873047,0.15342839062213898,-0.9844308495521545,-137.24559020996094,-0.9948214292526245,-0.06727702915668488,0.07618466764688492,4.891486167907715,-0.05454069375991821,0.985866904258728,0.15840385854244232,58.152992248535156
-0.0867040753364563,0.15305204689502716,-0.9844071865081787,-137.0789794921875,-0.9946479797363281,-0.06903677433729172,0.07687246799468994,4.895158290863037,-0.05619480833411217,0.9858037233352661,0.15821866691112518,58.15087127685547
-0.08764265477657318,0.1526738852262497,-0.9843827486038208,-136.91236877441406,-0.9944708347320557,-0.07079605758190155,0.07756063342094421,4.8986735343933105,-0.057848937809467316,0.9857376217842102,0.15803448855876923,58.148807525634766
-0.08858036994934082,0.1522940695285797,-0.9843576550483704,-136.74574279785156,-0.9942901730537415,-0.07255484908819199,0.07824891060590744,4.902031898498535,-0.05950307846069336,0.9856684803962708,0.1578514277935028,58.14680099487305
-0.08951745927333832,0.15191255509853363,-0.9843318462371826,-136.57911682128906,-0.9941058158874512,-0.07431316375732422,0.07893753051757812,4.905233383178711,-0.061157211661338806,0.9855963587760925,0.15766948461532593,58.14485168457031
-0.09045390784740448,0.1515294760465622,-0.9843052625656128,-136.41249084472656,-0.9939179420471191,-0.07607102394104004,0.07962647080421448,4.908277988433838,-0.06281135231256485,0.9855211973190308,0.15748877823352814,58.14295959472656
-0.0913897156715393,0.15114471316337585,-0.9842780232429504,-136.24586486816406,-0.993726372718811,-0.07782837003469467,0.08031574636697769,4.911165237426758,-0.06446545571088791,0.9854430556297302,0.15730920433998108,58.1411247253418
-0.0923246219754219,0.150758296251297,-0.984250009059906,-136.0792236328125,-0.9935312867164612,-0.07958520948886871,0.08100509643554688,4.913895130157471,-0.06611955165863037,0.9853619337081909,0.15713074803352356,58.139347076416016
-0.09325887262821198,0.15037019550800323,-0.984221339225769,-135.91258239746094,-0.9933325052261353,-0.08134152740240097,0.08169476687908173,4.916467666625977,-0.06777361035346985,0.9852778315544128,0.15695342421531677,58.13762664794922
-0.09419244527816772,0.14998041093349457,-0.98419189453125,-135.74594116210938,-0.9931302070617676,-0.08309736847877502,0.08238473534584045,4.918882846832275,-0.06942766159772873,0.9851906895637512,0.15677721798419952,58.135963439941406
-0.09512533992528915,0.149588942527771,-0.9841617345809937,-135.5792999267578,-0.9929242730140686,-0.0848526880145073,0.08307499438524246,4.921140193939209,-0.07108166813850403,0.9851005673408508,0.15660212934017181,58.13435745239258
-0.09605742245912552,0.1491958349943161,-0.984130859375,-135.41265869140625,-0.9927147030830383,-0.08660745620727539,0.0837654322385788,4.923239707946777,-0.07273561507463455,0.9850074648857117,0.15642818808555603,58.132808685302734
-0.09698880463838577,0.1488010436296463,-0.984099268913269,-135.2460174560547,-0.9925015568733215,-0.08836168050765991,0.08445614576339722,4.925181865692139,-0.0743895024061203,0.9849113821983337,0.15625536441802979,58.13131332397461
-0.09791948646306992,0.1484045833349228,-0.9840670228004456,-135.07936096191406,-0.9922848343849182,-0.09011537581682205,0.08514713495969772,4.926966190338135,-0.07604334503412247,0.984812319278717,0.15608367323875427,58.12987518310547
-0.09884945303201675,0.14800645411014557,-0.98403400182724,-134.91270446777344,-0.9920644760131836,-0.09186851978302002,0.08583839237689972,4.928592205047607,-0.07769710570573807,0.9847102165222168,0.1559130996465683,58.12849044799805
-0.0997786894440651,0.14760667085647583,-0.9840002655982971,-134.7460479736328,-0.9918405413627625,-0.09362111985683441,0.08652990311384201,4.930060386657715,-0.07935081422328949,0.9846051931381226,0.15574367344379425,58.12716293334961
-0.10070719569921494,0.14720533788204193,-0.9839657545089722,-134.5793914794922,-0.99161297082901,-0.09537317603826523,0.087221659719944,4.931370258331299,-0.08100444823503494,0.9844971299171448,0.1555754840373993,58.12588882446289
-0.10163484513759613,0.14680235087871552,-0.9839305877685547,-134.41273498535156,-0.9913818836212158,-0.0971246287226677,0.08791353553533554,4.932521820068359,-0.08265798538923264,0.9843860268592834,0.15540842711925507,58.124671936035156
-0.10256174206733704,0.14639770984649658,-0.9838947057723999,-134.24607849121094,-0.9911471605300903,-0.0988755077123642,0.08860564976930618,4.9335150718688965,-0.08431142568588257,0.9842720031738281,0.15524251759052277,58.12350845336914
-0.1034879982471466,0.14599139988422394,-0.9838581085205078,-134.0794219970703,-0.9909088015556335,-0.10062581300735474,0.08929810672998428,4.93435001373291,-0.08596476912498474,0.9841549396514893,0.15507772564888,58.122398376464844
-0.1044134870171547,0.14558342099189758,-0.9838207364082336,-133.9127655029297,-0.990666925907135,-0.1023755595088005,0.08999078720808029,4.9350266456604,-0.08761803060770035,0.9840348958969116,0.15491406619548798,58.121341705322266
-0.1053382009267807,0.1451738029718399,-0.9837827086448669,-133.74610900878906,-0.9904214143753052,-0.10412467271089554,0.09068367630243301,4.935544490814209,-0.08927115797996521,0.9839118719100952,0.15475155413150787,58.120338439941406
-0.10626213252544403,0.1447625458240509,-0.9837439656257629,-133.57945251464844,-0.990172266960144,-0.10587318241596222,0.09137677401304245,4.935903549194336,-0.09092416614294052,0.98378586769104,0.1545901596546173,58.119388580322266
-0.10718538612127304,0.144349604845047,-0.9837044477462769,-133.41278076171875,-0.9899196028709412,-0.10762110352516174,0.09207018464803696,4.936103820800781,-0.09257706254720688,0.9836568832397461,0.15442991256713867,58.118492126464844
-0.10810784250497818,0.14393514394760132,-0.9836642742156982,-133.24610900878906,-0.989663302898407,-0.10936844348907471,0.09276376664638519,4.936145305633545,-0.09422986209392548,0.9835249185562134,0.15427091717720032,58.11764907836914
-0.10902948677539825,0.14351892471313477,-0.9836233258247375,-133.07943725585938,-0.9894034266471863,-0.11111514270305634,0.09345754235982895,4.936028003692627,-0.09588252007961273,0.9833899140357971,0.15411294996738434,58.116859436035156
-0.10995043069124222,0.14310117065906525,-0.9835817217826843,-132.9127655029297,-0.9891399145126343,-0.11286123842000961,0.09415160119533539,4.935751438140869,-0.09753504395484924,0.9832519292831421,0.15395621955394745,58.116119384765625
-0.11087054759263992,0.1426817625761032,-0.983539342880249,-132.74609375,-0.9888728857040405,-0.11460671573877335,0.09484581649303436,4.93531608581543,-0.0991874486207962,0.9831109642982483,0.15380063652992249,58.11543273925781
-0.11178983002901077,0.1422605961561203,-0.9834963083267212,-132.5794219970703,-0.9886022210121155,-0.11635152995586395,0.09554021060466766,4.93472146987915,-0.10083969682455063,0.9829670786857605,0.1536460667848587,58.11479568481445
-0.11270838975906372,0.14183790981769562,-0.9834524989128113,-132.4127655029297,-0.9883279800415039,-0.1180957481265068,0.09623485058546066,4.933967590332031,-0.10249181091785431,0.9828201532363892,0.1534927636384964,58.11421203613281
-0.11362609267234802,0.1414135843515396,-0.9834080338478088,-132.24610900878906,-0.9880502223968506,-0.11983928829431534,0.0969296395778656,4.933053970336914,-0.10414375364780426,0.9826701879501343,0.15334059298038483,58.113677978515625
-0.11454305797815323,0.14098761975765228,-0.9833627939224243,-132.07945251464844,-0.987768828868866,-0.12158215045928955,0.09762468189001083,4.931981086730957,-0.1057954952120781,0.9825173020362854,0.153189554810524,58.113197326660156
-0.115459144115448,0.14056001603603363,-0.9833168983459473,-131.9127960205078,-0.9874838590621948,-0.12332434207201004,0.09831985086202621,4.93074893951416,-0.1074470654129982,0.9823614358901978,0.15303966403007507,58.11276626586914
-0.11637459695339203,0.140130877494812,-0.9832702279090881,-131.7461395263672,-0.9871952533721924,-0.125065878033638,0.09901537001132965,4.929357051849365,-0.10909844189882278,0.9822025299072266,0.15289102494716644,58.11238479614258
-0.11728927493095398,0.13970009982585907,-0.9832228422164917,-131.57948303222656,-0.9869031310081482,-0.12680676579475403,0.0997111052274704,4.927805423736572,-0.11074964702129364,0.9820407032966614,0.15274353325366974,58.11205291748047
-0.1182030662894249,0.13926757872104645,-0.983174741268158,-131.41282653808594,-0.9866073727607727,-0.12854692339897156,0.10040696710348129,4.926094055175781,-0.11240065842866898,0.9818758964538574,0.15259705483913422,58.11177062988281
-0.11911606788635254,0.13883353769779205,-0.9831259250640869,-131.2461700439453,-0.9863080978393555,-0.13028644025325775,0.1011030301451683,4.924222469329834,-0.11405149102210999,0.9817080497741699,0.15245184302330017,58.11153793334961
-0.12002827227115631,0.13839773833751678,-0.9830764532089233,-131.0795135498047,-0.9860051870346069,-0.13202522695064545,0.10179930925369263,4.922191143035889,-0.11570209264755249,0.9815372824668884,0.1523076444864273,58.11135482788086
-0.12093955278396606,0.13796044886112213,-0.9830262064933777,-130.91285705566406,-0.9856987595558167,-0.13376332819461823,0.10249566286802292,4.920000076293945,-0.11735251545906067,0.9813634753227234,0.15216471254825592,58.11122131347656
-0.1218501478433609,0.13752150535583496,-0.9829752445220947,-130.74620056152344,-0.9853886961936951,-0.1355007290840149,0.10319231450557709,4.917648792266846,-0.11900270730257034,0.9811867475509644,0.15202291309833527,58.11113739013672
-0.12275992333889008,0.1370810568332672,-0.9829235672950745,-130.57955932617188,-0.9850751161575317,-0.13723741471767426,0.10388914495706558,4.91513729095459,-0.12065266817808151,0.9810069799423218,0.1518823802471161,58.11110305786133
-0.1236688643693924,0.1366388499736786,-0.9828712344169617,-130.4129180908203,-0.9847579002380371,-0.1389733850955963,0.104586161673069,4.912465572357178,-0.12230239808559418,0.9808242321014404,0.1517428755760193,58.111114501953125
-0.12457685172557831,0.13619504868984222,-0.9828181266784668,-130.24627685546875,-0.9844371676445007,-0.1407085806131363,0.1052832305431366,4.909633636474609,-0.12395188957452774,0.9806385636329651,0.15160450339317322,58.111175537109375
-0.12548410892486572,0.13574960827827454,-0.9827643632888794,-130.0796356201172,-0.9841128587722778,-0.14244307577610016,0.10598058253526688,4.906641006469727,-0.1256011575460434,0.980449914932251,0.15146727859973907,58.11128616333008
-0.1263905167579651,0.13530266284942627,-0.9827098250389099,-129.91299438476562,-0.9837849736213684,-0.14417682588100433,0.1066780611872673,4.9034881591796875,-0.12725016474723816,0.9802582263946533,0.15133130550384521,58.11144256591797
-0.1272960603237152,0.13485409319400787,-0.9826546311378479,-129.74636840820312,-0.9834535121917725,-0.14590983092784882,0.10737569630146027,4.900174617767334,-0.12889891862869263,0.9800636172294617,0.1511964648962021,58.11164474487305
-0.1282007396221161,0.13440389931201935,-0.9825986623764038,-129.57974243164062,-0.98311847448349,-0.1476420909166336,0.10807346552610397,4.896700382232666,-0.1305474191904068,0.9798660278320312,0.15106278657913208,58.11189651489258
-0.1291046440601349,0.1339520812034607,-0.9825420379638672,-129.41311645507812,-0.982779860496521,-0.14937356114387512,0.10877148061990738,4.893065452575684,-0.1321956217288971,0.9796654582023621,0.1509302407503128,58.1121940612793
-0.13000766932964325,0.1334986537694931,-0.9824846386909485,-129.24649047851562,-0.9824377298355103,-0.15110427141189575,0.10946962237358093,4.889269828796387,-0.1338435858488083,0.9794619083404541,0.15079882740974426,58.1125373840332
-0.13090980052947998,0.13304372131824493,-0.9824265837669373,-129.07986450195312,-0.982092022895813,-0.15283426642417908,0.11016785353422165,4.885313510894775,-0.1354912966489792,0.9792553782463074,0.1506686806678772,58.1129264831543
-0.13181114196777344,0.13258716464042664,-0.9823678135871887,-128.9132537841797,-0.9817427396774292,-0.15456344187259674,0.11086631566286087,4.881196022033691,-0.13713869452476501,0.9790458679199219,0.15053968131542206,58.11336135864258
-0.13271155953407288,0.1321290135383606,-0.9823082685470581,-128.74664306640625,-0.9813898801803589,-0.15629184246063232,0.11156487464904785,4.876917839050293,-0.13878580927848816,0.9788333773612976,0.15041181445121765,58.11384201049805
-0.1336110681295395,0.13166923820972443,-0.982248067855835,-128.5800323486328,-0.9810335040092468,-0.15801940858364105,0.11226353049278259,4.872478485107422,-0.14043259620666504,0.9786179661750793,0.15028508007526398,58.1143684387207
-0.13450987637043,0.13120783865451813,-0.9821871519088745,-128.41343688964844,-0.9806735515594482,-0.1597461998462677,0.112962506711483,4.867877960205078,-0.14207910001277924,0.9783995151519775,0.15015949308872223,58.11494064331055
-0.13540774583816528,0.1307448297739029,-0.9821255207061768,-128.24684143066406,-0.9803100228309631,-0.1614721566438675,0.11366155743598938,4.863116264343262,-0.14372527599334717,0.9781781435012817,0.1500350534915924,58.11555862426758
-0.13630478084087372,0.13028021156787872,-0.9820631742477417,-128.0802459716797,-0.9799429774284363,-0.1631973385810852,0.11436079442501068,4.858193397521973,-0.14537113904953003,0.9779538512229919,0.14991174638271332,58.1162223815918
-0.13720086216926575,0.12981410324573517,-0.9820001125335693,-127.91365814208984,-0.9795723557472229,-0.16492167115211487,0.11506008356809616,4.853108882904053,-0.14701667428016663,0.9777265191078186,0.1497897058725357,58.11692810058594
