1.0,-5.4996665632602385e-18,-2.247333024091373e-18,0.0,-5.4996665632602385e-18,0.9999999999999999,9.699468677385126e-19,0.0,-2.247333024091373e-18,9.699468677385126e-19,1.0,0.0
0.9999981561162488,0.0018018337196250328,-0.0006641982758172036,0.015183210819456727,-0.0018015474927921872,0.9999982842095366,0.0004312825225658877,0.0003491151940011594,0.0006649742355839749,-0.00043008514259253687,0.9999996864179691,0.001111413963790664
0.9999971494516675,0.0023834096196423474,0.00014299344064173426,0.04539404491895867,-0.0023835750727121906,0.9999964768452222,0.001168275230904201,0.001869598766265801,-0.00014020845842998664,-0.0011686127362798638,0.9999993073426903,0.003171742818278478
0.9999844912507776,0.004952003448502441,-0.002548513246909224,0.08064377376438936,-0.004943364755902503,0.9999820526108459,0.0033849078405713945,0.0031827237607238157,0.002565229583049583,-0.0033722571143198305,0.9999910236992835,0.005754505360259454
0.9999658459470198,0.007144629986063453,-0.00415466025364402,0.1205926243791202,-0.0071228918296727395,0.9999609879161974,0.005223701527181647,0.004775949350035447,0.004191819586259376,-0.0051939299210271885,0.9999777256221919,0.008629873682575617
0.999949804026284,0.007931126179467085,-0.006122635488224239,0.15519389752958151,-0.007898611373127406,0.999954671670993,0.00531662879397586,0.006199925323318922,0.0061645248132028456,-0.005268001602315857,0.9999671228560194,0.011131116977713518
0.9999385755771305,0.008658468060011339,-0.0069192487766622625,0.18971028413670377,-0.008632753983563817,0.9999557520627465,0.0037375761245249145,0.007466256785051195,0.006951304297672605,-0.003677614373628534,0.9999690767824174,0.013599183921835678
0.9999346824159833,0.007828847501179835,-0.00832706721778931,0.22925093287646925,-0.007777015589255452,0.9999502965710154,0.006238783219707434,0.00824873948810434,0.008375495816415205,-0.006173615985894792,0.9999458673025693,0.016567563336436386
0.999901338226822,0.008785381368760664,-0.01096042364220091,0.2584080906280333,-0.008723421828887867,0.9999457723423604,0.005688082826057124,0.008905470500585544,0.011009801260984052,-0.005591909230865284,0.9999237545069862,0.018810903823720526
0.9998627477084091,0.01142449713113118,-0.011998608681486242,0.30201637916038326,-0.01136773427260998,0.9999239201096884,0.004788382814780588,0.009719281268218305,0.012052400694384083,-0.004651328603134077,0.9999165489078217,0.022034018468083172
0.9998627477084091,0.01142449713113118,-0.011998608681486242,0.30201637916038326,-0.01136773427260998,0.9999239201096884,0.004788382814780588,0.009719281268218305,0.012052400694384083,-0.004651328603134077,0.9999165489078217,0.022034018468083172
0.9998970922340173,0.011314371265713177,-0.008819860816310577,0.3501749126079907,-0.011307747134465168,0.999935744919157,0.0008005546289901885,0.010127606323916405,0.008828351867731678,-0.0007007394898297526,0.9999607838147792,0.025298119623219595
0.9999037315997521,0.009801405104895806,-0.009821404729483086,0.4026817962616428,-0.009847237919458391,0.9999407995304941,-0.004629183478077867,0.009708541674329885,0.009775450795138349,0.004725451543064493,0.9999410535973937,0.028765078806899158
0.9999302485597452,0.00789497368849489,-0.008784498033701155,0.4319038617353307,-0.007976809434476468,0.9999247491727172,-0.009320220122110557,0.008916612461085993,0.0087102541003218,0.009389642290125916,0.9999179796819194,0.030553114263781378
0.9999325166946494,0.005608673591654349,-0.010173732709631084,0.4609165986955279,-0.005734935426492311,0.99990637115377,-0.012424147526209241,0.008022495028015664,0.010103097166646556,0.012481654803804138,0.9998710595476799,0.03213634317377423
0.9999325166946494,0.005608673591654349,-0.010173732709631084,0.4609165986955279,-0.005734935426492311,0.99990637115377,-0.012424147526209241,0.008022495028015664,0.010103097166646556,0.012481654803804138,0.9998710595476799,0.03213634317377423
0.9999325166946494,0.005608673591654349,-0.010173732709631084,0.4609165986955279,-0.005734935426492311,0.99990637115377,-0.012424147526209241,0.008022495028015664,0.010103097166646556,0.012481654803804138,0.9998710595476799,0.03213634317377423
0.9999325166946494,0.005608673591654349,-0.010173732709631084,0.4609165986955279,-0.005734935426492311,0.99990637115377,-0.012424147526209241,0.008022495028015664,0.010103097166646556,0.012481654803804138,0.9998710595476799,0.03213634317377423
0.9999325166946494,0.005608673591654349,-0.010173732709631084,0.4609165986955279,-0.005734935426492311,0.99990637115377,-0.012424147526209241,0.008022495028015664,0.010103097166646556,0.012481654803804138,0.9998710595476799,0.03213634317377423
0.9999325166946494,0.005608673591654349,-0.010173732709631084,0.4609165986955279,-0.005734935426492311,0.99990637115377,-0.012424147526209241,0.008022495028015664,0.010103097166646556,0.012481654803804138,0.9998710595476799,0.03213634317377423
0.9999828745015543,-0.0029103039421835325,-0.0050774830942862965,0.6851081869372466,0.0028722519730107355,0.9999678580425659,-0.00748552271830234,0.003785190511080394,0.005099105040317184,0.007470810714159171,0.9999590922208075,0.03991090090411653
0.9999888320564956,-0.002384127503503037,-0.004080649253886526,0.7187654954428215,0.0023612059612008515,0.9999814606343146,-0.005612761715190056,0.0032738483140697383,0.004093955140813564,0.0056030637788404706,0.9999759223139303,0.0405523210006673
0.9999808312550318,-0.003112516594017253,-0.005352509967128959,0.7476020910516509,0.003080695373332915,0.999977594151344,-0.005943106200247427,0.0030784977417197545,0.005370888056268977,0.005926502825668901,0.9999680145513381,0.04101617816800518
0.9999949545382757,0.0009186161450117365,-0.003040894994978324,0.7815562217300158,-0.0009183299734036231,0.9999995737745632,9.550262990029301e-05,0.002418677998929475,0.003040981429129237,-9.270960302556572e-05,0.9999953719077292,0.041320047434223905
0.9999607466046245,0.0018337271925388233,-0.008668488594055912,0.8099696452618775,-0.0019039367314019453,0.9999653973325787,-0.008098096222006976,0.0016406642337718491,0.008653338941977952,0.008114282598074148,0.9999296365960326,0.04200578798961008
0.9999700736133147,0.0017129199768425951,-0.0075443875122674035,0.8435186266341429,-0.0017845412948452209,0.9999533115739286,-0.009496846039652484,0.0012376491314638471,0.007527767939390462,0.009510025104425567,0.9999264433608924,0.042333913375955934
0.9999796466224666,0.001788337424865591,-0.006124393036190546,0.8866365998635322,-0.0018603816611090567,0.9999289055305842,-0.011778067094530302,0.0004045589354442214,0.006102894467539416,0.011789221079574067,0.9999118805902124,0.04269510731021198
0.999978428686313,0.0009957102503218393,-0.006492358827863499,0.9201596101667716,-0.0010705182560876948,0.9999329635953813,-0.011529193641411337,-0.00026446989134565335,0.006480443867183485,0.011535895130209042,0.9999124596537585,0.04274056376930924
0.9999359454203736,0.003833786029552904,-0.010649278893146142,0.9485640830291298,-0.003941855592655806,0.99994076172113,-0.010145680019276961,-0.0003789655481676313,0.010609751681875076,0.010187008061571,0.9998918231668878,0.04214895584422207
0.999954703860704,-0.0017318259418700793,-0.009359006665173848,0.9918539321807763,0.001663648209191371,0.9999720611844017,-0.007287600788651484,-0.0014301208754556871,0.009371366041712218,0.007271700593792704,0.9999296474597532,0.0417927124234696
0.999954703860704,-0.0017318259418700793,-0.009359006665173848,0.9918539321807763,0.001663648209191371,0.9999720611844017,-0.007287600788651484,-0.0014301208754556871,0.009371366041712218,0.007271700593792704,0.9999296474597532,0.0417927124234696
0.9999361925765416,0.0005687599232631605,-0.011282166798955105,1.0681551747002538,-0.0007814950918171291,0.9998218206357546,-0.01886044129988929,-0.00358930994899076,0.011269429486501113,0.0188680548217031,0.9997584690645508,0.039499166423364596
0.9999442539821077,-0.0020315324839893776,-0.010361554127281276,1.0970150869979822,0.0018892706952709597,0.9999040760176572,-0.013721130402238164,-0.004314446417021722,0.010388435127875316,0.013700789723287123,0.9998521734619334,0.03863992656784454
0.9999653206521099,-0.0013985374030115465,-0.008209846908175122,1.1301054031033915,0.001246435180068392,0.9998280320835292,-0.018502774368156647,-0.005967042019786817,0.008234311899921125,0.018491899661998074,0.9997951018855941,0.03695353986913741
0.9999646318902873,-0.003445274389378641,-0.007672356411438135,1.1637531848028073,0.0033315434033833924,0.9998851125340502,-0.014787242857306426,-0.0067355209326120935,0.007722421062957948,0.01476115907208777,0.9998612265688547,0.03550501206138934
0.9999659836857963,-0.0023871895240009976,-0.007895112252151159,1.1970632582353413,0.002229231821619029,0.9997983806200826,-0.01995566673767797,-0.008107908094959093,0.00794115840309514,0.019937387883980334,0.9997696927630785,0.033734572006960395
0.9999725761419541,-0.0031064917037674352,-0.006722847114017344,1.2309480829172708,0.0030239256918062054,0.9999203087534676,-0.012256917058564841,-0.009804940507881943,0.006760387373106768,0.012236251536501184,0.9999022808809376,0.0321884659146181
0.9999749186276716,-0.003915563811517932,-0.00590173496690766,1.2688264231259951,0.0038197868414199276,0.999862228311608,-0.016153440012337844,-0.011266781137730275,0.005964171700060661,0.01613049149232637,0.9998521070139065,0.02934297337255698
0.9999863157997402,-0.001439167667942127,-0.005029613274001881,1.3015080670559631,0.0013433813678094873,0.9998186528288358,-0.01899623073224254,-0.011929930447273973,0.005056039928945198,0.018989214095257435,0.9998069044611972,0.026633830645741874
0.9999700167873529,-0.0026052913992793297,-0.007292323568377958,1.339761904610666,0.002486039181384207,0.9998638160659153,-0.01631468452939758,-0.01346375117613996,0.007333834978352194,0.016296066360627748,0.9998403137929978,0.024135785818768518
0.9999679376854932,-0.002245276326343423,-0.007686503446912836,1.3725249279336065,0.0020918734088299,0.9997996349735925,-0.019907636030229717,-0.014450804910661308,0.007729661484338857,0.01989091855317476,0.999772275917095,0.02166615507716596
0.9999733818076324,0.0005526555779653369,-0.007275317726303532,1.414898246520786,-0.0006810536960160122,0.9998438565104467,-0.017657824446398608,-0.015578825268136587,0.007264423037631105,0.017662309309057895,0.9998176188624608,0.018543237591821526
0.9999355113535281,0.0023225270465779594,-0.011116609297658394,1.434159438577195,-0.0026244496724144085,0.9996259533959811,-0.027222519374463575,-0.01654202054458942,0.011049226130179212,0.027249938812665155,0.9995675842266147,0.017390161313614705
0.9999714031206516,0.0008523293561317165,-0.007514417847373885,1.471334405694418,-0.0009967406658782296,0.9998144906346523,-0.019235145567848645,-0.016935650943096237,0.007496629173251105,0.019242085428560464,0.9997867486116224,0.014436270913611438
0.9999546777694126,0.001538779386164552,-0.009395454489877697,1.5044245929873181,-0.0017612842146806636,0.9997170893162567,-0.02372001700983985,-0.017903627557265267,0.009356296542209668,0.023735490031442163,0.9996744901356551,0.012320128739146785
0.9999743849002275,0.0007449213120278626,-0.007118611918803616,1.5466595894294797,-0.000888176490237101,0.9997967326676521,-0.020142107377561683,-0.018368664724250916,0.007102160652494165,0.020147914019220982,0.9997717843961892,0.009489005806707862
0.9999632827651781,-0.0009106032962375256,-0.008520793573692204,1.5840330542038978,0.000748301871078507,0.9998186040420234,-0.019031527941005887,-0.018564314592874664,0.008536578108254702,0.019024453030151187,0.9997825748737098,0.007143573130498293
0.9999554088905279,0.001041903458709066,-0.0093858759718564,1.6165313691926544,-0.0012184256070959828,0.9998221237193863,-0.01882116787809179,-0.01863992149698035,0.009364596607239095,0.01883176461296369,0.9997788100234696,0.00552649554317064
0.9999533068140324,0.0024142577232832093,-0.009357112339141114,1.64893171155158,-0.0025643784186887273,0.9998676637903611,-0.016064833324111506,-0.018515547870685323,0.009317089406434989,0.016088078382805304,0.9998271678539954,0.0037396970711158772
0.9999315057755446,0.0020584321630162878,-0.011521571701925009,1.6858403006655927,-0.002246029141374473,0.9998647367543507,-0.01629305214651996,-0.018419629739687027,0.011486475114169524,0.016317813952346133,0.99980087509327,0.0021933476918496453
0.9999514050570316,0.0023774863204209023,-0.009567396890711706,1.7227034471303644,-0.0025245908411655202,0.9998783333390315,-0.015393016606403688,-0.018094060369469034,0.009529636171066112,0.015416422346203678,0.9998357464886372,0.0005777587234634396
0.9999165689431455,0.00319533298694824,-0.012515790029803688,1.7548976014028002,-0.003376091416838785,0.9998899221772737,-0.01444802876071858,-0.01747711029872767,0.012468246055991998,0.014489077797704187,0.9998172880405997,-0.0008357669131249246
0.9999222100802548,-0.00044542518575313374,-0.012464966290469027,1.7872360423794755,0.0002957516432725318,0.9999278719794087,-0.012006805141113134,-0.01726354135553887,0.012469415350534028,0.012002184598441072,0.9998502194057272,-0.0019388297787159559
0.9999406869609693,0.00018351300571097575,-0.010889852294781056,1.819389759779529,-0.0002890363037139463,0.9999530160976311,-0.009689275270436065,-0.01695991363546323,0.010887562538995992,0.009691848132729044,0.9998937588872789,-0.0029509942616838813
0.9999385141164215,0.0017521966743861935,-0.010949785087264508,1.8516879169818283,-0.0018645887526805463,0.9999456001759938,-0.010262553164518557,-0.0162723645180749,0.010931207409357274,0.01028233900848745,0.9998873847634482,-0.004185381805937638
0.9999226287852274,0.0016885910791553881,-0.012324167452937117,1.8840720860383295,-0.001810295772473711,0.9999496435858884,-0.009870821732297575,-0.015935725450009874,0.012306879070536177,0.009892368403068653,0.9998753331165448,-0.004979772617910161
0.9999156719833117,-0.0011474615301167092,-0.012935696896518344,1.9209878387917592,0.0010123415150053792,0.999944913778861,-0.010447227978900504,-0.015943483142343506,0.012946972110060665,0.010433251641891286,0.9998617520304285,-0.005838813480335325
0.9999319912897636,0.0022704802142078893,-0.011439305699423294,1.9533406084625393,-0.0024162074088688893,0.9999159046409241,-0.01274149080286285,-0.01557203579067945,0.011409414404135515,0.012768264005690125,0.9998533876010199,-0.006445121082195637
0.9999396059407681,0.0018948035851581062,-0.010825626559010497,1.9904376943680413,-0.0020800088014374402,0.9998512362138269,-0.01712247076412239,-0.01548960896265994,0.010791572378825259,0.017143954067132684,0.9997947923471779,-0.007105404707276719
0.9999537334666713,0.00012881383775556655,-0.00961843714230386,2.027540759972329,-0.00028969167363042706,0.9998600609205102,-0.01672646569863938,-0.015309501506600487,0.009614936546825301,0.016728478204210126,0.9998138381779739,-0.008041485280617877
