0.14122165739536285,-0.10104499012231827,-0.9848077893257141,-142.74038696289062,-0.989978015422821,-0.014414184726774693,-0.14048412442207336,-5.024213790893555,1.580708719473023e-08,0.9947774410247803,-0.10206791013479233,44.8966064453125
0.1409584879875183,-0.10008448362350464,-0.9849435687065125,-142.57852172851562,-0.9900155067443848,-0.014020727947354317,-0.14025963842868805,-5.041782379150391,0.00022818749130237848,0.9948801398277283,-0.10106153041124344,44.932254791259766
0.1406955122947693,-0.09912371635437012,-0.9850782752037048,-142.4166259765625,-0.9900528192520142,-0.013627481646835804,-0.1400347501039505,-5.059380531311035,0.0004566280113067478,0.9949818253517151,-0.1000550389289856,44.96775436401367
0.14043265581130981,-0.09816280752420425,-0.9852120280265808,-142.2547149658203,-0.990090012550354,-0.013234450481832027,-0.13980934023857117,-5.0770087242126465,0.0006853371160104871,0.9950823783874512,-0.09904856234788895,45.00310516357422
0.14017000794410706,-0.0972016379237175,-0.9853447079658508,-142.0927734375,-0.9901270270347595,-0.012841630727052689,-0.1395835280418396,-5.094667434692383,0.0009143144707195461,0.9951818585395813,-0.09804197400808334,45.03830337524414
0.13990770280361176,-0.09624020010232925,-0.9854763746261597,-141.93080139160156,-0.9901638627052307,-0.012449033558368683,-0.13935744762420654,-5.112356185913086,0.0011435601627454162,0.9952802658081055,-0.09703528881072998,45.0733528137207
0.1396455019712448,-0.09527862817049026,-0.9856069684028625,-141.768798828125,-0.9902006387710571,-0.012056653387844563,-0.1391308307647705,-5.130074977874756,0.0013730735518038273,0.9953776001930237,-0.09602861106395721,45.10824966430664
0.13938362896442413,-0.09431679546833038,-0.9857365489006042,-141.6067657470703,-0.9902371764183044,-0.01166449673473835,-0.13890394568443298,-5.147823810577393,0.0016028541140258312,0.9954739212989807,-0.09502183645963669,45.14299774169922
0.139121875166893,-0.09335482120513916,-0.9858651161193848,-141.4447021484375,-0.9902735948562622,-0.011272558942437172,-0.13867653906345367,-5.165603160858154,0.001832901849411428,0.995569109916687,-0.09401506930589676,45.17759323120117
0.1388603150844574,-0.09239259362220764,-0.9859926104545593,-141.28260803222656,-0.9903098344802856,-0.010880833491683006,-0.13844874501228333,-5.183413028717041,0.0020632166415452957,0.9956632256507874,-0.09300821274518967,45.212039947509766
0.1385989934206009,-0.09143023192882538,-0.9861190915107727,-141.1204833984375,-0.9903459548950195,-0.010489339008927345,-0.13822053372859955,-5.201253414154053,0.0022937986068427563,0.995756208896637,-0.09200137108564377,45.246334075927734
0.1383378803730011,-0.09046761691570282,-0.9862444996833801,-140.9583282470703,-0.9903818964958191,-0.010098058730363846,-0.13799193501472473,-5.2191243171691895,0.002524646231904626,0.9958481788635254,-0.09099443256855011,45.280479431152344
0.1380769908428192,-0.08950486034154892,-0.9863688945770264,-140.79615783691406,-0.9904176592826843,-0.009707009419798851,-0.13776293396949768,-5.237025737762451,0.0027557602152228355,0.9959390759468079,-0.08998750895261765,45.31447219848633
0.13781620562076569,-0.08854186534881592,-0.9864922761917114,-140.6339569091797,-0.99045330286026,-0.009316164068877697,-0.13753341138362885,-5.254957675933838,0.002987140091136098,0.9960289001464844,-0.08898049592971802,45.34831619262695
0.13755576312541962,-0.08757872879505157,-0.9866145849227905,-140.4717254638672,-0.9904887676239014,-0.008925561793148518,-0.13730360567569733,-5.27292013168335,0.003218785859644413,0.9961175918579102,-0.08797351270914078,45.38200759887695
0.13729552924633026,-0.08661534637212753,-0.9867358803749084,-140.30946350097656,-0.9905241131782532,-0.008535174652934074,-0.13707341253757477,-5.2909135818481445,0.003450697520747781,0.9962052702903748,-0.08696642518043518,45.415550231933594
0.1370355188846588,-0.08565182983875275,-0.9868561625480652,-140.1471710205078,-0.9905592799186707,-0.008145020343363285,-0.13684280216693878,-5.308938026428223,0.003682873910292983,0.9962918162345886,-0.08595937490463257,45.44894027709961
0.13677571713924408,-0.08468806743621826,-0.986975371837616,-139.98484802246094,-0.9905943274497986,-0.0077550821006298065,-0.13661180436611176,-5.326992988586426,0.003915315959602594,0.9963773488998413,-0.0849522277712822,45.482181549072266
0.13651615381240845,-0.08372418582439423,-0.9870935082435608,-139.822509765625,-0.9906291365623474,-0.0073653776198625565,-0.1363804042339325,-5.345078945159912,0.0041480218060314655,0.9964617490768433,-0.08394511044025421,45.5152702331543
0.13625679910182953,-0.0827600508928299,-0.9872106313705444,-139.66014099121094,-0.9906638860702515,-0.006975890137255192,-0.1361486166715622,-5.363195896148682,0.004380993079394102,0.9965450763702393,-0.08293790370225906,45.54821014404297
0.13599766790866852,-0.08179567754268646,-0.9873267412185669,-139.49774169921875,-0.9906983971595764,-0.0065866210497915745,-0.13591641187667847,-5.381344318389893,0.004614227917045355,0.9966273307800293,-0.08193060755729675,45.580997467041016
0.13573874533176422,-0.08083129674196243,-0.9874417781829834,-139.33531188964844,-0.9907327890396118,-0.006197602953761816,-0.1356838196516037,-5.399523735046387,0.004847726318985224,0.9967085123062134,-0.08092346787452698,45.6136360168457
0.13548006117343903,-0.0798666700720787,-0.9875558018684387,-139.17286682128906,-0.9907670617103577,-0.005808804649859667,-0.1354508250951767,-5.417734146118164,0.005081487819552422,0.9967886209487915,-0.07991624623537064,45.646121978759766
0.13522158563137054,-0.07890193164348602,-0.9876687526702881,-139.01039123535156,-0.9908010959625244,-0.005420241504907608,-0.13521742820739746,-5.435976028442383,0.005315512418746948,0.9968676567077637,-0.07890905439853668,45.67845916748047
0.13496333360671997,-0.0779370665550232,-0.9877806901931763,-138.84788513183594,-0.9908350706100464,-0.005031914450228214,-0.134983628988266,-5.454249382019043,0.005549800116568804,0.9969455599784851,-0.07790189981460571,45.71064376831055
0.1347053050994873,-0.07697196304798126,-0.9878916144371033,-138.6853485107422,-0.9908688068389893,-0.004643807653337717,-0.13474944233894348,-5.472553730010986,0.005784350447356701,0.9970224499702454,-0.07689466327428818,45.742679595947266
0.1344473659992218,-0.07600662112236023,-0.9880014657974243,-138.52279663085938,-0.9909024834632874,-0.004255911335349083,-0.1345147341489792,-5.490889549255371,0.006019163876771927,0.9970982074737549,-0.07588734477758408,45.77456283569336
0.1341896653175354,-0.07504116743803024,-0.9881103038787842,-138.36021423339844,-0.9909359216690063,-0.003868253668770194,-0.13427962362766266,-5.509256839752197,0.0062542385421693325,0.9971729516983032,-0.07488007098436356,45.806297302246094
0.13393229246139526,-0.07407548278570175,-0.9882180690765381,-138.19760131835938,-0.9909692406654358,-0.003480826271697879,-0.13404422998428345,-5.527656078338623,0.006489575374871492,0.9972465634346008,-0.07387271523475647,45.8378791809082
0.13367514312267303,-0.07310967892408371,-0.9883248209953308,-138.03497314453125,-0.9910023808479309,-0.0030936363618820906,-0.1338084489107132,-5.54608678817749,0.0067251743748784065,0.9973191022872925,-0.07286540418863297,45.86931228637695
0.13341820240020752,-0.07214364409446716,-0.9884305000305176,-137.872314453125,-0.9910354018211365,-0.002706668572500348,-0.13357225060462952,-5.564548969268799,0.006961035076528788,0.9973905682563782,-0.07185801863670349,45.90059280395508
0.1331615000963211,-0.07117749005556107,-0.9885351657867432,-137.70962524414062,-0.9910682439804077,-0.0023199396673589945,-0.1333356648683548,-5.583043098449707,0.007197157014161348,0.9974609613418579,-0.0708506777882576,45.931724548339844
0.1329050064086914,-0.07021111249923706,-0.9886388182640076,-137.5469207763672,-0.9911009073257446,-0.0019334341632202268,-0.13309869170188904,-5.601569175720215,0.007433539256453514,0.9975302815437317,-0.06984326243400574,45.962703704833984
0.13264861702919006,-0.0692446306347847,-0.988741397857666,-137.38418579101562,-0.991133451461792,-0.0015471596270799637,-0.1328611820936203,-5.620127201080322,0.007670182269066572,0.9975985288619995,-0.06883589923381805,45.9935302734375
0.13239245116710663,-0.06827791035175323,-0.9888429641723633,-137.22142028808594,-0.991165816783905,-0.001161110121756792,-0.13262328505516052,-5.638717174530029,0.007907086052000523,0.9976656436920166,-0.0678284540772438,46.024208068847656
0.13213662803173065,-0.06731109321117401,-0.9889434576034546,-137.0586395263672,-0.9911980628967285,-0.0007753075333312154,-0.13238510489463806,-5.657339096069336,0.008144250139594078,0.9977317452430725,-0.06682106852531433,46.05473327636719
0.1318810135126114,-0.06634404510259628,-0.9890428781509399,-136.8958282470703,-0.9912301301956177,-0.0003897323040291667,-0.13214652240276337,-5.675992965698242,0.008381673134863377,0.9977967143058777,-0.06581361591815948,46.08510971069336
0.13162563741207123,-0.0653768926858902,-0.9891413450241089,-136.7329864501953,-0.9912620186805725,-4.398473720357288e-06,-0.13190753757953644,-5.694679260253906,0.008619354106485844,0.9978606700897217,-0.06480620801448822,46.115333557128906
0.13137046992778778,-0.0644095167517662,-0.9892386794090271,-136.57012939453125,-0.9912937879562378,0.00038070857408456504,-0.13166816532611847,-5.71339750289917,0.008857294917106628,0.9979234933853149,-0.06379874050617218,46.145408630371094
0.13111552596092224,-0.06344203650951385,-0.9893350601196289,-136.40724182128906,-0.9913253784179688,0.0007655757362954319,-0.13142839074134827,-5.732148170471191,0.009095495566725731,0.9979852437973022,-0.06279132515192032,46.175331115722656
0.13086068630218506,-0.062474340200424194,-0.9894303679466248,-136.2443389892578,-0.9913568496704102,0.0011502231936901808,-0.13118809461593628,-5.750931262969971,0.009333955124020576,0.9980459213256836,-0.061783842742443085,46.205101013183594
0.1306060552597046,-0.06150653958320618,-0.9895246624946594,-136.08140563964844,-0.9913881421089172,0.0015346254222095013,-0.13094741106033325,-5.76974630355835,0.009572671726346016,0.998105525970459,-0.060776419937610626,46.23472213745117
0.13035178184509277,-0.06053852289915085,-0.9896178841590881,-135.91845703125,-0.99141925573349,0.0019187937723472714,-0.13070644438266754,-5.7885942459106445,0.009811647236347198,0.9981639981269836,-0.05976893752813339,46.264190673828125
0.13009771704673767,-0.05957040563225746,-0.9897100329399109,-135.75547790527344,-0.9914502501487732,0.0023027185816317797,-0.1304650753736496,-5.807474613189697,0.01005088072270155,0.9982214570045471,-0.058761514723300934,46.29351043701172
0.12984387576580048,-0.05860207602381706,-0.9898011684417725,-135.5924835205078,-0.9914810657501221,0.002686414634808898,-0.13022330403327942,-5.826387405395508,0.010290372185409069,0.9982777833938599,-0.0577540323138237,46.32267761230469
0.12959027290344238,-0.057633645832538605,-0.9898912906646729,-135.42945861816406,-0.9915117025375366,0.0030698669143021107,-0.1299811452627182,-5.845332622528076,0.010530121624469757,0.9983330965042114,-0.05674661323428154,46.3516960144043
0.1293368637561798,-0.05666500702500343,-0.9899803400039673,-135.26641845703125,-0.9915422201156616,0.003453090088441968,-0.12973856925964355,-5.8643107414245605,0.010770128108561039,0.9983872771263123,-0.055739134550094604,46.38056182861328
0.1290835738182068,-0.05569615215063095,-0.9900683760643005,-135.1033477783203,-0.9915726184844971,0.00383608671836555,-0.1294955015182495,-5.883321762084961,0.011010388843715191,0.9984403848648071,-0.05473160371184349,46.40927505493164
0.12883062660694122,-0.054727207869291306,-0.9901553392410278,-134.9402618408203,-0.9916027784347534,0.00421883212402463,-0.1292521357536316,-5.902365684509277,0.011250907555222511,0.998492419719696,-0.05372413620352745,46.43783950805664
0.12857788801193237,-0.05375805124640465,-0.990241289138794,-134.7771453857422,-0.9916328191757202,0.004601347725838423,-0.12900838255882263,-5.92144250869751,0.011491683311760426,0.998543381690979,-0.05271661654114723,46.466251373291016
0.12832538783550262,-0.05278880521655083,-0.9903261661529541,-134.614013671875,-0.9916627407073975,0.00498361699283123,-0.12876422703266144,-5.940552234649658,0.011732716113328934,0.998593270778656,-0.051709167659282684,46.494510650634766
0.1280730962753296,-0.05181935429573059,-0.9904100298881531,-134.4508514404297,-0.9916924238204956,0.005365652497857809,-0.128519669175148,-5.959694862365723,0.011974002234637737,0.998642086982727,-0.05070166662335396,46.522621154785156
0.12782102823257446,-0.05084981396794319,-0.9904928207397461,-134.2876739501953,-0.991722047328949,0.005747442599385977,-0.12827470898628235,-5.978870391845703,0.01221554633229971,0.9986897706985474,-0.0496942363679409,46.55057907104492
0.12756918370723724,-0.04988006502389908,-0.9905745983123779,-134.1244659423828,-0.9917514324188232,0.0061289966106414795,-0.12802936136722565,-5.998079299926758,0.012457341887056828,0.9987363815307617,-0.04868675768375397,46.57838821411133
0.12731756269931793,-0.0489102341234684,-0.9906553626060486,-133.96124267578125,-0.991780698299408,0.006510306615382433,-0.1277836263179779,-6.0173211097717285,0.012699396349489689,0.9987819790840149,-0.0476793497800827,46.60604476928711
0.12706628441810608,-0.047940198332071304,-0.9907350540161133,-133.79798889160156,-0.9918097853660583,0.006891374010592699,-0.1275375932455063,-6.036596298217773,0.012941703200340271,0.9988264441490173,-0.046671897172927856,46.633548736572266
0.12681511044502258,-0.04697008058428764,-0.990813672542572,-133.6347198486328,-0.9918387532234192,0.007272200658917427,-0.12729105353355408,-6.055904865264893,0.013184267096221447,0.9988698363304138,-0.04566452279686928,46.66090393066406
0.1265641450881958,-0.045999765396118164,-0.9908912777900696,-133.471435546875,-0.9918675422668457,0.00765279121696949,-0.12704411149024963,-6.075246810913086,0.013427083380520344,0.9989121556282043,-0.04465710371732712,46.688106536865234
0.12631341814994812,-0.04502936452627182,-0.990967869758606,-133.30812072753906,-0.9918962121009827,0.008033132180571556,-0.12679676711559296,-6.0946221351623535,0.01367015391588211,0.9989533424377441,-0.043649762868881226,46.71516036987305
0.12606289982795715,-0.04405876621603966,-0.9910433888435364,-133.14479064941406,-0.9919247031211853,0.008413235656917095,-0.12654903531074524,-6.114030838012695,0.013913475908339024,0.9989935159683228,-0.04264238104224205,46.742061614990234
0.1258126199245453,-0.04308808967471123,-0.9911178350448608,-132.98143005371094,-0.9919530153274536,0.008793088607490063,-0.1263009011745453,-6.1334733963012695,0.014157051220536232,0.9990325570106506,-0.04163507744669914,46.7688102722168
0.12556254863739014,-0.04211721569299698,-0.9911912679672241,-132.81805419921875,-0.9919812083244324,0.009172702208161354,-0.1260523796081543,-6.152949333190918,0.014400877058506012,0.9990705847740173,-0.04062773659825325,46.79541015625
0.12531282007694244,-0.04114626720547676,-0.9912636876106262,-132.6546630859375,-0.992009162902832,0.0095520606264472,-0.12580356001853943,-6.172459125518799,0.014644958078861237,0.9991074800491333,-0.03962048143148422,46.82185745239258
0.12506331503391266,-0.04017512500286102,-0.9913350343704224,-132.49124145507812,-0.9920370578765869,0.009931184351444244,-0.12555435299873352,-6.192002773284912,0.014889292418956757,0.9991433024406433,-0.03861318528652191,46.84815216064453
0.12481404095888138,-0.039203912019729614,-0.9914053082466125,-132.3278045654297,-0.9920647144317627,0.010310051962733269,-0.12530475854873657,-6.2115797996521,0.015133877284824848,0.9991780519485474,-0.037605978548526764,46.874298095703125
0.12456497550010681,-0.038232505321502686,-0.9914745688438416,-132.1643524169922,-0.9920922517776489,0.01068868488073349,-0.1250547468662262,-6.2311906814575195,0.015378715470433235,0.9992117285728455,-0.03659873455762863,46.900291442871094
0.12431614100933075,-0.037261027842760086,-0.9915428161621094,-132.00088500976562,-0.9921196699142456,0.011067062616348267,-0.12480435520410538,-6.25083589553833,0.015623804181814194,0.9992442727088928,-0.03559157997369766,46.92613220214844
0.1240675300359726,-0.036289360374212265,-0.9916099905967712,-131.83738708496094,-0.9921468496322632,0.011445201933383942,-0.12455356121063232,-6.270514965057373,0.0158691443502903,0.999275803565979,-0.034584395587444305,46.95182418823242
0.1238192543387413,-0.03531762585043907,-0.9916760921478271,-131.6738739013672,-0.9921739101409912,0.011823083274066448,-0.12430248409509659,-6.290227890014648,0.0161147378385067,0.9993062019348145,-0.03357730060815811,46.97736358642578
0.12357109040021896,-0.03434570133686066,-0.9917411804199219,-131.51034545898438,-0.9922008514404297,0.012200728058815002,-0.12405089288949966,-6.3099751472473145,0.016360579058527946,0.999335527420044,-0.03257017582654953,47.00275421142578
0.12332314252853394,-0.03337370976805687,-0.9918051958084106,-131.34678649902344,-0.9922276139259338,0.012578115798532963,-0.1237989068031311,-6.329756259918213,0.01660666987299919,0.9993637800216675,-0.03156314417719841,47.027992248535156
0.12307541817426682,-0.03240153566002846,-0.9918681979179382,-131.18321228027344,-0.9922541975975037,0.012955259531736374,-0.1235465258359909,-6.349571704864502,0.016853008419275284,0.9993909597396851,-0.0305560864508152,47.053077697753906
0.1228279247879982,-0.03142929822206497,-0.9919301867485046,-131.01962280273438,-0.9922806620597839,0.013332151807844639,-0.12329374998807907,-6.369421482086182,0.017099600285291672,0.9994170665740967,-0.029549123719334602,47.0780143737793
0.1225806474685669,-0.030456876382231712,-0.9919911026954651,-130.85601806640625,-0.9923069477081299,0.013708800077438354,-0.123040571808815,-6.389305591583252,0.017346439883112907,0.9994420409202576,-0.028542136773467064,47.10279846191406
0.1223335936665535,-0.029484393075108528,-0.9920510053634644,-130.6923828125,-0.9923331141471863,0.014085189439356327,-0.1227869987487793,-6.409224033355713,0.01759352721273899,0.9994660019874573,-0.027535248547792435,47.1274299621582
0.12208688259124756,-0.028511732816696167,-0.9921098351478577,-130.5287322998047,-0.9923590421676636,0.014461333863437176,-0.1225331500172615,-6.429177284240723,0.01784086413681507,0.9994888305664062,-0.026528336107730865,47.151912689208984
0.12184039503335953,-0.02753901109099388,-0.992167592048645,-130.3650665283203,-0.9923848509788513,0.014837222173810005,-0.12227890640497208,-6.449164867401123,0.01808845065534115,0.9995105862617493,-0.025521526113152504,47.17624282836914
0.1215941309928894,-0.026566114276647568,-0.9922243356704712,-130.20138549804688,-0.9924105405807495,0.01521286554634571,-0.12202426046133041,-6.469187259674072,0.018336284905672073,0.9995312690734863,-0.0245146956294775,47.20042037963867
0.12134808301925659,-0.02559315785765648,-0.9922800064086914,-130.03768920898438,-0.9924360513687134,0.015588246285915375,-0.12176921963691711,-6.489243984222412,0.018584365025162697,0.9995508790016174,-0.023507967591285706,47.224449157714844
0.12110226601362228,-0.02462002821266651,-0.9923346638679504,-129.87396240234375,-0.9924613833427429,0.015963386744260788,-0.12151378393173218,-6.509335517883301,0.018832694739103317,0.9995694160461426,-0.022501222789287567,47.24832534790039
0.12085667252540588,-0.023646840825676918,-0.9923882484436035,-129.71022033691406,-0.9924865365028381,0.01633826456964016,-0.1212579533457756,-6.529461860656738,0.019081268459558487,0.9995868802070618,-0.021494584158062935,47.27204895019531
0.12061130255460739,-0.022673483937978745,-0.9924408197402954,-129.5464630126953,-0.9925115704536438,0.01671290211379528,-0.1210017278790474,-6.549623012542725,0.0193300973623991,0.9996032118797302,-0.02048793062567711,47.295623779296875
0.1203661561012268,-0.021700073033571243,-0.9924923777580261,-129.3826904296875,-0.9925364851951599,0.017087280750274658,-0.12074510753154755,-6.56981897354126,0.019579172134399414,0.9996184706687927,-0.01948138326406479,47.31904602050781
0.12012135237455368,-0.02072637528181076,-0.9925428628921509,-129.21890258789062,-0.9925611615180969,0.017461420968174934,-0.12048820406198502,-6.590049743652344,0.019828490912914276,0.999632716178894,-0.018474705517292023,47.342315673828125
0.11987676471471786,-0.01975262723863125,-0.9925922751426697,-129.0550994873047,-0.9925857186317444,0.01783529669046402,-0.12023090571165085,-6.610315799713135,0.020078053697943687,0.9996458292007446,-0.01746813766658306,47.36543655395508
0.119632288813591,-0.018778709694743156,-0.9926406741142273,-128.8912811279297,-0.9926101565361023,0.018208930268883705,-0.1199730858206749,-6.630616664886475,0.020327864214777946,0.9996578097343445,-0.016461560502648354,47.388404846191406
0.11938803642988205,-0.017804743722081184,-0.992688000202179,-128.72744750976562,-0.9926344156265259,0.0185822993516922,-0.1197148784995079,-6.6509528160095215,0.020577918738126755,0.9996687769889832,-0.015455096028745174,47.41122055053711
0.119144007563591,-0.01683061197400093,-0.9927343130111694,-128.56358337402344,-0.9926584959030151,0.018955420702695847,-0.11945627629756927,-6.671324253082275,0.02082821913063526,0.9996786713600159,-0.014448625035583973,47.43388748168945
0.11890020221471786,-0.015856433659791946,-0.9927796125411987,-128.3997039794922,-0.9926824569702148,0.0193282812833786,-0.11919727921485901,-6.691730976104736,0.021078767254948616,0.9996874332427979,-0.0134422667324543,47.45640182495117
0.11865662783384323,-0.014882093295454979,-0.9928238391876221,-128.23580932617188,-0.9927062392234802,0.01970089040696621,-0.11893787980079651,-6.712172985076904,0.02132955938577652,0.9996951818466187,-0.012435905635356903,47.478763580322266
