1.0000000294105207,-4.855939822587713e-09,3.010761889798985e-09,0.0,-4.855939822587713e-09,1.0000000275380008,-7.377122436048266e-10,0.0,3.010761889798985e-09,-7.377122436048266e-10,1.000000015921967,0.0
0.9999994902089504,-0.0002411540672208908,-0.0010116679543127893,0.16057658806553832,0.00024140631557051766,0.9999999779057732,0.00025386850260814795,0.040251393372907174,0.0010116109004674328,-0.00025411313890095696,0.9999994526459745,-0.019359736226135738
0.9999978264951022,-0.000482059946340811,-0.0020234627358205193,0.32116389185165417,0.00048306427187169265,0.9999997786084529,0.0005074925470420857,0.08053636410124376,0.0020232157564236825,-0.0005084708204710978,0.999997858067277,-0.03856881872688689
0.9999951518481087,-0.0007228042663321972,-0.003035251113901155,0.48174681739595826,0.0007251038624750412,0.9999994781314944,0.0007608836205805307,0.12085322937183562,0.003034701907445897,-0.0007630819202349703,0.9999951257117855,-0.05762879619965133
0.9999913526888373,-0.0009632906391725568,-0.004047157093857279,0.6423399353265893,0.0009673902378692245,0.9999990300938097,0.00101402857624459,0.16120461611440362,0.004046185024718818,-0.0010179362119680097,0.9999913027736576,-0.07653433891867678
0.9999865080777264,-0.0012033869829336649,-0.00505918644304626,0.802943701989733,0.0012097990491233262,0.9999984534346992,0.0012669152979844335,0.20159005227070814,0.005057658240746998,-0.0012730202313365468,0.9999863886611402,-0.09528923478553253
0.9999805322813914,-0.0014433449064544836,-0.006071207873467793,0.9635577280272116,0.0014525874115680225,0.9999978324988718,0.0015195682570334343,0.24200953784068702,0.006069007903221069,-0.0015283591507079253,0.9999803968448773,-0.11388968902542729
0.9999735110332166,-0.0016829192209920178,-0.007083351288617867,1.1241824027972598,0.001695498209872637,0.9999970218299636,0.0017719631123517432,0.2824630728244024,0.007080347664450398,-0.0017839272861767674,0.9999733739138491,-0.13233949641314524
0.9999654193923131,-0.001922332120473525,-0.008095487776996702,1.2848172699535496,0.0019387822250125839,0.9999961099814174,0.002024121308819063,0.32295112928009395,0.00809157010966445,-0.002039747435675393,0.9999652132597239,-0.1506348690471242
0.9999562076139037,-0.0021615018693768723,-0.00910773439902518,1.4454627188543725,0.0021822982731217323,0.9999950484677784,0.002276033517606463,0.3634737072078238,0.009102767500908798,-0.0022958110958056777,0.9999559627892304,-0.16877960170215545
0.9999459408568667,-0.002400392804987283,-0.010119965056024138,1.606118360141437,0.002426084275312428,0.9999939026094347,0.0025276981338708507,0.4040308066075333,0.010113841667984999,-0.0025521147244642606,0.9999455755229989,-0.1867698996034406
0.999934553201859,-0.0026390260578271433,-0.011132311668722195,1.7667845831730347,0.002670102310472207,0.9999926091903647,0.0027791149184766286,0.44462242747928116,0.011124898192760996,-0.0028086589683787855,0.9999341577606036,-0.20460955752577092
0.9999221126616,-0.002877386881823228,-0.012144655737502064,1.9274459716165495,0.002914375547891547,0.9999911703149353,0.003030283058375111,0.48524641495152565,0.012135831708156936,-0.0030654430167055824,0.9999216617429826,-0.22229632251855946
0.9999085918425648,-0.0031156010962478543,-0.013157096442676292,2.0881179418045974,0.0031590220021446886,0.9999896281555012,0.0032812156128602223,0.5259049238958085,0.013146744259241103,-0.003322479310869153,0.9999080772938626,-0.23983244753238608
0.999893977707103,-0.0033534255311208697,-0.014169526819342332,2.248800104378887,0.0034037972266150124,0.999987957374641,0.0035318875367836167,0.5665979543120692,0.01415751467316019,-0.003579742900714167,0.9998933554706763,-0.2572141377924808
0.9998783006123235,-0.0035910006329651304,-0.015182065683481627,2.4094927817096448,0.0036488129015210266,0.9999861980403426,0.003782311759242868,0.6073259782586735,0.015168280879199317,-0.0038372481965821548,0.9998776039175941,-0.2744451949468356
0.999861570820312,-0.003828303472317376,-0.01619458832091933,2.570195584438636,0.0038940985305089405,0.9999842932496849,0.004032486545201357,0.6480889957355593,0.016178901626061795,-0.0040949916755597116,0.9998607155956225,-0.2915218242206663
0.9998437201303296,-0.004065357002405404,-0.01720721931499425,2.7309089689121038,0.004139616192465939,0.9999822999055888,0.00428241270770683,0.6888865346844817,0.01718950473062407,-0.004352976628945571,0.9998427975571795,-0.3084478135155422
0.9998247593769082,-0.00430211531677362,-0.018219819276751925,2.8916174518094806,0.0043853806392160095,0.9999801042022122,0.004532090616089348,0.729716912292206,0.018199963979716544,-0.004611196474142265,0.999823744268959,-0.32522091675409825
0.9998047371850995,-0.004538632719148488,-0.019232528717979064,3.0523364494633256,0.004631385536402005,0.9999778789526853,0.004781517926847576,0.7705822834302722,0.019210404197590056,-0.00486965842128495,0.9998036012314915,-0.3418433868869073
0.9997836493681505,-0.0047748696043476944,-0.020245332767641996,3.2130655055273394,0.004877660387667899,0.9999754492395111,0.005030695361364883,0.8114831201569235,0.020220824954668426,-0.0051283565343114845,0.9997823699706008,-0.3583114360124213
0.9997614665090471,-0.005010857394163518,-0.021257999387395435,3.3738050763477645,0.005124167271906881,0.9999729309728986,0.00527962326771423,0.8524189504139184,0.02123097607268358,-0.005387294037214274,0.9997600742942951,-0.37462885203220253
0.9997382208786452,-0.005246566786565807,-0.02227076775672042,3.5345397455921272,0.005370929358403893,0.9999703283615813,0.005528298862656005,0.8933876193297117,0.02224110053302218,-0.005646467455388604,0.9997366896618589,-0.3907933819956426
0.999713865184804,-0.005482010384101121,-0.023283503643805825,3.695284862604865,0.005617938229693978,0.9999675191822499,0.005776725872673912,0.9343917538341522,0.023251081137890983,-0.005905878081905125,0.9997122298459816,-0.4068072857265719
0.9996884588871073,-0.005717198632508847,-0.024296215508873703,3.8560400380277997,0.005865202303243975,0.9999646825611349,0.00602490127141334,0.9754313539271777,0.024260916498371227,-0.006165526988533232,0.9996866340610437,-0.422666768450199
0.9996619919114886,-0.00595210645879906,-0.02530902780442683,4.016805728207174,0.006112706827230017,0.9999616414763726,0.006272824949933157,1.0165059475505451,0.025270725415963008,-0.006425411134586501,0.9996600093728872,-0.43837561806809333
0.9996343867184403,-0.006186891008978207,-0.02632192973680053,4.177566449822393,0.006360576150583253,0.9999585540105265,0.006520506589118426,1.0576138518910163,0.026280499934822774,-0.006685547111940526,0.9996322370538455,-0.4539315885028756
0.9996057316820017,-0.006421380604847451,-0.027334804780021038,4.3383376192060155,0.006608700676196521,0.9999552641853996,0.006767936185920607,1.098757221820133,0.02729012179762448,-0.0069459154333439965,0.9996034488950596,-0.46933693270514
0.9995759719221586,-0.006655503849683626,-0.028347759342406548,4.499118780011742,0.006856953972025206,0.999951902641768,0.007015105203308006,1.1399365293961399,0.028299712698303614,-0.007206509709434206,0.9995735141434977,-0.4845878627733242
0.9995451644123019,-0.006889355093437695,-0.029360688432852194,4.659895361611547,0.0071054477182919355,0.999948395641777,0.007262022278616011,1.1811491476893092,0.02930915115771278,-0.007467339620872593,0.9995425034892115,-0.4996897084331735
0.9995132340991166,-0.007122957431924679,-0.030373704270999696,4.820682001621577,0.007354203001172076,0.9999448000883476,0.00750868684191094,1.2223972315710654,0.03031854931023706,-0.00772840706926986,0.9995104054180429,-0.5146371330857278
0.9994802560359177,-0.007356273189608093,-0.03138669444095327,4.9814790224118894,0.0076031987344902605,0.9999410611829256,0.007755098080143165,1.2636812530997705,0.03132779502149137,-0.007989707720868933,0.9994772314642866,-0.5294339383789861
0.9994462180552619,-0.007589331811105313,-0.03239976384131932,5.142271007650038,0.007852434918244607,0.9999371747167772,0.008001256590810952,1.304999057403883,0.03233700687818772,-0.008251243660586494,0.9994429708649502,-0.5440778713623473
0.9994110534521733,-0.007822244345850892,-0.03341279401081815,5.303072984310347,0.008102050653190255,0.999933184966624,0.008247171717688146,1.346352799354884,0.033346050711312955,-0.008513026750618047,0.9994076357746072,-0.5585673902116284
0.9993748281711627,-0.008054885022101589,-0.03442591177282449,5.463885341750938,0.008351906838571945,0.9999290497601112,0.008492830399154635,1.3877424789528359,0.03435506810154973,-0.008775044086309747,0.9993711532631331,-0.5729062897016064
0.9993375126155863,-0.008287144862655901,-0.03543898680972821,5.624692663639394,0.00860189179417129,0.9999248449394603,0.008738230959953457,1.4291659413261932,0.03536391370794342,-0.009037284018083125,0.9993336565367427,-0.5870923168817015
0.9992990771105233,-0.008519147709611243,-0.036452141774659524,5.785510366308159,0.008852123534562176,0.9999204925580831,0.00898337382255273,1.4706253413465014,0.03637271181057082,-0.00929975784828696,0.9992950131756255,-0.6011277247024935
0.9992596504611885,-0.008750864308466534,-0.03746526212705599,5.946337993411021,0.009102618894679818,0.9999159968247132,0.009228262974905,1.5121211510720016,0.0373813632798909,-0.009562461639087194,0.9992553547672122,-0.6150087252624203
0.9992190480170903,-0.008982332192171039,-0.03847845515109617,6.107160974319868,0.009353337870300408,0.9999114125379049,0.009472896052081828,1.5536507435729696,0.03838995402581254,-0.009825401113928933,0.9992145504686044,-0.6287406482872413
0.9991774551891854,-0.00921352831243881,-0.039491607691488524,6.267993879662839,0.009604320465647872,0.9999066827947373,0.009717276917244517,1.5952167457791298,0.039398390726757354,-0.010088573907972131,0.9991726718075301,-0.642318164051197
0.9991347256647811,-0.009444578536071238,-0.04050483264415907,6.428821682465582,0.009855667860362767,0.9999018497675645,0.009961409766169452,1.6368170028190026,0.040406778205631155,-0.010351991999411947,0.999129707200442,-0.6557428143784847
0.9990909499112937,-0.009675371956220993,-0.04151801636253559,6.589659866048606,0.010107255705515942,0.9998968691796655,0.01020528511334916,1.6784531975058226,0.04141499841989599,-0.010615642136364845,0.9990856683079065,-0.6690168453464693
0.9990460717157972,-0.00990576163497564,-0.042531264418307846,6.750492880103394,0.010358972320884887,0.9998917620747071,0.010448898412773877,1.7201241190846588,0.042423165437029745,-0.010879511114871343,0.9990404843803016,-0.6821380177510008
0.9990000864987225,-0.010135902788695798,-0.04354447389195302,6.9113362079504554,0.010610935721047376,0.9998865664163104,0.01069225640764893,1.7618314503687476,0.0434311589520157,-0.011143613924501972,0.9989942858126957,-0.6951085776694512
0.9989530407917446,-0.01036577236909552,-0.044557744753897226,7.07217443325726,0.010863154323468249,0.9998812253015541,0.01093535795179947,1.8035730364865472,0.0444391035743166,-0.011407948200416684,0.9989469425126088,-0.7079262721512265
0.9989049492359161,-0.010595355701395193,-0.04557097700100533,7.233022972356338,0.011115613376327459,0.999875740834805,0.011178203960903126,1.8453510323095994,0.045446877226173785,-0.011672512436927795,0.9988985845758771,-0.7205933541469278
0.9988557363976895,-0.010824705278498138,-0.04658426691865406,7.393866341927151,0.011368333965800316,0.999870165710251,0.011420793699628114,1.887163755024666,0.04645459574780708,-0.011937311083792035,0.9988490822881206,-0.733107577579176
0.9988054512697656,-0.011053894759476872,-0.047597628287753845,7.554719568944023,0.01162139826846359,0.9998644894060585,0.011663128651259553,1.9290133595032302,0.047462256676357284,-0.012202348890071768,0.9987984941529348,-0.7454674006237738
0.998754074154132,-0.011282686895391927,-0.048610932905523,7.7155680157907796,0.011874606093166564,0.999858625473152,0.011905202270209069,1.9708976908738673,0.048469741900441565,-0.01246760525798174,0.9987468333244077,-0.7576781598797027
0.9987016394024372,-0.011511230601330642,-0.04962430484812218,7.8764263200835956,0.012128054368306052,0.9998526729868071,0.012147018401195647,2.012818904008002,0.04947717103495938,-0.012733094530557154,0.9986940870718582,-0.7697345187479883
0.9986480987698616,-0.01173949652773379,-0.05063762072627992,8.037279454848118,0.01238174942823926,0.9998466361557574,0.012388578039941889,2.054774844034151,0.05048441554982515,-0.01299881369642264,0.9986402680554901,-0.7816380190528207
0.9985934984078484,-0.011967497657380526,-0.05165099603582472,8.19814283641685,0.012635699690430968,0.9998403927566935,0.012629877324455821,2.0967676658238563,0.05149160376033636,-0.013264760342814097,0.9985853644249965,-0.793390913744787
0.9985377921649544,-0.012195243960719492,-0.0526643093280426,8.359001048457316,0.012889896737416397,0.9998341219158458,0.012870921038719233,2.138795214505576,0.05249860735119552,-0.013530940173794359,0.998529328723904,-0.8049909498733001
0.9984810286662319,-0.01242271098263873,-0.05367768539325235,8.519869440313954,0.0131443342348384,0.9998276466113505,0.013111701567686478,2.180860117009157,0.053505551146653466,-0.013797344126695532,0.9984722080658247,-0.8164403872621762
0.9984232200791238,-0.012649914709685718,-0.054691004467442475,8.680732662642328,0.013399012182698858,0.9998210848577836,0.013352228961567972,2.222959746404751,0.05451231655999819,-0.014063981331491837,0.9984140746565661,-0.8277369660875991
0.9983643084775606,-0.012876730035524253,-0.05570437564635579,8.841605675428667,0.013653833652597308,0.9998143944827906,0.013592487242323792,2.2650967296221456,0.05551901373808475,-0.014330832398318616,0.9983547974673562,-0.8388791513985936
0.998304277101946,-0.013103399654843743,-0.05671768420845408,9.002473841056883,0.013909005170043502,0.9998076008237926,0.01383249561495586,2.3072689117899188,0.05652551738133313,-0.014597926909624637,0.9982944481866262,-0.849872279794134
0.9982431867573587,-0.013329812945971305,-0.05773104453745953,9.16333677016874,0.014164431889748311,0.9998006596040683,0.014072242380566775,2.34947629290801,0.05753195730855745,-0.014865248834150302,0.9982330150781751,-0.8607125564994433
0.9981810499914745,-0.013555948742737745,-0.05874433859168099,9.324209879096799,0.014420113811713684,0.9997936340396388,0.014311729953068906,2.391721027847961,0.058538211227210965,-0.015132797872589976,0.9981704503359562,-0.8714022344651084
0.9981177980311083,-0.013781828306370404,-0.05975769030027708,9.485077751508499,0.014676027766649023,0.9997864609144832,0.014550954535565626,2.4340009617382314,0.05954439191604302,-0.015400573397790607,0.9981068610795086,-0.8819390607405353
0.9980534409503268,-0.014007422097193759,-0.06077096826586334,9.645955347390156,0.0149321885063782,0.9997791444373346,0.014789920055148032,2.476318721508603,0.060550380573553525,-0.0156685742512942,0.9980421409555614,-0.8923215003747629
0.9979880277544144,-0.014232768123447814,-0.06178430362415216,9.806828096113662,0.015188589696544129,0.9997717394067476,0.015028620740747277,2.518671680229355,0.061556298318158564,-0.01593680152425242,0.9979763963442341,-0.9025548830935293
0.9979215835513062,-0.014457717089812638,-0.06279756091655606,9.967695541332802,0.015445142826216831,0.9997641467474465,0.015267058279579507,2.5610603099587284,0.06256202414603992,-0.016205244579464817,0.9979095213089503,-0.9126354209952865
0.9978540241537163,-0.014682411705160436,-0.06381086650342627,10.128572710021842,0.015701927988859502,0.9997565266463616,0.015505236120465563,2.6034867655682046,0.06356767674409983,-0.01647391618697258,0.9978415628022309,-0.9225615722558373
0.9977853628697853,-0.01490681979675685,-0.06482409630860214,10.28944503155276,0.015958945184474202,0.9997487031338126,0.015743150418686454,2.645948420128059,0.06457312640812202,-0.016742810237098726,0.9977725335547573,-0.9323386666009341
0.9977156412839701,-0.015130979838609518,-0.06583737440824433,10.45031204957931,0.016216232334169623,0.9997407910678251,0.015980805018961174,2.688445745696537,0.06557850472966256,-0.017011933486055564,0.997702420835848,-0.9419629161290146
0.9976448775576208,-0.015354870103723467,-0.0668505707733067,10.61117369711343,0.016473752558392802,0.9997327936049493,0.016218196998560544,2.7309792143319385,0.06658368624731018,-0.017281280895935502,0.9976311780694044,-0.9514343277132937
0.9975729976841106,-0.01557848108741769,-0.06786381732451785,10.772045457475627,0.016731519567408114,0.9997245916784259,0.016455326118348972,2.7735505088475048,0.067588783202844,-0.017550852427736352,0.9975589115550001,-0.9607551474311578
0.9975000305778956,-0.01580171928574145,-0.06887697807994617,10.932911914333488,0.01698941534664155,0.9997163190855809,0.0166921903775871,2.8161574743716926,0.06859367872785674,-0.017820640360022566,0.9974855154097559,-0.9699231223319984
0.9974259903233138,-0.016024805390737848,-0.06989018319947382,11.093773390057095,0.017247676966798735,0.9997079442609141,0.016928793620992977,2.858800582962866,0.06959849410259575,-0.018090661719357304,0.9974110361963467,-0.9789420540638218
0.9973508475159354,-0.016247628115326956,-0.0709033087377762,11.254644589250631,0.017506177995839003,0.9996994229277043,0.017165132925836487,2.901481517434142,0.07060310273006826,-0.01836090695969178,0.9973354866320294,-0.987806599154446
0.9972746486874356,-0.016470180312235266,-0.07191647025609982,11.415510417951737,0.017764926851227186,0.9996907561381347,0.01740120489112009,2.9441985949723435,0.071607629219737,-0.01863137347526478,0.9972588548597848,-0.9965183063012688
0.9971974061953738,-0.01669246244723041,-0.07292954930951948,11.576371265518588,0.018023923532965207,0.9996820039516768,0.017637018975866243,2.986951815577532,0.0726119531319726,-0.01890206693113694,0.9971811530325086,-1.0050809702790815
0.9971190481265002,-0.016914481391934563,-0.0739426600935863,11.737226742593009,0.018283166999495445,0.9996731052566759,0.017872565458007597,3.029741179249644,0.07361618692334228,-0.019172982415091466,0.9971023095157382,-1.0134907963130928
0.9970396467742972,-0.01713623818246425,-0.07495569161543494,11.898091876149323,0.018542658292375575,0.9996641201126032,0.018107846946745398,3.072568840860164,0.07462021443144407,-0.019444120033436874,0.9970224555328971,-1.0217462425791197
0.9969591476389834,-0.0173575984834536,-0.07596874739970491,12.058951961583318,0.018802270979561043,0.9996549473398163,0.018342860963072867,3.1154331175959733,0.07562415364437869,-0.01971546787528433,0.9969414606268299,-1.0298526525493514
0.9968775469014542,-0.017578696440152183,-0.07698171823054328,12.219806676524883,0.019062123075629735,0.9996456881179577,0.01857761275196435,3.1583335373987076,0.07662787684545994,-0.019987039704440046,0.9968593959210632,-1.0378062245757889
0.9967948896664643,-0.017799532242676303,-0.07799471757317705,12.380655953986007,0.01932223037395743,0.9996363424470274,0.018812097331490394,3.2012705723266723,0.07763151224259127,-0.020258833667986642,0.9967762497736374,-1.0456069655316398
0.9967111308292592,-0.018020105045025728,-0.07900762921217952,12.541500250312822,0.019582577081168354,0.9996268502675539,0.019046313492704164,3.244243750321621,0.07863493162786919,-0.020530847806698227,0.996692034108693,-1.0532586633184806
0.9966263169215142,-0.01824039979218825,-0.08002056818281011,12.702354136133522,0.019843171614727345,0.9996172136839042,0.019280267317542704,3.287255698313281,0.07963825961075649,-0.020803084320721865,0.996606737123179,-1.0607559882105448
0.9965404017917865,-0.01846042439190257,-0.08103341761546196,12.863202584473726,0.02010400555716962,0.9996074316438947,0.019513952987114808,3.33030426143017,0.08064136787595566,-0.021075538404149274,0.9965203708083573,-1.0681004820320368
0.9964534317816353,-0.01868018607697723,-0.0820462846273255,13.024045984691611,0.020365087325959992,0.9995975631548135,0.019747376846404287,3.373389439672346,0.0816443828858468,-0.021348222033637065,0.9964328642560322,-1.0752959395577406
0.9963654192486198,-0.018899685797993726,-0.08305905895585952,13.184883947429057,0.020626416921100375,0.9995876082166605,0.0199805367644745,3.4165112330397545,0.08264718420080057,-0.021621125944598363,0.9963442886971241,-1.082338566012858
0.9962762970491763,-0.019118789599818775,-0.08407197885660983,13.345716472685979,0.020887875286455408,0.9995774656497933,0.020213420144350343,3.4596696415323898,0.0836500027294835,-0.021894234520309586,0.9962546796032855,-1.0892283613973959
0.9961860740079826,-0.01933763896509176,-0.08508479553659798,13.506543882832574,0.021149573060693788,0.9995672355816709,0.020446034577166285,3.5028651372086177,0.08465259783464357,-0.022167562277420783,0.9961639426664755,-1.0959691273593606
0.9960947788630133,-0.019556336237037383,-0.08609762953412575,13.667365855498659,0.021411644051767233,0.9995569032817266,0.02067838535572186,3.546097248010076,0.08565509230004473,-0.022441123461580503,0.9960720655190104,-1.102557062250746
0.9960023842081567,-0.019774763361534803,-0.08711037064398697,13.828182323696225,0.021673947075813074,0.9995464255254226,0.02091046745026148,3.5893664459950667,0.08665736066994098,-0.022714902215143995,0.995979179303497,-1.1089921729447667
0.9959089355283999,-0.01999292014846772,-0.08812313070139821,13.989008703757762,0.021936497926207145,0.999535802312759,0.021142280884698217,3.6326748860351312,0.08765952744640103,-0.022988900391028633,0.995885212627652,-1.1152767123920242
0.9958144449911859,-0.020210814781226175,-0.08913578439269654,14.149829579350765,0.02219929660295133,0.9995250926510234,0.021373829586122217,3.676020413258728,0.08866147404271288,-0.023263120701304152,0.9957901184315605,-1.1214084276419243
0.9957188410634974,-0.020428431929146618,-0.09014845892322737,14.310644950475236,0.02246234206448807,0.9995142385851115,0.021605106465578564,3.719403027665857,0.089663309209609,-0.0235375578281396,0.9956940034986124,-1.1273873186944599
