0.9999999999999998,3.339735997385978e-17,-1.0036003236531725e-18,0.0,3.339735997385978e-17,0.9999999999999997,1.0592809557750504e-18,0.0,-1.0036003236531725e-18,1.0592809557750504e-18,0.9999999999999997,0.0
0.9999985541797339,-0.0012565866224620817,0.001145700005154069,0.022279896801291055,0.0012574311637453747,0.9999989380562471,-0.0007367178880117734,-0.0002788889629949942,-0.0011447730386425008,0.0007381574617409053,0.9999990723086954,0.0006878909041372339
0.999996508127872,-0.0012766848343775223,0.0023138297033181345,0.048992465808565644,0.0012879019578707575,0.9999873953935365,-0.004852871582579861,-0.00031573727848144273,-0.0023076049508526423,0.004855834622777925,0.9999855478103202,0.0017397061577075768
0.9999958339620162,-0.002784309576653949,-0.0007613663985706684,0.07967596592807613,0.002782512074266548,0.9999933632044594,-0.002351844720742284,-0.00046375762122163877,0.0007679096093163202,0.002349716411670884,0.9999969445691402,0.003019416126691876
0.9999905536869161,-0.0032441143502878462,-0.0028927943267050963,0.10608224840388103,0.0032398908951885848,0.9999936806402175,-0.0014634844095812382,-0.00038447866813173803,0.002897523756871518,0.0014540982470485696,0.9999947449633751,0.004431520324975402
0.9999826337896479,-0.004291833346997612,-0.004038847068283626,0.14123681051995063,0.004292092452092681,0.9999907873893078,5.548779160997777e-05,-4.0796736596515615e-05,0.004038571715603557,-7.282193301425003e-05,0.9999918422844579,0.006498421362842066
0.9999667361560187,-0.0032750477993029278,-0.0074699828240352715,0.17658818383882346,0.0032736210171266152,0.9999946210388186,-0.00020322122230886222,0.00016433676178184697,0.007470608202504523,0.00017876056961949204,0.9999720786390702,0.008778511804200306
0.9999488819159059,-0.0036467771403024536,-0.009430512797194096,0.2032389579437508,0.003659542905990415,0.9999924103744202,0.0013367644803722884,0.0004456060921902427,0.009425566340983947,-0.0013712075137399936,0.999954638215707,0.010419824462400307
0.9999643158845096,-0.0024731946882975307,-0.008077763654522395,0.23476850713249414,0.0024953805151209834,0.9999931392660978,0.0027376078644343184,0.000943119066624476,0.00807093759790648,-0.002757667269348361,0.9999636269572619,0.012232791944694288
0.9999833756187039,-0.0022481052329942405,-0.005309850194050455,0.26181723799051687,0.002265600220527119,0.9999920178138673,0.0032911037951476813,0.0008504654913346066,0.005302409062173675,-0.003303079080353911,0.9999804868729818,0.013867359176513272
0.9999990124495649,-0.0011994056313793643,-0.0007324793688358266,0.30204256947217584,0.001202414565756867,0.9999907843143108,0.0041213451276391885,0.0011338629113923915,0.0007275294539812442,-0.0041222218014652185,0.9999912389557782,0.016391525841526366
0.999998475963974,-0.0008080601329313215,-0.0015476138249189064,0.32909471417300185,0.0008136489344313776,0.999993138396822,0.0036140191872708555,0.0011395611984961196,0.0015446828609820883,-0.0036152728937149732,0.9999922718485194,0.01847019051077403
0.999982764747637,-0.00040991926200346446,-0.005856805773708298,0.3692956230583052,0.0004593378499592969,0.9999642858993016,0.008438953409012953,0.0013297275930550523,0.005853137313603622,-0.008441498214092992,0.9999472395539126,0.021888461267963955
0.9999786317573323,0.0016973718639067266,-0.006313078289499217,0.3970668411142919,-0.0016734687621606135,0.9999914190276357,0.0037896402728723254,9.701309149434678e-05,0.00631945654592238,-0.0037789945556087967,0.9999728914671202,0.0239384695808611
0.9999866294189074,0.00013984729429004052,-0.005169277139676424,0.4320815576696413,-0.00011640289995040082,0.9999897084457475,0.004535355879461339,0.0006574263971694805,0.005169858197028679,-0.004534693520268063,0.9999763542808898,0.026949142973199613
0.9999829292498912,0.0012469279949206696,-0.005708448071267127,0.4681163522405901,-0.0012320613292587355,0.9999958425099996,0.002607103296122467,-0.0003827677709868915,0.005711675208536939,-0.002600025632794902,0.9999803081226253,0.029746504686509745
0.9999803283135841,0.003536201085084405,-0.00518056635341066,0.4861681141757668,-0.003530179200586195,0.9999930831765541,0.0011710823458084942,-0.0010187188301198358,0.005184671703009808,-0.0011527709810557542,0.9999858950497237,0.031101738902418852
0.9999803283135841,0.003536201085084405,-0.00518056635341066,0.4861681141757668,-0.003530179200586195,0.9999930831765541,0.0011710823458084942,-0.0010187188301198358,0.005184671703009808,-0.0011527709810557542,0.9999858950497237,0.031101738902418852
0.9999803283135841,0.003536201085084405,-0.00518056635341066,0.4861681141757668,-0.003530179200586195,0.9999930831765541,0.0011710823458084942,-0.0010187188301198358,0.005184671703009808,-0.0011527709810557542,0.9999858950497237,0.031101738902418852
0.9999803283135841,0.003536201085084405,-0.00518056635341066,0.4861681141757668,-0.003530179200586195,0.9999930831765541,0.0011710823458084942,-0.0010187188301198358,0.005184671703009808,-0.0011527709810557542,0.9999858950497237,0.031101738902418852
0.9999803283135841,0.003536201085084405,-0.00518056635341066,0.4861681141757668,-0.003530179200586195,0.9999930831765541,0.0011710823458084942,-0.0010187188301198358,0.005184671703009808,-0.0011527709810557542,0.9999858950497237,0.031101738902418852
0.9999803283135841,0.003536201085084405,-0.00518056635341066,0.4861681141757668,-0.003530179200586195,0.9999930831765541,0.0011710823458084942,-0.0010187188301198358,0.005184671703009808,-0.0011527709810557542,0.9999858950497237,0.031101738902418852
0.9999803283135841,0.003536201085084405,-0.00518056635341066,0.4861681141757668,-0.003530179200586195,0.9999930831765541,0.0011710823458084942,-0.0010187188301198358,0.005184671703009808,-0.0011527709810557542,0.9999858950497237,0.031101738902418852
0.9999803283135841,0.003536201085084405,-0.00518056635341066,0.4861681141757668,-0.003530179200586195,0.9999930831765541,0.0011710823458084942,-0.0010187188301198358,0.005184671703009808,-0.0011527709810557542,0.9999858950497237,0.031101738902418852
0.9999803283135841,0.003536201085084405,-0.00518056635341066,0.4861681141757668,-0.003530179200586195,0.9999930831765541,0.0011710823458084942,-0.0010187188301198358,0.005184671703009808,-0.0011527709810557542,0.9999858950497237,0.031101738902418852
0.9999803283135841,0.003536201085084405,-0.00518056635341066,0.4861681141757668,-0.003530179200586195,0.9999930831765541,0.0011710823458084942,-0.0010187188301198358,0.005184671703009808,-0.0011527709810557542,0.9999858950497237,0.031101738902418852
0.999993296965892,-0.001479379755043408,-0.00334924750142355,0.8113583660160522,0.0014465699860096515,0.9999511529621922,-0.009777480496427174,-0.008845340389039946,0.0033635485073059707,0.00977257003673064,0.999946590281859,0.046554045785678344
0.9999108244903951,-0.01295778284679013,-0.0032309333996680674,0.829153372660422,0.012868854837298951,0.9995745925244718,-0.02617301195338304,-0.007990167377193491,0.0035687031417852943,0.026129099548794898,0.9996522067772643,0.046332537290597386
0.9999912230726248,-0.001290790102455104,-0.0039859300830802765,0.8719144978077323,0.0012535357470712647,0.9999556435267818,-0.009334860849003673,-0.009472198558703626,0.003997802627270981,0.009329782411763477,0.9999484850402557,0.04758411524304229
0.9998950835563245,-0.013730887471306007,-0.004613524589817071,0.9026880025071756,0.013592678355982896,0.9994939149173903,-0.028760270134663354,-0.008187334006076852,0.005006093786707333,0.028694542553564878,0.9995756911073017,0.04740933665498703
0.9999778968759767,-0.0029298969756452772,-0.005968371906165265,0.9368779137360022,0.0028583134623531314,0.9999243047951496,-0.011967235440465976,-0.009522850611972444,0.006002982895955063,0.0119499114494091,0.9999105779081958,0.04820183293947533
0.9999710198965364,-0.0025208926785604043,-0.007183624933407853,0.9632363288807961,0.0024952511283835408,0.9999904923043607,-0.003576174309018979,-0.009932004148453633,0.007192571785321255,0.0035581457228965317,0.9999678027367318,0.04861315917026143
0.9999587490167795,-0.0008566834655322258,-0.009042475227304886,1.002145574975864,0.0008071682620112179,0.9999846694638148,-0.005478076007228553,-0.009666028428194529,0.00904702957844953,0.005470551232193597,0.9999441106006984,0.04825573557244889
0.9999316839170356,0.0007179952160784776,-0.011666703978041306,1.03718330030082,-0.0008114664410988242,0.9999675979065122,-0.00800903610270987,-0.009646346426468333,0.011660575502801166,0.008017956095491429,0.9998998666661548,0.04797094976505978
0.9999812358503424,-0.0003797845859272152,-0.00611422201834227,1.068197871028449,0.00036302211175945234,0.9999961736359118,-0.00274243112609228,-0.00881090090727854,0.006115240156172373,0.002740160068915343,0.9999775474282552,0.04714732792894605
0.9999907198212441,0.001814356669323025,-0.003907477609143401,1.0992206384345877,-0.001823271116792802,0.9999957408455408,-0.002279029006433836,-0.00856106376464938,0.003903325995115305,0.002286132247701535,0.9999897687704214,0.046479234826160454
0.9999878797130328,0.0020157496731515595,-0.004491901633842621,1.130378225646846,-0.002059795279725688,0.999949635595496,-0.009822602294714789,-0.008186330267403008,0.004471875494526667,0.009831735639738597,0.9999416679506217,0.0460059799686392
0.9999746706248219,0.003562422806005334,-0.006161757259876465,1.161759795882242,-0.0036367524018478307,0.9999202488778597,-0.012094210019932203,-0.007729763338303441,0.006118181163225015,0.01211631246666359,0.9999078771724241,0.045312062784499396
0.9999684713215501,0.0037743319523589206,-0.00698647129493538,1.1931111354113826,-0.0038610772532054506,0.9999151081620016,-0.012444619392204948,-0.0068890708562002745,0.0069389080759390915,0.012471202335198751,0.9998981551473267,0.04440166791029565
0.999968140814332,0.003689535227015738,-0.00707846636899522,1.224492984764142,-0.0037786070116446998,0.9999133303947922,-0.012611654445270456,-0.006077633824322692,0.0070313217377627624,0.012637999390883477,0.9998954152740257,0.04348084613807712
0.9999690756231026,0.0012258077506634782,-0.007768216837626687,1.260513365439985,-0.0012837774160672681,0.9999713361046635,-0.007461828502454601,-0.0048418657453666025,0.0077588474030598755,0.0074715704113969056,0.9999419862784859,0.04256460507114479
0.99995973456463,0.003626775439193622,-0.008208273225719051,1.2967670634480926,-0.0036874808234676685,0.9999658752231828,-0.007392622965520751,-0.004100675089191874,0.008181181736824599,0.007422593148452141,0.999938984826745,0.0417714525031867
0.9999628687208987,0.002827062952938584,-0.008140570897075525,1.3287418779520084,-0.0028722817658533907,0.9999804823036553,-0.005548424029017292,-0.003287587184786167,0.008124726267865057,0.0055716000222874075,0.9999514718706419,0.04115859244937736
0.9999715364322591,0.003511339674207025,-0.006678084979900165,1.3607389188468126,-0.0035339514303210965,0.999988052838391,-0.0033771834079094213,-0.002806505987603236,0.006666146757652407,0.0034006873091872395,0.9999719985145733,0.040752719867652054
0.9999669005221111,0.004233441090198393,-0.006948081514906634,1.3882779260550189,-0.004278909187268492,0.9999694447332221,-0.006542211865880369,-0.002717775449509352,0.006920173145888556,0.006571725531911399,0.9999544607766714,0.04062008515262594
0.9999815493422843,0.0033056469588935615,-0.005096437303353605,1.4251211130569348,-0.003345664001450384,0.9999634849997725,-0.007863536068351764,-0.002628850155216078,0.005070257132853811,0.007880441947760814,0.9999560945998149,0.04031667451137677
0.999984292221698,0.0030787834895251074,-0.004683631293508818,1.466808296887216,-0.0031305026863051523,0.9999337635034132,-0.011075583904721131,-0.0027748237970757206,0.00464922174131793,0.011090072052250587,0.9999276949055242,0.03983943502669263
0.9999940985038366,0.0011400200097079064,-0.0032408813426039714,1.4948321621535254,-0.0011802954457743478,0.9999217657680992,-0.012452680268411842,-0.002817525676761523,0.003226431490060964,0.012456431976455982,0.9999172102940602,0.03929066032806228
0.9999926865700706,0.0025174208661205384,-0.0028791315626068062,1.5180129587171955,-0.002549432186405016,0.9999343713902266,-0.011169302035434177,-0.002880679085088156,0.0028508247752010037,0.011176560500200987,0.9999334764340506,0.038812722983066816
0.9999962523190437,0.0017631642946550567,-0.0020944210506179703,1.5601608466199304,-0.0017886968587122933,0.9999233405555756,-0.012252084546131319,-0.003037267105266528,0.0020726580554570016,0.012255784913581456,0.9999227469283498,0.03796964794271185
0.9999991235748237,0.0012884377858938482,-0.00030459424907986653,1.5975041422112652,-0.0012916923704315033,0.9999393458094716,-0.010937834929544291,-0.0026756618883296834,0.0002904830543431559,0.010938218785418,0.999940133702712,0.037074262375385025
0.9999994823226012,0.0009971826357551789,0.0002024384372091107,1.6302274725455788,-0.0009944893676184453,0.9999163652924282,-0.012894704776655361,-0.002435174971591625,-0.00021527988202607912,0.01289449677848473,0.9999168393458537,0.03635730836686868
0.9999992284347857,0.0012378359704230415,-0.00010436447293223178,1.6629087494892505,-0.0012388796044534394,0.9999422450757525,-0.010675752441350711,-0.0019462941542429668,9.114361498676161e-05,0.010675873499328439,0.9999430070848374,0.03576346144659803
0.9999985999045362,0.0012480643631143156,-0.001114685746166833,1.695501877725512,-0.0012580485195547969,0.9999586934585926,-0.009001593775915365,-0.001409473656721838,0.001103405133950946,0.009002983501577485,0.9999588635464863,0.03514380521831617
0.9999980162741329,0.001869613420318691,0.0006870177998717487,1.7327005576129828,-0.0018628016277337412,0.9999503869184461,-0.009785380510997806,-0.0003315519876325723,-0.0007052785935279017,0.009784081321609482,0.9999518860099205,0.03442614923183296
0.999993965629431,0.0011756599447385176,0.003269025606867156,1.7651282088370843,-0.0011521313943198387,0.9999734878085818,-0.00719001204380773,0.0005191690922807801,-0.003277391946996606,0.007186202309580157,0.9999688081127287,0.033593706820077784
0.9999950664844375,0.0012218457034670906,0.0028938037013211057,1.802247387361704,-0.0012051701212347449,0.9999827005907073,-0.005757263611670823,0.0016926742222371782,-0.0029007881280341138,0.005753747682363649,0.9999792396924264,0.032556810160863314
0.9999981171509708,0.0018619291881143113,-0.0005467304739562485,1.8299242386856314,-0.0018658776704053583,0.9999715221656083,-0.0073125480042740285,0.0026507966270536976,0.0005330994576877094,0.007313554368033207,0.9999731135022948,0.03167582008351788
0.9999987809808641,0.0014276334629995237,0.0006323760599681715,1.8576183980896692,-0.0014231051834209974,0.9999737520339987,-0.007104225129011343,0.0037225162030873893,-0.0006425016909057046,0.007103316531176152,0.9999745647194408,0.03093704845262213
0.9999982509893588,0.0015764765061143556,-0.0010063498640564064,1.898897560489171,-0.0015842289238752188,0.9999687152556076,-0.007749756690761452,0.005259402144058178,0.0009941010713070565,0.0077513374249167126,0.9999694637993626,0.029759801270984543
