1.0000000356140366,6.148104989997179e-15,1.447787465204387e-15,0.0,6.148104989997179e-15,1.0000000356140544,-3.107457257549122e-15,0.0,1.447787465204387e-15,-3.107457257549122e-15,1.0000000000000218,0.0
0.9999989685651332,-0.0013201166551306891,0.0006168704833209376,0.1660767542379915,0.0013202651801718613,0.9999991239009117,-0.00024220205087322773,0.012623123007186265,-0.000616550204260993,0.00024301623597282757,0.9999997615743406,-0.006195059324461738
0.9999957952959092,-0.0026400051749587016,0.0012340235829468888,0.3321304958137432,0.0026405991228073545,0.9999964167611334,-0.000483589687671309,0.025467222306208015,-0.0012327424871338118,0.00048684619226735864,0.999999105916273,-0.012489300747752452
0.9999904346339392,-0.003959881356624239,0.0018514589588122215,0.4981612247272267,0.003961227975290711,0.9999918917214122,-0.0007241621753808135,0.03853229789707058,-0.0018485763272848598,0.0007314892947777833,0.9999980330258189,-0.018882724269872142
0.9999830238632144,-0.005279504377969505,0.0024692954408905067,0.6641691065821647,0.00528190056524913,0.999985627366616,-0.0009639186864936205,0.0518192889656639,-0.0024641708176176926,0.000976944946897157,0.9999964832983389,-0.025375329890685805
0.9999734662859562,-0.006599022687926745,0.003087413592189065,0.8301539757748628,0.00660275499136625,0.999977468299853,-0.0012028594686392092,0.06532725632609626,-0.003079406283166276,0.0012232128866626595,0.9999945163384726,-0.03196711761033555
0.9999618180137251,-0.007918390561020953,0.003705812921929347,0.9961156667015985,0.007923766228630613,0.9999675880309209,-0.0014409832827119388,0.07905526079246883,-0.0036942822582703887,0.0014702921245704592,0.9999920725415753,-0.03865808742894927
0.9999480203474027,-0.009237614022936068,0.004324493001844829,1.1620543449660943,0.009244944627274033,0.9999558665740247,-0.0016782898758889336,0.09300424155068221,-0.004308798975761785,0.0017181823113574502,0.9999892115122917,-0.04544823934639908
0.9999320525865306,-0.010556594674762602,0.0049435731356548135,1.3279700105683219,0.010566172789076202,0.9999423471029353,-0.0019147784155466052,0.10717419860073107,-0.004923074480794214,0.0019668829813727193,0.9999859332506272,-0.05233757336267786
0.9999140528298041,-0.011875435239957828,0.005562933213650403,1.4938626635082812,0.0118875474117937,0.9999270477305585,-0.002150448942029234,0.12156513194261898,-0.005536989564058489,0.002216393552537715,0.9999822377565767,-0.059326089477785615
0.9998938829785226,-0.013194018320284778,0.006182572908646767,1.6597321381823065,0.013208971797653115,0.9999099477564307,-0.0023853006292635977,0.13617610239044886,-0.006150543759912959,0.0024667127442861165,0.9999780654254953,-0.06641378769186446
0.9998715611455917,-0.014512456989432564,0.0068024917216264495,1.8255786001940635,0.014530548670111745,0.9998910065943393,-0.0026193336256819426,0.151008049130116,-0.006763737068342383,0.0027178412550992043,0.9999734162573831,-0.07360066800477938
0.9998471486176931,-0.015830740897169338,0.007422809259532989,1.991401883939858,0.01585228235373412,0.9998702829434026,-0.0028525453789767117,0.16606003297572514,-0.007376688232971738,0.0029697776880018246,0.9999684094615351,-0.08088673041665828
0.9998205841081451,-0.017148870043495124,0.008043405638776256,2.1572021550234126,0.01717416852395558,0.9998477768036208,-0.003084937328765451,0.1813329931131733,-0.007989277578853475,0.003222522508655265,0.9999628662240118,-0.08827197492737326
0.9997919617271631,-0.018466741704952584,0.008664279861313524,2.322979247840834,0.01849605440729597,0.9998234700620883,-0.003316509771937802,0.196825990356027,-0.008601504640343679,0.0034760747857388937,0.999956965358747,-0.09575258683979371
0.9997611899520897,-0.019784454280451145,0.009285432210164157,2.488733327996016,0.019818107452014986,0.9997973195450344,-0.003547261103422978,0.21253996389071794,-0.009213369417422798,0.003730433587919762,0.9999505876564518,-0.10333238085104313
0.999728263607809,-0.021102012094538602,0.009906862745971435,2.654464229885207,0.02114029830855328,0.9997693865391356,-0.003777190979289215,0.22847397453135088,-0.009824870978772613,0.0039855982167143695,0.9999437927217708,-0.11101135696126363
0.9996932439810025,-0.022419400472435295,0.0105286895849993,2.8201569265341107,0.02246263130147557,0.9997396684568343,-0.004006294574764894,0.24463067193726395,-0.010436129465001963,0.004241567507969777,0.9999365209500652,-0.11878951517073943
0.999656049084525,-0.023736502015904333,0.01115079261491399,2.9858264449168814,0.023784984707980097,0.9997081445976667,-0.004234577308350618,0.26100740644858256,-0.01104702380419685,0.004498341927349491,0.9999288319459737,-0.1266630407819207
0.9996168170170769,-0.02505344879796224,0.01177317224002143,3.151472785033718,0.025107455225840198,0.9996748382496543,-0.00446203688711207,0.27760417806584314,-0.011657553996337637,0.004755921474851013,0.9999207257094966,-0.13463574849207305
0.9995754303804215,-0.026370236494061082,0.01239582774530086,3.317095946884592,0.026430063555519443,0.999639688126121,-0.004688672002859723,0.2944209867890475,-0.012267720041426547,0.005014303822159477,0.9999122022406342,-0.14270763830119648
0.9995318891745586,-0.027686840079189524,0.013018759926636836,3.4826809034951793,0.027752809697017697,0.9996027503386273,-0.004914483505187858,0.3114604822775284,-0.012877521008141001,0.00527349036626773,0.9999032019347415,-0.15087871020957522
0.9994862520986068,-0.029003274228127096,0.013641967988147407,3.6482425162359107,0.02907568330010331,0.9995640274747314,-0.0051394705444938096,0.3287190756855214,-0.013486957827802468,0.005533479244530346,0.9998937247918185,-0.15914514951979442
0.9994384958645444,-0.030319421542636855,0.01426544917830879,3.8137809507106795,0.03039855229175963,0.9995234988339696,-0.005363632635618847,0.34619770619945633,-0.014096029569107965,0.005794269525626969,0.9998838304165101,-0.1675107709289918
0.9993885824737165,-0.03163539509640787,0.014889205654913184,3.9792962069195426,0.031721544420455085,0.9994811238301293,-0.005586968267660261,0.36389637381933504,-0.014704734369396037,0.00605586120954695,0.9998735188088166,-0.17597557443715317
0.9993365525123412,-0.032951056790739716,0.015513355582137898,4.144773092284197,0.03304454661251762,0.9994369991609836,-0.005809477707385965,0.3818167890180586,-0.015313193300615513,0.006318255227632499,0.999862789968743,-0.18453574534744632
0.999282424093319,-0.034266534374101,0.016137779959495686,4.310226799382889,0.03436766159138751,0.999391086827878,-0.006031160067710427,0.3999572413227259,-0.015921285290816455,0.006581449717227539,0.9998515842916396,-0.19319509835671056
0.9992261946290918,-0.035581823521943806,0.01676247719522005,4.475642135637429,0.03569087468228514,0.9993433255441362,-0.0062520136494367004,0.4183194412062399,-0.016529010340001035,0.006845442815678489,0.9998399613821511,-0.20194981876809948
0.999167846006754,-0.03689681548512695,0.01738744672328529,4.641034128022284,0.037014083161753475,0.9992938171826473,-0.006472041662664441,0.4369007390098023,-0.017136370310829648,0.007110235919988295,0.9998278616356326,-0.21080372127860159
0.9991073402276506,-0.03821160433801197,0.018012689190578288,4.806387749563015,0.03833741477826042,0.9992424572829646,-0.006691240438707129,0.4557037843922096,-0.017743359615350535,0.007375826701831714,0.9998153446567293,-0.21975299119122838
0.9990447127028786,-0.03952609600623726,0.018638204111931934,4.971718192837756,0.03966072710855846,0.9991893503055349,-0.006909612729085942,0.47472686688056065,-0.01834998384151763,0.007642216092550125,0.9998024104454405,-0.22880144320282625
0.9989799841329017,-0.040840384564164424,0.019263990057307306,5.137010265268486,0.04098413755088371,0.9991343917899113,-0.007127155917413437,0.4939716969482948,-0.01895623740137807,0.00790940316080215,0.9997889993971221,-0.23794907731382153
0.9989130958186012,-0.04215447433634127,0.019890047269282753,5.30227899382939,0.04230765645546848,0.9990776430227701,-0.007343868627945795,0.5134356249355392,-0.01956212402022326,0.008177387440934932,0.9997752307210637,-0.24719207882666439
0.9988441625706562,-0.04346836532276772,0.020516375869157867,5.467509185942447,0.04363124844706933,0.9990191040041119,-0.0075597501727775705,0.5331203613157367,-0.02016764183540801,0.008446167070303321,0.9997609256033311,-0.2565304477417669
0.9987730108792692,-0.04478204284866419,0.02114297585692744,5.632716034185819,0.044954959251161226,0.9989587721463783,-0.007774800551925529,0.5530241956159809,-0.02077279084693347,0.008715742980230172,0.9997462032532138,-0.26596799875598975
0.9986998134395233,-0.04609517371864728,0.021769844185326234,5.797884511585039,0.046278395272106046,0.9988966492224134,-0.007989026320747872,0.5731497774950718,-0.02137756919220231,0.008986112376762572,0.9997310636707107,-0.27550091717233016
0.998624495068823,-0.047408321600026386,0.02239698479109253,5.963029645114574,0.047602159877004065,0.998832713573624,-0.008202415879430908,0.5934944572942094,-0.02198197687113294,0.009257278053840561,0.9997155068558239,-0.28513301768779087
0.998547054952454,-0.048721138622638493,0.02302439279261624,6.128136242196234,0.04892590519569265,0.9987669643852961,-0.008414975459879707,0.6140599454862983,-0.02258601574641948,0.009529237217511506,0.9996994732039072,-0.29486048560551126
0.9984674499166455,-0.050033756859500074,0.023652070832854075,6.293204468433942,0.05024972962708074,0.9986994249454515,-0.008626700799678772,0.6348471812577721,-0.023189682092759678,0.009801988936450335,0.9996830223196063,-0.30468713562262906
0.9983857205476103,-0.05134601921258325,0.024280014596221637,6.458249185198071,0.05157352009747953,0.9986301280776289,-0.008837594920633516,0.6558525757628608,-0.023792977772812817,0.010075534141991107,0.9996661542029204,-0.31460915304172943
0.9983019436573726,-0.05265806378058846,0.024908230151792193,6.623255365514325,0.05289736898011452,0.998558977084055,-0.009047655582961745,0.6770787786609009,-0.02439590278656254,0.010349871902791609,0.9996488092492054,-0.3246265378630966
0.9982160044352533,-0.05396989488806346,0.025536710243034517,6.788223009382904,0.05422131165022863,0.9984860332514068,-0.009256881034306007,0.6985257899524289,-0.024998455271363747,0.010625000356215124,0.999631047063106,-0.33474310478400326
0.9981279002936944,-0.05528151253500824,0.026165460615577125,6.9531521168035795,0.05554533343304251,0.998411296579684,-0.009465270869231561,0.7201936096369099,-0.025600637089863758,0.010900919502261651,0.9996128080399778,-0.3449550391071696
0.9980377659291241,-0.05659264222515797,0.026794474634318454,7.118057714750734,0.05686916848138647,0.9983347791919621,-0.009672830537628642,0.742079588055006,-0.026202444516803782,0.011177629340944894,0.9995941517844644,-0.35526234083232566
0.9979454692326721,-0.0579035584547774,0.02742375542738493,7.282924776250013,0.05819309731720955,0.9982564689651661,-0.009879553025552183,0.7641863748660533,-0.026803879414795288,0.011455128009606,0.9995750782965671,-0.3656650099597485
0.9978510637283412,-0.05921423187430735,0.028053302833056785,7.44775330130156,0.05951708024072074,0.9981763607241797,-0.010085439250167529,0.7865139700705885,-0.027404941783841518,0.011733416439568099,0.9995555279716408,-0.3761668611867037
0.9977544907170126,-0.06052467715852746,0.028683116770470234,7.61254328990529,0.060841127602151567,0.9980944570565609,-0.010290489670069927,0.8090623736680751,-0.028005629761298438,0.012012495562153488,0.9995355604143302,-0.38676407981593286
0.9976558701844813,-0.06183488998288975,0.029313195890444933,7.777294742061116,0.06216523337581807,0.9980106966756338,-0.010494701210293453,0.8318315856585148,-0.02860594334716164,0.012292361652063438,0.9995151756246359,-0.3974566658474217
0.9975551201436021,-0.06314473224869382,0.029943418807088652,7.94202251913967,0.06348927583891902,0.9979251762791714,-0.010698086512065035,0.8548180171966742,-0.02920576519480744,0.012573016571962733,0.9994943139979059,-0.40824461928103517
0.9974522224814746,-0.06445410123248221,0.030573904101609338,8.106711759770377,0.06481315226801333,0.9978378777542687,-0.010900638113763742,0.8780252571277849,-0.02980521078825032,0.012854456596563021,0.9994730947434358,-0.41912794011692256
0.9973471961257238,-0.065763457878107,0.03120477812238352,8.271362298349516,0.06613731325673801,0.9977487613294268,-0.011102336683628797,0.9014523662659517,-0.030404399336715633,0.013136683588483706,0.9994513390472999,-0.43010662835521174
0.9972400963731908,-0.06707244396517335,0.031835913495301675,8.435974134877256,0.06746138590990221,0.9976578848890504,-0.011303196644099218,0.9250993446117128,-0.031003213493609006,0.013419694753780865,0.9994291661187799,-0.44118449869317544
0.9971308696998729,-0.06838106984391307,0.03246730638994654,8.600547434957122,0.06878540992729672,0.997565189734021,-0.011503218265459251,0.9489671313504235,-0.03160165139628204,0.013703490092445788,0.9994065759578755,-0.45235773643340593
0.9970194729319993,-0.0696894382377834,0.033098965194903324,8.76508203298539,0.07010948370783097,0.9974706939772442,-0.011702396879858646,0.9730547872961921,-0.0321997130447228,0.01398806867315396,0.999383568564588,-0.4636263415760382
0.9969060234678071,-0.07099754914678442,0.03373088942500752,8.929577928962061,0.07143358655104141,0.9973743976187199,-0.0119007352388102,0.9973623124490185,-0.032797398438929044,0.014273432358550529,0.999360084334272,-0.4749903141210865
0.9967904419077142,-0.07230529984745873,0.0343630713385608,9.094035122887163,0.07275761140892294,0.9972762825455428,-0.012098234341477635,1.0218897068088992,-0.03339470757891931,0.014559578354669714,0.999336182871572,-0.4864496540685366
0.9966727282517152,-0.07361265064001543,0.03499539170746051,9.258453449157003,0.07408155828145822,0.9971764022817151,-0.012294905318193555,1.0466360311899425,-0.03399151753011375,0.014846509455488502,0.999311864176481,-0.49800436141853766
0.9965529213131845,-0.07491986134593957,0.03562797895700898,9.422833073375244,0.07540564729035877,0.997074742116604,-0.0124907277848981,1.0716022247780401,-0.03458795122705955,0.01513422193570317,0.9992870686443628,-0.5096544361709476
0.9964309822787532,-0.0762266971687573,0.0362608239708677,9.587158968567593,0.0767296583139304,0.9969712606492823,-0.012685710536731665,1.096790937232532,-0.03518400866978938,0.01542271486399558,0.9992618558798606,-0.5213998783260436
0.9963069318488845,-0.0775332461571462,0.03689392828540183,9.751446078906525,0.07805370875040947,0.9968659734050982,-0.01287984486053547,1.122199049301134,-0.03577968613299551,0.015711986377718923,0.9992361662783309,-0.5332406878836196
0.996180746735557,-0.07883942458697665,0.03752729346691281,9.915694404392042,0.07937766652677947,0.9967589261453795,-0.013073143326465824,1.1478265609838427,-0.03637498361669753,0.01600204113349616,0.9992100594444167,-0.5451768648436683
0.996052447639229,-0.08014531185783054,0.03816079864013276,10.079903945024085,0.08070164904126054,0.9966500118221218,-0.013265604953294263,1.1736734722806617,-0.0369697819115885,0.01629287633734105,0.9991835353781128,-0.5572084092061971
0.9959220699710027,-0.08145080354511428,0.038794558555857554,10.244074618000667,0.08202551387062165,0.996539393594891,-0.013457222549667334,1.199739313598105,-0.03756420395226672,0.0165844882639908,0.9991565940794255,-0.5693315062740041
0.9957895550317596,-0.08275592034929144,0.039428576801923514,10.408206423321985,0.08334927136509357,0.9964269540654502,-0.013647997221053,1.226024084936709,-0.038158242288152726,0.016876876913428,0.9991291759437096,-0.5815499707443621
0.9956549493975428,-0.08406083836771747,0.04006285475296819,10.572284416815535,0.08467318567071036,0.9963127242844946,-0.013837921171482977,1.252530905548758,-0.03875190436978792,0.01717004414829446,0.9991013405756115,-0.5938638026174772
0.995518206492304,-0.08536538150303682,0.04069726854186242,10.736323459851945,0.08599699264142117,0.9961966732013293,-0.014027010387434348,1.27925618658902,-0.03934506353734134,0.01746398624330322,0.9990730283704785,-0.6062730018932143
0.9953793850151665,-0.08666951005545853,0.0413319412271209,10.900323635233065,0.08732068192701099,0.9960788543399569,-0.014215253468307043,1.3062003976504446,-0.03993783900010142,0.017758703198463538,0.9990443585376071,-0.6187775685714954
0.9952383882683576,-0.08797335177345132,0.04196686539049786,11.06428494295892,0.08864439162618135,0.9959592297017222,-0.014402649578892182,1.33336353873303,-0.04053023820863358,0.018054196876409637,0.9990152118677077,-0.6313775026523203
0.9950953716487687,-0.08927677890854646,0.04260204828852192,11.228192273253143,0.08996797328999892,0.9958378372852804,-0.014589200471555604,1.3607477899026286,-0.04112225371237129,0.018350465414507296,0.9989855883607802,-0.6440689894387788
0.9949501417608478,-0.0905800469576813,0.04323736872247781,11.39206065309017,0.0912917031158479,0.9957146010933218,-0.014774906999424683,1.3883505015004403,-0.04171376630199462,0.018647508812734657,0.9989555476214642,-0.6568558436278593
0.994802848826376,-0.09188298847259599,0.043872941443161444,11.555890082470114,0.09261540330525357,0.9955896126485042,-0.01495976197114596,1.416171673526467,-0.042304895186811554,0.018945323345821618,0.9989250896497655,-0.6697380652195548
0.9946534566195425,-0.09318540835660773,0.04450876890634991,11.719665534418596,0.09393886841130186,0.995462777025898,-0.01514377291241187,1.4442139556400413,-0.042895644092142866,0.019243909013763348,0.9988942144456832,-0.6827156542141495
0.9945019478421503,-0.09448753105595863,0.045144729428166074,11.883401953107864,0.09526234358068107,0.9953341943255485,-0.015326943427854196,1.4724742285883465,-0.043485890083374994,0.019543267679209272,0.9988628624045667,-0.6957847959141645
0.9943483173190938,-0.09578932722108945,0.045781065052646314,12.047084394365726,0.09658579946386502,0.9952038593723398,-0.01550925236229247,1.5009556116242013,-0.04407586785380109,0.01984339934215994,0.9988310931310743,-0.7089493050170788
0.9941925875236755,-0.09709060175531722,0.046417647677935665,12.210727802364545,0.09790902026369157,0.9950716772413428,-0.015690718265430715,1.5296549854953216,-0.04466546564474157,0.020144300277320233,0.9987989066251979,-0.722209181522679
0.9940347135092752,-0.09839176555247123,0.04705436953724437,12.374317150129912,0.09923243757443569,0.9949377203841797,-0.015871330173442114,1.5585749998605092,-0.045254556796267546,0.020445972347327528,0.9987662432822896,-0.7355606107339838
0.9938747453976289,-0.0996923973684904,0.04769133855908456,12.537867464636264,0.10055564915138111,0.9948019750483467,-0.01605109813297976,1.5877130050609605,-0.04584326424301325,0.020748413689553154,0.9987331627069972,-0.7490074073479747
0.9937126658905447,-0.10099285974831752,0.04832856394065591,12.70136363610726,0.10187890014123295,0.9946644446361151,-0.016230012890316392,1.6170711811625313,-0.046431584259654664,0.021051629891917195,0.9986996052946779,-0.7625457566677412
0.9935484542875545,-0.10229285919635972,0.04896591552862705,12.864820774319298,0.10320207314573804,0.9945250773963282,-0.01640808317654606,1.6466473480993677,-0.04701940136220995,0.02135560791590915,0.9986656902546143,-0.7761794733901937
0.9933821692877813,-0.10359253211018168,0.04960352396149647,13.028223769495952,0.10452515781468083,0.9943839579036826,-0.016585297509053538,1.676443685937322,-0.047606831034677256,0.021660355212115553,0.9986312983775241,-0.7899047428184218
0.9932137901907621,-0.10489164369330953,0.05024137540303795,13.1915876486118,0.10584803674982496,0.9942410447572514,-0.016761669997710567,1.7064575450175958,-0.04819387700236429,0.021965869917895696,0.9985964296634046,-0.8037253796493999
0.9930432789978363,-0.10619042874221679,0.050879357932591913,13.354897301890418,0.10717083769962128,0.9940963793579627,-0.016937191783347173,1.736691105406038,-0.048780412605384606,0.022272146445309688,0.998561203321542,-0.8176375691862248
0.9928706305338935,-0.10748878020889863,0.05151758516890284,13.518152812133906,0.1084935313145284,0.9939498823062335,-0.01711186209480921,1.7671448366961364,-0.049366564503612695,0.02257919038228649,0.9985255001426515,-0.8316451261260909
0.9926959138482784,-0.10878680514136008,0.05215594570642502,13.681369123514486,0.10981616594341514,0.9938016330016461,-0.017285690604687078,1.7978156196350668,-0.049952206037168594,0.022886999866187443,0.9984893201267271,-0.8457442357715124
0.9925190909423417,-0.11008461228874236,0.05279455704522943,13.844531209058033,0.11113886933476805,0.9936515295713115,-0.017458654529690743,1.8287061038827055,-0.05053746386590615,0.02319557489699346,0.9984527824830666,-0.8599387128200462
0.9923401255902718,-0.11138193580387626,0.053433413575957926,14.007639068764433,0.11246143604167148,0.993499706711658,-0.01763076422899866,1.8598162894385162,-0.051122330539275236,0.02350491361208996,0.9984157680023787,-0.8742247425744267
0.9921591093147212,-0.11267870833854757,0.05407239429155917,14.170707646806221,0.11378369861584894,0.9933460314991013,-0.017802040921862803,1.8911430570507477,-0.05170668684800586,0.023815014148816042,0.9983783362893001,-0.8886061397316993
0.9919759539953098,-0.11397535978591322,0.054711629962309875,14.333721999010834,0.11510618705052049,0.9931906402594971,-0.017972450925204286,1.9226895259711512,-0.05229065945189748,0.02412588395775269,0.9983404277391963,-0.9030790895948186
0.9917906838781829,-0.11527143090325666,0.05535098442121198,14.496682042576396,0.1164283523531381,0.9930333914918752,-0.018142015622238307,1.954455226606779,-0.0528741179658658,0.024437506275093723,0.9983021019567031,-0.9176435921638486
0.9916033300140417,-0.11656704773791084,0.055990583748590825,14.65958777750292,0.11775037062107498,0.9928744284700506,-0.018310727927932417,1.986440158957624,-0.05345718904975485,0.02474989041407954,0.9982633589418272,-0.9322996474387892
