0.1412217766046524,0.10104478895664215,-0.9848077893257141,-142.74038696289062,-0.9899779558181763,0.014414164237678051,-0.14048424363136292,-5.024213790893555,-1.906089330816485e-08,0.9947774410247803,0.10206770896911621,55.103389739990234
0.14261633157730103,0.10282619297504425,-0.9844223260879517,-142.5792236328125,-0.9897780418395996,0.014859014190733433,-0.1418401598930359,-5.060043811798096,4.266222822479904e-05,0.9945883750915527,0.10389424115419388,55.080631256103516
0.14401060342788696,0.10460668057203293,-0.9840316772460938,-142.4180450439453,-0.9895761609077454,0.015306315384805202,-0.14319489896297455,-5.095653533935547,8.275646541733295e-05,0.9943958520889282,0.10572054982185364,55.05759048461914
0.14540471136569977,0.10638613253831863,-0.9836358428001404,-142.25685119628906,-0.9893722534179688,0.015756063163280487,-0.14454858005046844,-5.131043434143066,0.00012026329204672948,0.9942000508308411,0.10754649341106415,55.03426742553711
0.1467985212802887,0.10816466063261032,-0.9832347631454468,-142.0956573486328,-0.9891663789749146,0.016208259388804436,-0.14590108394622803,-5.166213512420654,0.00015518261352553964,0.9940008521080017,0.10937219858169556,55.01066207885742
0.1481921672821045,0.10994214564561844,-0.9828284978866577,-141.93446350097656,-0.9889585375785828,0.016662897542119026,-0.14725251495838165,-5.2011637687683105,0.00018751413153950125,0.9937983155250549,0.11119753122329712,54.986778259277344
0.14958563446998596,0.11171868443489075,-0.9824169278144836,-141.77325439453125,-0.9887487292289734,0.01711999624967575,-0.14860287308692932,-5.235894203186035,0.0002172577806049958,0.993592381477356,0.11302261054515839,54.96261215209961
0.15097880363464355,0.1134941577911377,-0.9820002317428589,-141.61204528808594,-0.9885369539260864,0.017579523846507072,-0.14995205402374268,-5.270404815673828,0.00024441321147605777,0.9933831095695496,0.11484730988740921,54.93816375732422
0.15237179398536682,0.11526857316493988,-0.9815782904624939,-141.45083618164062,-0.9883232116699219,0.018041487783193588,-0.15130016207695007,-5.3046956062316895,0.00026898039504885674,0.9931704998016357,0.116671621799469,54.91343307495117
0.15376447141170502,0.11704190820455551,-0.9811512231826782,-141.28961181640625,-0.9881075024604797,0.018505878746509552,-0.15264707803726196,-5.338766574859619,0.000290959287667647,0.9929545521736145,0.11849553138017654,54.88842010498047
0.1551569700241089,0.11881417036056519,-0.9807188510894775,-141.12838745117188,-0.9878897666931152,0.01897270418703556,-0.1539929211139679,-5.372618198394775,0.0003103496856056154,0.9927352070808411,0.12031904608011246,54.86312484741211
0.15654915571212769,0.12058545649051666,-0.9802813529968262,-140.9671630859375,-0.9876701235771179,0.01944197155535221,-0.15533755719661713,-5.406250476837158,0.00032715164707042277,0.9925125241279602,0.12214227765798569,54.83755111694336
0.15794090926647186,0.12235566228628159,-0.9798386096954346,-140.80593872070312,-0.987448513507843,0.01991364359855652,-0.1566808670759201,-5.439663410186768,0.0003413649392314255,0.9922865033149719,0.12396509200334549,54.81169509887695
0.1593324840068817,0.12412476539611816,-0.9793907403945923,-140.64471435546875,-0.9872249364852905,0.020387748256325722,-0.15802310407161713,-5.4728569984436035,0.0003529893874656409,0.9920571446418762,0.12578749656677246,54.78555679321289
0.1607237309217453,0.125892773270607,-0.9789376258850098,-140.48348999023438,-0.9869993925094604,0.020864268764853477,-0.15936413407325745,-5.505831718444824,0.0003620250790845603,0.9918244481086731,0.1276094615459442,54.75913619995117
0.16211465001106262,0.1276596635580063,-0.9784793853759766,-140.322265625,-0.9867718815803528,0.021343205124139786,-0.16070395708084106,-5.5385870933532715,0.00036847195588052273,0.9915883541107178,0.12943100929260254,54.7324333190918
0.16350525617599487,0.12942543625831604,-0.9780158996582031,-140.16104125976562,-0.9865424036979675,0.021824555471539497,-0.16204257309436798,-5.5711236000061035,0.00037232995964586735,0.991348922252655,0.13125211000442505,54.705448150634766
0.1648956537246704,0.13119010627269745,-0.9775472283363342,-139.9998321533203,-0.9863109588623047,0.022308334708213806,-0.16338010132312775,-5.60344123840332,0.0003735991776920855,0.9911062121391296,0.13307277858257294,54.67818069458008
0.16628572344779968,0.13295362889766693,-0.9770733714103699,-139.838623046875,-0.9860775470733643,0.02279452420771122,-0.16471639275550842,-5.635540008544922,0.00037227949360385537,0.990860104560852,0.134893000125885,54.650630950927734
0.1676754653453827,0.13471603393554688,-0.9765943288803101,-139.6774139404297,-0.9858421683311462,0.02328312397003174,-0.1660514771938324,-5.667419910430908,0.00036837105290032923,0.990610659122467,0.13671275973320007,54.622798919677734
0.16906476020812988,0.1364772915840149,-0.9761101603507996,-139.51622009277344,-0.9856048822402954,0.02377411723136902,-0.16738523542881012,-5.6990814208984375,0.0003618737682700157,0.9903578758239746,0.13853205740451813,54.59468460083008
0.17045371234416962,0.13823741674423218,-0.9756208062171936,-139.3550262451172,-0.985365629196167,0.024267517030239105,-0.16871775686740875,-5.730524063110352,0.00035278761060908437,0.9901017546653748,0.14035089313983917,54.566287994384766
0.17184233665466309,0.13999639451503754,-0.9751262664794922,-139.19384765625,-0.985124409198761,0.024763323366642,-0.1700490564107895,-5.761748313903809,0.00034111272543668747,0.9898422956466675,0.14216925203800201,54.5376091003418
0.1732306033372879,0.14175420999526978,-0.9746265411376953,-139.0326690673828,-0.9848812222480774,0.0252615325152874,-0.17137913405895233,-5.792754173278809,0.00032684917096048594,0.9895794987678528,0.14398711919784546,54.50864791870117
0.1746184229850769,0.1435108631849289,-0.9741216897964478,-138.8715057373047,-0.984636127948761,0.025762129575014114,-0.17270785570144653,-5.82354211807251,0.0003099969180766493,0.9893133640289307,0.1458045244216919,54.47940444946289
0.17600588500499725,0.1452663391828537,-0.9736116528511047,-138.71034240722656,-0.984389066696167,0.026265127584338188,-0.17403534054756165,-5.854111671447754,0.00029055605409666896,0.9890438914299011,0.14762142300605774,54.44987487792969
0.17739300429821014,0.14702054858207703,-0.9730964303016663,-138.5491943359375,-0.9841400384902954,0.02677050605416298,-0.17536160349845886,-5.884463310241699,0.00026852660812437534,0.9887710809707642,0.14943771064281464,54.42006301879883
0.17877976596355438,0.14877356588840485,-0.9725760817527771,-138.3880615234375,-0.983889102935791,0.02727828361093998,-0.1766866147518158,-5.914597034454346,0.00024390888574998826,0.9884949922561646,0.15125349164009094,54.38996887207031
0.1801660656929016,0.15052539110183716,-0.9720505475997925,-138.22694396972656,-0.983636200428009,0.027788441628217697,-0.17801028490066528,-5.944512844085693,0.00021670290152542293,0.9882155060768127,0.15306876599788666,54.35959243774414
0.18155188858509064,0.1522759199142456,-0.971519947052002,-138.0658416748047,-0.9833813309669495,0.02830095775425434,-0.17933258414268494,-5.9742112159729,0.0001869088300736621,0.9879327416419983,0.15488339960575104,54.32893371582031
0.18293733894824982,0.15402525663375854,-0.9709841012954712,-137.90475463867188,-0.9831245541572571,0.028815869241952896,-0.1806536465883255,-6.003691673278809,0.0001545269478810951,0.9876466393470764,0.15669751167297363,54.29799270629883
0.18432243168354034,0.15577338635921478,-0.9704431295394897,-137.74368286132812,-0.9828658103942871,0.029333176091313362,-0.18197345733642578,-6.032954692840576,0.00011955728405155241,0.9873571991920471,0.15851110219955444,54.26676940917969
0.18570704758167267,0.15752018988132477,-0.9698970317840576,-137.58262634277344,-0.9826051592826843,0.029852833598852158,-0.18329189717769623,-6.062000274658203,8.199996227631345e-05,0.9870644211769104,0.16032403707504272,54.235260009765625
0.18709129095077515,0.15926578640937805,-0.9693458080291748,-137.4215850830078,-0.982342541217804,0.030374884605407715,-0.18460910022258759,-6.0908284187316895,4.185536818113178e-05,0.986768364906311,0.16213642060756683,54.203468322753906
0.18847504258155823,0.1610100418329239,-0.9687893986701965,-137.26055908203125,-0.982077956199646,0.0308992862701416,-0.18592491745948792,-6.119439601898193,-8.764909580349922e-07,0.9864689707756042,0.1639481484889984,54.17139434814453
0.18985842168331146,0.16275306046009064,-0.9682278633117676,-137.09954833984375,-0.9818114638328552,0.0314260758459568,-0.18723948299884796,-6.147833824157715,-4.61951713077724e-05,0.98616623878479,0.16575932502746582,54.1390380859375
0.19124118983745575,0.16449475288391113,-0.9676612615585327,-136.9385528564453,-0.9815430641174316,0.03195519372820854,-0.18855255842208862,-6.176011085510254,-9.410052734892815e-05,0.9858602285385132,0.1675698310136795,54.10639953613281
0.19262345135211945,0.16623519361019135,-0.9670894742012024,-136.777587890625,-0.9812727570533752,0.0324866808950901,-0.18986424803733826,-6.2039713859558105,-0.00014459225349128246,0.9855508208274841,0.16937975585460663,54.0734748840332
0.1940053403377533,0.16797427833080292,-0.9665125608444214,-136.61663818359375,-0.9810004234313965,0.03302052989602089,-0.1911746859550476,-6.231714725494385,-0.00019767017511185259,0.9852381944656372,0.17118901014328003,54.04026794433594
0.19538673758506775,0.16971200704574585,-0.9659305810928345,-136.45570373535156,-0.9807262420654297,0.03355672210454941,-0.19248372316360474,-6.259241580963135,-0.0002533340884838253,0.9849222302436829,0.17299754917621613,54.006778717041016
0.19676761329174042,0.1714484691619873,-0.9653434157371521,-136.2947998046875,-0.9804500937461853,0.03409527987241745,-0.19379138946533203,-6.2865519523620605,-0.00031158336787484586,0.9846029281616211,0.17480552196502686,53.97300720214844
0.1981479823589325,0.17318356037139893,-0.9647511839866638,-136.1339111328125,-0.9801720380783081,0.03463617339730263,-0.1950976550579071,-6.313645839691162,-0.0003724180569406599,0.9842803478240967,0.17661277949810028,53.93894958496094
0.19952796399593353,0.17491726577281952,-0.9641537666320801,-135.97305297851562,-0.9798920154571533,0.03517942875623703,-0.1964026689529419,-6.340523719787598,-0.0004358376027084887,0.9839544296264648,0.1784193217754364,53.90460968017578
0.20090742409229279,0.17664958536624908,-0.9635512828826904,-135.8122100830078,-0.9796100854873657,0.03572501987218857,-0.19770626723766327,-6.367185115814209,-0.0005018417141400278,0.9836252331733704,0.18022514879703522,53.86998748779297
0.2022862583398819,0.17838063836097717,-0.9629437327384949,-135.65139770507812,-0.9793262481689453,0.03627295047044754,-0.19900836050510406,-6.393630504608154,-0.0005704298382624984,0.9832927584648132,0.18203036487102509,53.8350830078125
0.20366457104682922,0.18011027574539185,-0.9623310565948486,-135.49061584472656,-0.9790405035018921,0.03682321310043335,-0.20030906796455383,-6.419859886169434,-0.0006416018586605787,0.9829569458961487,0.18383485078811646,53.79989242553711
0.20504236221313477,0.1818385124206543,-0.9617132544517517,-135.32986450195312,-0.978752851486206,0.037375807762145996,-0.20160835981369019,-6.445873737335205,-0.0007153574842959642,0.9826178550720215,0.18563859164714813,53.76441955566406
0.20641963183879852,0.18356534838676453,-0.9610903859138489,-135.16912841796875,-0.9784632325172424,0.03793073445558548,-0.20290625095367432,-6.471672058105469,-0.0007916961330920458,0.9822754263877869,0.18744158744812012,53.72866439819336
0.2077963650226593,0.18529075384140015,-0.9604623913764954,-135.0084228515625,-0.978171706199646,0.0384879894554615,-0.20420275628566742,-6.497254848480225,-0.0008706174558028579,0.9819297194480896,0.1892438381910324,53.692623138427734
0.2091725766658783,0.1870148628950119,-0.9598292708396912,-134.84774780273438,-0.9778782725334167,0.03904759883880615,-0.2054978311061859,-6.522622108459473,-0.0009521210449747741,0.9815807342529297,0.19104546308517456,53.65629959106445
0.2105482518672943,0.1887374222278595,-0.9591911435127258,-134.68710327148438,-0.9775829315185547,0.03960951045155525,-0.20679150521755219,-6.547773838043213,-0.0010362064931541681,0.9812284708023071,0.19284619390964508,53.619693756103516
0.2119232714176178,0.19045855104923248,-0.9585478901863098,-134.5264892578125,-0.9772856831550598,0.0401737242937088,-0.20808365941047668,-6.5727105140686035,-0.0011228733928874135,0.9808728694915771,0.19464616477489471,53.58280563354492
0.21329765021800995,0.1921781301498413,-0.9578996300697327,-134.36590576171875,-0.9769865274429321,0.04074021428823471,-0.20937427878379822,-6.5974321365356445,-0.0012121209874749184,0.9805140495300293,0.19644522666931152,53.545631408691406
0.21467147767543793,0.19389648735523224,-0.9572461843490601,-134.2053680419922,-0.9766854643821716,0.04130908101797104,-0.21066348254680634,-6.621938705444336,-0.0013039488112553954,0.980151891708374,0.19824375212192535,53.508174896240234
0.21604475378990173,0.19561327993869781,-0.9565877318382263,-134.04486083984375,-0.9763824343681335,0.04188024252653122,-0.21195127069950104,-6.646230697631836,-0.001398356631398201,0.9797864556312561,0.20004138350486755,53.470436096191406
0.21741749346256256,0.19732873141765594,-0.9559241533279419,-133.88438415527344,-0.9760775566101074,0.04245374724268913,-0.21323762834072113,-6.6703081130981445,-0.0014953439822420478,0.9794176816940308,0.20183832943439484,53.432411193847656
0.2187894582748413,0.19904248416423798,-0.9552556276321411,-133.72393798828125,-0.9757707715034485,0.04302947595715523,-0.2145223319530487,-6.694170951843262,-0.0015949102817103267,0.9790457487106323,0.20363424718379974,53.39410400390625
0.2201608568429947,0.20075489580631256,-0.9545819163322449,-133.56353759765625,-0.9754620790481567,0.043607547879219055,-0.21580561995506287,-6.717819690704346,-0.0016970548313111067,0.9786704778671265,0.20542946457862854,53.35551452636719
0.22153158485889435,0.20246583223342896,-0.9539031982421875,-133.40316772460938,-0.975151538848877,0.044187914580106735,-0.21708735823631287,-6.741253852844238,-0.001801777514629066,0.9782918691635132,0.20722387731075287,53.3166389465332
0.22290176153182983,0.2041751742362976,-0.9532194137573242,-133.2428436279297,-0.9748390316963196,0.04477056860923767,-0.21836766600608826,-6.764474391937256,-0.0019090775167569518,0.977910041809082,0.20901736617088318,53.27748107910156
0.2242712527513504,0.20588302612304688,-0.9525306224822998,-133.08255004882812,-0.9745246767997742,0.04535551369190216,-0.2196464240550995,-6.78748083114624,-0.002018954372033477,0.9775249361991882,0.21081002056598663,53.238040924072266
0.2256401926279068,0.2075892686843872,-0.9518367648124695,-132.92230224609375,-0.9742083549499512,0.04594274237751961,-0.2209237515926361,-6.81027364730835,-0.0021314071491360664,0.9771366119384766,0.21260173618793488,53.19831848144531
0.22700844705104828,0.20929402112960815,-0.9511378407478333,-132.7620849609375,-0.9738901853561401,0.04653226211667061,-0.22219951450824738,-6.832852363586426,-0.002246435033157468,0.9767450094223022,0.21439260244369507,53.15830993652344
0.22837600111961365,0.21099737286567688,-0.9504338502883911,-132.60191345214844,-0.9735701084136963,0.047124095261096954,-0.22347372770309448,-6.855217933654785,-0.0023640377912670374,0.9763500690460205,0.21618275344371796,53.118019104003906
0.2297428846359253,0.21269899606704712,-0.9497248530387878,-132.44178771972656,-0.9732481837272644,0.04771815612912178,-0.22474639117717743,-6.8773698806762695,-0.0024842151906341314,0.9759519100189209,0.2179718315601349,53.07744598388672
0.23110906779766083,0.21439911425113678,-0.9490108489990234,-132.28170776367188,-0.9729243516921997,0.048314500600099564,-0.22601749002933502,-6.899308681488037,-0.0026069656014442444,0.9755504727363586,0.21976004540920258,53.03658676147461
0.232474684715271,0.21609759330749512,-0.9482918381690979,-132.12167358398438,-0.9725986123085022,0.048913124948740005,-0.227287158370018,-6.921034336090088,-0.0027322887908667326,0.9751458168029785,0.22154727578163147,52.995445251464844
0.23383960127830505,0.2177945375442505,-0.9475677013397217,-131.961669921875,-0.9722709655761719,0.049514029175043106,-0.22855523228645325,-6.94254732131958,-0.0028601849917322397,0.9747378826141357,0.22333364188671112,52.95402145385742
0.2352038025856018,0.2194899469614029,-0.9468386173248291,-131.8017120361328,-0.9719414710998535,0.050117217004299164,-0.22982175648212433,-6.9638471603393555,-0.0029906523413956165,0.9743266701698303,0.22511914372444153,52.912315368652344
0.23656731843948364,0.22118383646011353,-0.9461044669151306,-131.6417999267578,-0.9716100692749023,0.05072267726063728,-0.23108670115470886,-6.984934329986572,-0.003123690839856863,0.9739121794700623,0.2269037663936615,52.870323181152344
0.23793001472949982,0.2228759378194809,-0.945365309715271,-131.48193359375,-0.9712768197059631,0.051330335438251495,-0.23234997689723969,-7.005809307098389,-0.0032592997886240482,0.9734944701194763,0.22868727147579193,52.82804870605469
0.2392919957637787,0.2245665043592453,-0.944621205329895,-131.32212829589844,-0.9709417223930359,0.05194026976823807,-0.23361167311668396,-7.026472091674805,-0.0033974775578826666,0.9730735421180725,0.23046988248825073,52.785491943359375
0.24065327644348145,0.226255401968956,-0.9438720941543579,-131.16236877441406,-0.9706047177314758,0.052552446722984314,-0.2348717898130417,-7.04692268371582,-0.003538224846124649,0.972649335861206,0.23225148022174835,52.742652893066406
0.24201394617557526,0.22794261574745178,-0.9431179165840149,-131.00265502929688,-0.970265805721283,0.05316689610481262,-0.23613044619560242,-7.0671610832214355,-0.00368154002353549,0.9722219109535217,0.2340320497751236,52.699527740478516
0.24337367713451385,0.2296282798051834,-0.9423587918281555,-130.84298706054688,-0.969925045967102,0.053783562034368515,-0.2373872846364975,-7.087187767028809,-0.0038274226244539022,0.9717912077903748,0.2358117252588272,52.65612030029297
0.24473269283771515,0.23131214082241058,-0.9415947198867798,-130.68338012695312,-0.9695824384689331,0.054402440786361694,-0.23864255845546722,-7.1070027351379395,-0.003975871484726667,0.9713573455810547,0.2375902533531189,52.612430572509766
0.24609097838401794,0.23299454152584076,-0.9408255815505981,-130.52381896972656,-0.9692379236221313,0.055023618042469025,-0.2398962378501892,-7.126605987548828,-0.0041268859058618546,0.9709201455116272,0.23936796188354492,52.568458557128906
0.24744854867458344,0.23467512428760529,-0.9400514960289001,-130.3643035888672,-0.9688915610313416,0.055647000670433044,-0.24114832282066345,-7.145998001098633,-0.004280465189367533,0.9704797863960266,0.24114452302455902,52.524200439453125
0.24880538880825043,0.23635399341583252,-0.939272403717041,-130.20484924316406,-0.9685433506965637,0.05627262592315674,-0.24239882826805115,-7.1651787757873535,-0.004436607472598553,0.9700361490249634,0.24292002618312836,52.47966003417969
0.25016137957572937,0.23803117871284485,-0.9384883642196655,-130.04544067382812,-0.9681932330131531,0.05690045654773712,-0.24364763498306274,-7.18414831161499,-0.004595313221216202,0.969589352607727,0.24469447135925293,52.434837341308594
0.25151652097702026,0.23970675468444824,-0.9376993775367737,-129.88609313964844,-0.9678413271903992,0.05753052607178688,-0.24489471316337585,-7.202907085418701,-0.004756581038236618,0.9691392779350281,0.2464679777622223,52.389732360839844
0.25287091732025146,0.24138061702251434,-0.9369053840637207,-129.726806640625,-0.9674875140190125,0.05816282704472542,-0.24614021182060242,-7.221455097198486,-0.0049204095266759396,0.9686859846115112,0.2482404112815857,52.34434509277344
0.2542244791984558,0.24305275082588196,-0.9361064434051514,-129.56756591796875,-0.9671318531036377,0.05879732966423035,-0.2473839819431305,-7.239792823791504,-0.005086798686534166,0.9682294130325317,0.25001177191734314,52.29867172241211
0.25557729601860046,0.2447231411933899,-0.9353025555610657,-129.40838623046875,-0.9667743444442749,0.059434063732624054,-0.24862617254257202,-7.257919788360596,-0.005255747586488724,0.9677696824073792,0.25178205966949463,52.252716064453125
0.2569292485713959,0.24639181792736053,-0.9344936609268188,-129.249267578125,-0.9664149880409241,0.060072995722293854,-0.24986663460731506,-7.27583646774292,-0.005427256226539612,0.9673067331314087,0.2535512447357178,52.206478118896484
0.2582804560661316,0.2480587363243103,-0.9336798787117004,-129.0902099609375,-0.9660537242889404,0.06071415916085243,-0.25110548734664917,-7.293543338775635,-0.005601321347057819,0.9668405652046204,0.25531935691833496,52.15995788574219
0.25963079929351807,0.24972401559352875,-0.9328610897064209,-128.93121337890625,-0.9656906723976135,0.06135754659771919,-0.2523426115512848,-7.31104040145874,-0.005777943413704634,0.9663711190223694,0.25708645582199097,52.113155364990234
0.26098039746284485,0.2513873279094696,-0.932037353515625,-128.77227783203125,-0.9653257131576538,0.06200310215353966,-0.2535781264305115,-7.328327655792236,-0.0059571219608187675,0.9658985733985901,0.2588522434234619,52.066070556640625
0.26232901215553284,0.2530491054058075,-0.9312087297439575,-128.6134033203125,-0.9649589657783508,0.0626508817076683,-0.2548117935657501,-7.345405101776123,-0.006138855125755072,0.9654226899147034,0.26061713695526123,52.01870346069336
0.2636769711971283,0.2547088861465454,-0.9303750991821289,-128.45458984375,-0.964590311050415,0.06330084800720215,-0.2560440003871918,-7.362273216247559,-0.006323142442852259,0.9649437069892883,0.2623806893825531,51.97105407714844
