0.9999999699669843,-9.571300121648937e-16,8.329041200567434e-16,0.0,-9.571300121648937e-16,0.9999999699669828,7.439269617772642e-16,0.0,8.329041200567434e-16,7.439269617772642e-16,1.0000000000000024,0.0
0.9999976082795137,-3.291931969180493e-05,-0.002186255549469176,0.1583322006746073,3.810725183174276e-05,0.9999971915378999,0.0023738649920642457,-0.05165260045531639,0.00218617118312036,-0.0023739426515579113,0.9999948142483631,0.006526955073425711
0.9999904496495098,-6.068957377712597e-05,-0.004372513174988888,0.3166453170609884,8.145134930592273e-05,0.999988723896777,0.0047476271955657415,-0.10328484050892328,0.004372175719947401,-0.004747937911990564,0.9999791976838903,0.013523117909237214
0.9999784534907759,-8.321838904758447e-05,-0.006558844628265936,0.47493910075326085,0.0001299192187314187,0.9999746438556507,0.007121261716050564,-0.15489531138206658,0.00655808572720947,-0.007121961111748451,0.9999531503065814,0.020988488507398984
0.9999617165010624,-0.00010061281349341923,-0.008745202821119956,0.6332283303191844,0.0001836489588183137,0.9999548720149254,0.009494743520875114,-0.20647995463438207,0.008743853241795177,-0.009495987105125,0.999916672116439,0.02892306686846524
0.9999402006817377,-0.00011277614936721358,-0.010931539457980366,0.7914977303795183,0.00024251282109511934,0.9999295464733128,0.0118680494452501,-0.25804001114871866,0.01092943169757693,-0.011869991677732068,0.9998698227181104,0.037326852991803605
0.9999139466189979,-0.00011980509441846036,-0.01311780898150204,0.9497471353305684,0.000306623879252498,0.9998985291321021,0.014241154423024956,-0.30957454173931964,0.013114771734457568,-0.014243951546506492,0.9998125425069535,0.04619603218011292
0.9998828524399709,-0.00012159260065911909,-0.015304080693696811,1.1079762967663953,0.00037587338413839897,0.9998618993908902,0.016614035831794757,-0.36108213762734565,0.015299947858240993,-0.016617841565735817,0.9997448314829657,0.05553441913062329
0.9998470200175275,-0.00011824139154148971,-0.017490309874656346,1.2661850490831341,0.00045037008490544396,0.9998196391367566,0.018986659946542233,-0.4125618596269618,0.017484911640155396,-0.018991633795746896,0.9996667492507945,0.06534201384329918
0.9998064087654761,-0.00010965306815349086,-0.019676447701527947,1.4243731438750444,0.000530000907860809,0.9997717051959478,0.021359012679501004,-0.4640122989594033,0.01966961372010502,-0.021365306816115273,0.9995782362057974,0.07561881631809797
0.9997609979833376,-9.59510544285887e-05,-0.021862446432596026,1.5825403327364995,0.0006148832512332989,0.999718196853773,0.023731064621237224,-0.515432046846005,0.021854008463280238,-0.023738836412461568,0.9994792923479774,0.0863610118577256
0.9997108083715951,-7.699725165678987e-05,-0.024048259619927695,1.7406863672615884,0.00070489971679209,0.9996590174124841,0.02610279369970771,-0.5668196945079167,0.024038049303555794,-0.026112196507745544,0.9993699772819816,0.09757241515939086
0.9996558399302456,-5.279165983931565e-05,-0.026233955892061445,1.8988110818465316,0.0008000503045387322,0.999594166872082,0.028474170791429283,-0.6181743027593889,0.026221807021447354,-0.02848535916228996,0.999250231403163,0.1092492115258139
0.9995960745463702,-2.3472377688194872e-05,-0.028419491552582797,2.0569142280855033,0.0009004377379232435,0.9995237419303155,0.03084517333918993,-0.6694944628215787,0.028405233188178003,-0.03085830388700633,0.9991200547115239,0.12139521565421063
0.9995315303328919,1.1073668487012933e-05,-0.030604816431702774,2.2149956403745534,0.0010059592934935258,0.9994477020009915,0.033215774253071984,-0.7207792355086475,0.030588281237622052,-0.03323100087956644,0.9989795068117119,0.1340104275445526
0.9994622452884464,5.0739430696272534e-05,-0.032789888020461594,2.373040043334754,0.001116742719719028,0.9993659676845142,0.03558594698372241,-0.7720298617035333,0.03277090460364963,-0.035603429650876574,0.9988285280990846,0.14709103249893474
0.9993881814143969,9.564663170647206e-05,-0.03497477170847608,2.531062215533666,0.0012326602681308723,0.9992786209680407,0.0379556762184271,-0.8232422829658681,0.03495317592942269,-0.03797556784919143,0.9986671781782844,0.16063703051791123
0.9993093387107509,0.00014579527151614596,-0.037159303060326346,2.6890619085653498,0.0013537119387253469,0.9991856618515713,0.040324930427451576,-0.8744150905168055,0.03713492571423266,-0.04034738194689831,0.9984953974446742,0.17465223629871218
0.9992256964770239,0.00020102825209672312,-0.039343555343585836,2.8470239298527815,0.001480015129733806,0.9990871231586199,0.04269368534346726,-0.9255499948322061,0.03931622473859173,-0.042718857042843617,0.9983132455028964,0.1891328351434467
0.9991373367003794,0.0002615086971772614,-0.04152736110103003,3.0049630579633515,0.0016114481183847954,0.998982852079884,0.045061913752324406,-0.9766429374716203,0.04149690908973302,-0.045089959609404186,0.9981206627483137,0.20408264174992752
0.9990441368074591,0.0003272202308138412,-0.04371090883619314,3.162864100319979,0.0017480195537585969,0.9988730273002688,0.04742960132955063,-1.027695628910898,0.043677168757456204,-0.047460674745423446,0.9979177087855633,0.21949784142027084
0.9989461960835735,0.0003980117806798437,-0.045894158415032596,3.3207418354903666,0.0018898528597866397,0.9987575616574981,0.04979671354151481,-1.0787040107096715,0.045856959038279334,-0.049830972648583716,0.9977043836146476,0.235378434155038
0.9988434791176568,0.00047404476934043556,-0.04807693331490993,3.4785809880952456,0.002036805613215977,0.9986364836147342,0.052163236120821375,-1.1296693237507967,0.04803610856885025,-0.052200834692427055,0.9974806276309299,0.2517244199535753
0.9987360394337,0.0005552751724583002,-0.05025931230644062,3.636381392530808,0.002188917513846438,0.9985097854092971,0.05452914382980668,-1.1805906288484351,0.0502146955802667,-0.05457023479992314,0.9972465004390522,0.2685357988158614
0.998623762221036,0.0006417280150511993,-0.052441239287023274,3.7941428003910573,0.0023461531864167433,0.9983774109296331,0.05689439738501039,-1.231466517223744,0.05239266419316996,-0.05693913571816666,0.9970020020390175,0.28581638543911936
0.99850680287653,0.0007332651984071855,-0.05462268037886754,3.9518799902438957,0.002508661079877713,0.9982394568734908,0.059258976280688776,-1.2822929304364408,0.05456996970407998,-0.05930751882071427,0.9967470728261831,0.3035623651266448
0.9983850060033157,0.000830014470996239,-0.05680369730289557,4.109577686710054,0.00267629274527918,0.9980958852422371,0.06162286585101775,-1.3330711093693743,0.0567466866187992,-0.06167537293168867,0.9964817724051914,0.3217737378777912
0.9982584864120696,0.0009319611580381686,-0.05898412454255816,4.267235724185667,0.002849083557877529,0.9979466934483124,0.06398604988793423,-1.3838001148367098,0.058922647299268424,-0.06404266452347776,0.9962061603806949,0.34045050369253715
0.998127187991229,0.0010391052595319975,-0.06116415524488814,4.424853937067127,0.0030270084926575297,0.9977918814917174,0.06634848676887405,-1.4344790076526905,0.06109804173529097,-0.06640937124433974,0.9959201175433963,0.3595888478735816
0.9979911081532409,0.0011514364252352698,-0.06334361763708146,4.5824319941465035,0.0032100822243943178,0.9976315080715676,0.06871014625788541,-1.4851059094455543,0.06327270601409328,-0.06877545211608306,0.9956237034979487,0.37919258511814036
0.9978502494856676,0.0012689753556286633,-0.06552246618837632,4.739969812621894,0.003398290078307945,0.9974654557896339,0.07107100612120135,-1.5356803506223855,0.06544658425632131,-0.07114089223754307,0.9953169182443545,0.39926171542619926
0.9977046681000656,0.0013916720006720952,-0.06770065666179094,4.897467061285596,0.0035916570794170674,0.9972938368690261,0.07343105146244422,-1.5862004528115072,0.06761964293436426,-0.073505661806402,0.994999761782616,0.41979623879770145
0.997554369171558,0.0015195764104033683,-0.06987813727030866,5.054908547560359,0.003790153878162765,0.9971165390866352,0.07579024601995835,-1.6366679264886876,0.06979181499299765,-0.07586973847091344,0.9946722341127362,0.44079615523201454
0.9973992836507803,0.001652628184542387,-0.07205510266739576,5.212309050013971,0.0039938288234238435,0.9969337333646863,0.07814857816763097,-1.6870787132136478,0.07196330904847412,-0.07823310732992256,0.9943343948393517,0.46225765003244135
0.9972394193004204,0.0017908730485885675,-0.07423137978646292,5.369668320240493,0.004202637890860375,0.996745246193395,0.08050601033211834,-1.7374314042075412,0.07413395373744121,-0.0805957385811012,0.993986184357826,0.48418453789619775
0.9970748348195952,0.0019342609525024785,-0.07640693064678325,5.52698619263623,0.00441659143071188,0.9965511897958714,0.08286254164493151,-1.7877250602846182,0.07630369690583712,-0.08295761732329278,0.993627602668161,0.5065730041259968
0.9969054663340667,0.0020828315960802813,-0.07858182215334993,5.684247433222822,0.004635708442296778,0.996351510648122,0.08521812248132284,-1.8379611571241021,0.07847261305946458,-0.08531869885301083,0.9932586497703546,0.5294268634184576
0.9967313725429517,0.002236530604745135,-0.08075600402557456,5.84146682056803,0.004859999275854591,0.9961462596865809,0.08757274657608544,-1.8881356362857105,0.08064065004426177,-0.08767898317025884,0.9928793852690541,0.5527423010768899
0.9965524999222576,0.0023953976782941783,-0.0829294320264728,5.998629120693664,0.0050894242315863885,0.9959353833872542,0.08992639903284037,-1.9382499734487553,0.08280777060732422,-0.0900384479232921,0.9924897495596168,0.5765193171006473
0.9963689606950962,0.0025593931169263636,-0.08510206386868896,6.155749112167314,0.005324033359529645,0.9957189352741379,0.09227901165281566,-1.9883001101728688,0.08497391514401098,-0.09239702605688817,0.992089802246691,0.6007579114902839
0.9961805994646057,0.002728644669112487,-0.08727383222193869,6.312811561010619,0.005563678210731747,0.9954968773485983,0.09463058874264269,-2.0382875221372814,0.08713904640141552,-0.0947547250216212,0.9916795433302795,0.6254618989424472
0.995987515516092,0.002903024586382078,-0.08944482901623199,6.469816301619943,0.00580848220912657,0.9952692476092689,0.09698113678912722,-2.0882112701562363,0.08930323143476485,-0.09711154481749762,0.9912589132057332,0.6506274647598289
0.9957897062619973,0.003082518193952504,-0.0916149994517061,6.626778071161851,0.006058460029491697,0.9950360434685916,0.09933055953772123,-2.138067060992906,0.09146641808999434,-0.09946739603755086,0.9908280310823465,0.6762546089429833
0.9955871924028045,0.0032672532402952107,-0.09378428741680109,6.783681677059178,0.006313494273596347,0.9947972269279324,0.10167888201344148,-2.1878566051230663,0.0936285616636239,-0.10182230103351629,0.9903867777508314,0.7023433314912921
0.9953798971264851,0.003457101976938752,-0.09595253840105177,6.940526870906098,0.006573677314647344,0.994552835985925,0.10402608606755478,-2.237578493767952,0.09578949824287503,-0.10417623745365853,0.9899352128158401,0.7288936324046986
0.9951678739570201,0.003652049729101471,-0.09812005669347115,7.097313445697921,0.0068390488524494916,0.9943028680550111,0.10637209534912953,-2.2872315529453573,0.09794953330155365,-0.1065291382427528,0.9894733362773608,0.7559016969859158
0.9949511461824634,0.003852199220233796,-0.10028656046041214,7.254041194429789,0.007109476813988062,0.994047341248112,0.10871689902891392,-2.336814608672892,0.100108383717601,-0.1088809884996338,0.989001148135406,0.7833713399321738
0.9947296551036969,0.004057560800576717,-0.10245210623872061,7.410709910096784,0.007384950849024022,0.9937861968661126,0.1110605174000048,-2.3863264869682617,0.1022661239968207,-0.11123179567488041,0.9885186483899729,0.8113025612434228
0.9945034361317963,0.004268006721658136,-0.10461666037221035,7.567319344293367,0.007665613380805422,0.9935194729076474,0.11340288830723948,-2.435765779052794,0.10442270198514701,-0.11358152251559604,0.9880258966457093,0.839691546222376
0.9942725073796796,0.004483644031467194,-0.10678028932267151,7.723869290014505,0.007951361685882653,0.9932472487723126,0.11574404542471084,-2.4851313109441087,0.10657818473780833,-0.11593016902177776,0.9875227736933216,0.8685421095662491
0.9940368559095535,0.004704346682695358,-0.10894283772906192,7.88035954025554,0.008242269138145755,0.992969381186278,0.11808387996745578,-2.534421908659983,0.10873240834202938,-0.11827767558878316,0.9870094583467536,0.8978504365777482
0.9937964920716549,0.004930211373090778,-0.11110435737839303,8.036789888011725,0.008538277038481618,0.9926860082482549,0.12042242819712735,-2.583636398218129,0.11088545475419843,-0.12062403476603045,0.9864858313967125,0.9276165272568377
0.9935514262162325,0.005161248452892816,-0.11326469117263692,8.193160084877093,0.008839326687771262,0.9923970712591291,0.12275965729021233,-2.6327733708397005,0.11303713770980234,-0.1229692167511955,0.9859518928432061,0.9578441963007407
0.9933016479930368,0.005397438922783709,-0.11542401995897268,8.349454896873539,0.009145476785134157,0.9921025063446659,0.12509552022743253,-2.6818343022040914,0.11518766582509604,-0.12531319919253595,0.9854077618955168,0.988529629011559
0.9930471012905153,0.005638781081596634,-0.11758230921271476,8.505689143969732,0.009456702305549609,0.9918024947773313,0.1274299928343469,-2.730815368667397,0.11733697949543288,-0.12765592993599167,0.9848532597397125,1.0196728253898542
0.9927879060944654,0.005885261955718059,-0.11973938241123508,8.661862619160786,0.00977300927471663,0.9914968526971,0.12976306084356506,-2.7797153962473153,0.11948491480804484,-0.1299974238827204,0.9842885651897356,1.0512737854355976
0.9925239985306489,0.006136875519444078,-0.12189531551598487,8.817960088468539,0.010094416691953477,0.9911857000897624,0.13209472599206368,-2.828535860623166,0.12163153881815406,-0.13233765123040261,0.9837136186409379,1.0833325091481498
0.9922553224875126,0.0063936027734566026,-0.12405005415238728,8.97399633046058,0.010420899532239946,0.990868973081084,0.13442493734340827,-2.877272703354574,0.12377681427285567,-0.13467658217671538,0.9831284200933228,1.1158489965280651
0.9919819979508492,0.006655448042291739,-0.12620356120820694,9.12995611115889,0.01075246382127733,0.990546732957741,0.13675365604838435,-2.925927400120937,0.12592068156751,-0.13701417201817628,0.9825330291515376,1.1488194328774526
0.9917040197455396,0.006922407001412078,-0.12835578532171313,9.28583922355844,0.011089138908622431,0.9902189184330578,0.13908089116344988,-2.974498776939871,0.1280631108997938,-0.13935043565594532,0.9819273266062949,1.1822476328935423
0.9914212678857869,0.007194454625795624,-0.13050691942730352,9.441660487628042,0.011430918768576073,0.9898855856185904,0.14140657840698775,-3.0229830101675574,0.13020425873189448,-0.14168531348538008,0.9813114316668772,1.2161297818796228
0.9911338649449524,0.007471576240663652,-0.13265666960410985,9.597404648688808,0.011777794752056583,0.9895467319267789,0.14373072421208374,-3.0713814580849927,0.1323438717440773,-0.14401880550648113,0.9806852847286522,1.2504696945323346
0.9908417703368398,0.007753899594484675,-0.13480510663847078,9.753071499736052,0.012129653785373526,0.9892023193589904,0.1460533009661609,-3.1196929467099572,0.13448200954098777,-0.14635086701575847,0.9800490050009073,1.2852635561543693
0.9905450220600847,0.008041271913768836,-0.1369521839184848,9.908660833765055,0.01248662361699639,0.9888524420254134,0.1483743017571184,-3.16791630206016,0.1366186274191411,-0.14868149801322086,0.9794024732743549,1.3205113667456985
0.9902435208293755,0.008333816622445284,-0.13909797180519418,10.064187450043676,0.012848580822994074,0.988497000640741,0.1506936536542604,-3.2160475830933777,0.13875378498318047,-0.15101062399305473,0.9787456895489937,1.356216941004142
0.989937422041578,0.008631420646821627,-0.14124242326141667,10.219636114593868,0.013215673852317396,0.9881360357911669,0.15301130442737507,-3.2640882654890007,0.14088743752962588,-0.15333823005410474,0.9780787730341162,1.392376464231809
0.9896265702998297,0.008934157360794096,-0.14338548777600643,10.37500659971056,0.013587754256013905,0.987769560414491,0.15532735376915416,-3.31203705786659,0.14301955525615132,-0.15566437580101275,0.9774016641250779,1.4289861217313842
0.9893110623018827,0.00924191369066639,-0.14552712997370335,10.530298698388748,0.013964960132793105,0.9873976150969092,0.15764168686892802,-3.3598927862437655,0.14515006365695207,-0.1579889569256562,0.9767143628218826,1.4660497282001117
0.98899091874822,0.009554802710128296,-0.14766729073010407,10.685512203623574,0.014347174084424211,0.9870201592522286,0.15995426875882243,-3.4076542766382225,0.14727891802854803,-0.1603119287245457,0.9760169287291788,1.503567283637942
0.9886660783521627,0.009872809744401741,-0.1498060287443208,10.840631881436849,0.014734400435447242,0.9866371902928889,0.16226508908859535,-3.45532300472928,0.14940620777790356,-0.16263330609884302,0.975309302242319,1.5415387880442566
0.9883365972252682,0.010195920118709303,-0.1519433103422581,10.995672531096858,0.015126664210880285,0.986248705631329,0.1645742143200422,-3.5028950294748817,0.15153187330037582,-0.16495311885087113,0.9745914833613035,1.5799604267223373
0.9880024779550987,0.010524119158267696,-0.15407908029875944,11.1506339455986,0.015523950735943632,0.9858547026799914,0.1668815028804974,-3.550369176892641,0.15365586989248164,-0.16727126267250228,0.9738635316907824,1.6188360143694212
0.9876636618425411,0.010857411187615632,-0.1562132924272196,11.30551591793747,0.015926249660395644,0.9854552427255506,0.16918699317597896,-3.597744273000348,0.1557781528507351,-0.1695877524648988,0.9731254472307571,1.658161736288207
0.9873202049991482,0.011195752182414982,-0.1583460248513614,11.460303193434726,0.016333586009256686,0.9850503180053272,0.1714906563001272,-3.645021676079086,0.1578987668786217,-0.17190254352457884,0.9723772299812246,1.6979375924780626
0.9869721074249259,0.011539156817443167,-0.1604770980356977,11.61501059205898,0.01674595978252382,0.9846399311068819,0.1737924179926529,-3.692197562484946,0.1600175778656907,-0.17421560604921948,0.9716188799421943,1.738163582939542
0.9866193717074317,0.011887606093383402,-0.16260659786663448,11.769622890182234,0.01716335630541963,0.9842240181559795,0.17609229337153395,-3.7392734665963516,0.1621346454165873,-0.1765269400388201,0.9708504567183072,1.7788397076720202
0.9862619287973076,0.01224108965999437,-0.1647345977180601,11.924154887072632,0.017585823926819663,0.9838026378517352,0.17839026949896683,-3.7862454473711686,0.16425002913595219,-0.1788365305922213,0.9700718411002707,1.8199659666760581
0.9858999064430309,0.012599607517273466,-0.16686092064205538,12.0785913487519,0.018013324648086745,0.9833757901941503,0.18068628678944498,-3.833114980488709,0.16636356511101866,-0.18114431810477824,0.9692832119020279,1.8615423599510237
0.9855332562957239,0.01296323303911562,-0.16898561842562926,12.232947095188848,0.018445789419867274,0.9829434881210252,0.18298038150462015,-3.8798782423051463,0.16847534274875325,-0.18345033237881045,0.9684843903096418,1.9035650728002054
0.9851619887056354,0.01333196622551497,-0.17110853570773946,12.387206882054812,0.018883159543042108,0.9825057316323627,0.18527244485952918,-3.9265366498005925,0.17058516833406223,-0.18575443930386712,0.9676755551370558,1.9460379199202436
0.9847860752095997,0.013705689678245621,-0.17322975621251768,12.541370502345217,0.01932559644017918,0.9820625000276793,0.18756252261548492,-3.9730890289928382,0.17269313127390795,-0.18805672828692013,0.9668566467796204,1.988957086613837
0.9844055339205355,0.014084481095737306,-0.17534933605151606,12.695452765678311,0.01977299738782872,0.9816138675314521,0.1898505897474666,-4.019531497538853,0.17479929117293824,-0.19035715462448413,0.9660276056326887,2.03232257288154
0.9840203674260101,0.01446836117846875,-0.177467100864373,12.849438438075794,0.020225347711208413,0.9811597167454527,0.19213660134474506,-4.0658655311178755,0.1769034841183804,-0.19265565871191087,0.9651885509055593,2.076138193419993
0.9836306111370935,0.014857166802711382,-0.17958315337453698,13.003327312532974,0.020682789833569082,0.980700200478983,0.19442053929439784,-4.112089955747685,0.17900578461603878,-0.19495228525269437,0.9643394229935831,2.120400133531895
0.9832361657684746,0.015251036067170475,-0.18169754193088225,13.157119171694774,0.02114520033097963,0.9802352220342977,0.19670233454706937,-4.158203538746864,0.1811062522705566,-0.19724690013637577,0.9634802218967594,2.16510839321721
0.9828372100050706,0.015649924947513758,-0.1838099782129598,13.310813808556617,0.02161259557937712,0.9797647736487144,0.19898206820352302,-4.204205106133209,0.18320460395987856,-0.19953959276992397,0.9626110668243888,2.21025915777863
0.9824335884500097,0.01605392581694774,-0.1859206426426446,13.464411018701014,0.022084827129814,0.9792889321342709,0.20125964792635784,-4.25009349859911,0.18530103339909668,-0.20183027374636947,0.9617317789625309,2.255856241913392
0.9820253952134873,0.016462960977039427,-0.188029375534359,13.617910589948252,0.022562047755776537,0.9788076232664922,0.20353502621728703,-4.295867512812794,0.1873953766754386,-0.20411891326339163,0.960842596729773,2.3018958309241953
0.9816126277079354,0.016876951028192592,-0.19013636333567793,13.771312310118219,0.023044272132047374,0.9783209540933672,0.20580823072469834,-4.341525945442328,0.18948781260283817,-0.2064055113209963,0.9599432817075271,2.3483817395082625
0.9811952246466862,0.017295920995425318,-0.1922414584482397,13.924615970912456,0.02353150458316098,0.9778288685033419,0.2080791966879648,-4.3870676151681,0.19157817726851953,-0.2086900381168587,0.9590340127097355,2.3953101529683067
