0.9999999999999998,1.845200948222276e-17,-7.40088332845383e-18,0.0,1.845200948222276e-17,0.9999999999999999,-2.0637161518994224e-18,0.0,-7.40088332845383e-18,-2.0637161518994224e-18,0.9999999999999999,0.0
0.9999999999999998,1.845200948222276e-17,-7.40088332845383e-18,0.0,1.845200948222276e-17,0.9999999999999999,-2.0637161518994224e-18,0.0,-7.40088332845383e-18,-2.0637161518994224e-18,0.9999999999999999,0.0
0.9999999999999998,1.845200948222276e-17,-7.40088332845383e-18,0.0,1.845200948222276e-17,0.9999999999999999,-2.0637161518994224e-18,0.0,-7.40088332845383e-18,-2.0637161518994224e-18,0.9999999999999999,0.0
0.9999999999999998,1.845200948222276e-17,-7.40088332845383e-18,0.0,1.845200948222276e-17,0.9999999999999999,-2.0637161518994224e-18,0.0,-7.40088332845383e-18,-2.0637161518994224e-18,0.9999999999999999,0.0
0.9999945841713417,-0.0018601913565714336,0.0027150167775667096,0.2722543864432434,0.0018154525148799704,0.9998640469952695,0.01638876622591459,0.003971678689351554,-0.0027451339041562263,-0.016383748483128017,0.9998620089919859,0.015279219335773142
0.9999983123592455,-0.001517496428104059,0.0010356076722169531,0.30193723357527974,0.001498888770346589,0.9998415437073241,0.017738117414436788,0.005591667436332992,-0.0010623611034822505,-0.017736535218156574,0.9998421308923425,0.017317049790622985
0.9999997893274795,0.0001503934509790243,-0.0006314481816868461,0.33658649324699463,-0.00013899678379343834,0.9998377993941342,0.01800987458559826,0.007489246111987424,0.0006340543275998278,-0.018009783022146203,0.9998376096599911,0.019406483848970257
0.9999974940615478,0.0021670604201426704,0.0005618894556394857,0.3863176070800633,-0.002176468250184307,0.9998476072621434,0.017321236622226073,0.009779559916317071,-0.0005242676614550201,-0.01732241615083349,0.9998498182437785,0.021933245945054303
0.9999991858664973,0.0009246401541506907,0.0008793787167494896,0.4209371453740259,-0.0009384086061788612,0.9998749267035069,0.01578766413830986,0.011763671342721271,-0.000864670821751999,-0.015788476501599452,0.9998749803621091,0.02378191493741033
0.9999947612472521,0.0015017113102760338,-0.0028674625004911,0.46563619624118113,-0.0014630969347765048,0.9999088594102017,0.013421334521907132,0.013965926230492975,0.0028873561281181253,-0.013417068835258974,0.9999058182841318,0.025804229261225498
0.9999894308719728,0.0009627476974875343,-0.0044956936304082875,0.4952587224494601,-0.0009046433734366805,0.9999162708555733,0.012908636591454753,0.015485468616234455,0.004507744969983138,-0.012904433158970217,0.9999065735558152,0.0270962625998159
0.9999894320549557,0.0008167870203280639,-0.004524227820310535,0.534709424095663,-0.0007555834444710332,0.9999084072035813,0.013513189751320051,0.017431441704438333,0.00453485083162495,-0.01350962851303335,0.999898457377235,0.02858732360752292
0.9999777167688775,0.0005043015555407979,-0.006656699305461535,0.5695314801590787,-0.00039833815736394824,0.9998733478338729,0.01591004771190073,0.019128138243227344,0.006663879681885088,-0.015907041567294937,0.9998512683075225,0.029471909709004596
0.9999910644034777,0.00024216566456738872,-0.0042204820803322385,0.6092298820553672,-0.00017642479578746867,0.9998787639738368,0.015570042660311362,0.02074344891268387,0.004223740935584499,-0.01556915893500317,0.9998698721846586,0.030440285698331238
0.9999984231650989,3.464261958351519e-05,-0.0017755188548988915,0.6488725176668818,-1.3395691058503591e-05,0.9999284141300551,0.01196521775430795,0.02194100352812367,0.0017758062593239453,-0.011965175102832954,0.9999268378720951,0.03135051515351028
0.9999942481668119,0.003327375821202154,-0.0006574218106346256,0.6832792160916711,-0.0033211978892902327,0.9999523028410816,0.009184861860590475,0.02256050130072429,0.0006879519407580479,-0.009182625602867346,0.9999576021557938,0.03201514781082615
0.9999931487106346,0.0036965418149797766,-0.00019521885455315685,0.7178158035868747,-0.0036946462953603176,0.99995310914978,0.008951485376220746,0.022854141926572757,0.00022829924057445744,-0.008950702782386424,0.9999599155961995,0.03245486355186156
0.999970269149199,-0.007188013413300772,-0.002791644828507167,0.7574863791580768,0.007178691640624612,0.999968671735917,-0.0033349562267983514,0.024735453123928663,0.002815529081211749,0.003314816718318346,0.9999905423483347,0.03209871363649697
0.9999832081939231,0.004871699693524662,-0.003138450618574847,0.7963028403151834,-0.004852502572397864,0.9999696479831548,0.006095599333180008,0.02418742476649005,0.003168051289672113,-0.006080267637358108,0.9999764966220378,0.031965345718961036
0.9999587064076778,-0.008952269793263815,-0.0015628003813270479,0.825875884511478,0.008947894640254219,0.999956090027492,-0.002784456578400994,0.02647905715385579,0.0015876589653227365,0.002770357825030342,0.9999949022152718,0.030831461271928262
0.9999876385299903,0.004691485178084575,-0.0016470440300350325,0.864307779221646,-0.0046765152966882695,0.9999487607808666,0.008978085402178416,0.02585120863404211,0.0016890801913769572,-0.008970271993244197,0.9999583397464487,0.03016290505680752
0.9999818626259307,0.004927944989143143,-0.0034626257895191124,0.9028162996400089,-0.0048859880773654074,0.9999157859077514,0.01202282050899774,0.02687217042038359,0.0035215819857141286,-0.012005684098280836,0.9999217279415675,0.029023233947013782
0.9999897913362009,0.0031312627466539966,-0.0032576704855488505,0.9316680846302665,-0.0030946367446803716,0.999932624336975,0.011187940381862372,0.027629724272649092,0.003292483378769478,-0.011177744861153771,0.9999321064817447,0.028009512939361603
0.9999822379998478,0.00453968808780422,-0.0038619835422636626,0.9700589217427126,-0.0045029697429787565,0.9999450784661281,0.009463789667052894,0.028280237181006584,0.0039047340894207334,-0.009446231176180696,0.9999477595195945,0.026663338562772143
0.9999689463260711,0.004591725290632655,-0.006404876453285873,1.0180526572433166,-0.004528602558840439,0.9999413771372687,0.009835346851330787,0.02928767871991833,0.006449662191972136,-0.009806036287781287,0.9999311193826961,0.024600041565423503
0.9999684618041715,0.004466879996420922,-0.006566763289166112,1.0467925141595675,-0.004375874089083758,0.9998950869563713,0.013808215180342502,0.029863869296063883,0.006627753990218005,-0.0137790443648219,0.9998830985737468,0.02330572046403434
0.9999486963324369,0.005835829939473157,-0.008279359394138352,1.0852947500647694,-0.005737887189858814,0.9999138604634645,0.01180458824557583,0.030439616879037845,0.008347535783464005,-0.011756476596696899,0.9998960465490274,0.02147874308761244
0.9999407119757313,0.005585159024818377,-0.00934764848153031,1.1237796218082496,-0.005482669657143634,0.9999249708489936,0.010954131917656915,0.0308346923060423,0.009408127704139792,-0.010902232400122612,0.9998963088549712,0.01947305780843367
0.9999642220384928,0.004373754910393352,-0.007240504881259718,1.1578191288735233,-0.004282509740952435,0.9999118244394434,0.012569942581509033,0.03140869812116387,0.007294844293772333,-0.012538485321903799,0.9998947802806862,0.01735106899682437
0.9999534369257218,0.005449161240960816,-0.007964334385622981,1.1967818760672975,-0.005368974924821449,0.9999350322819637,0.01005511429694433,0.03161241929968528,0.008018608900092606,-0.010011885788301148,0.9999177286428463,0.014915623973049907
0.9999629477149894,0.0047058310826614096,-0.007208214131842976,1.2358984562745507,-0.004626206619262167,0.999928538023678,0.011023477588572665,0.03191210463009553,0.0072595736420906784,-0.01098972245560946,0.9999132585334006,0.012169906650395301
0.9999343351452444,0.005812749863627091,-0.00987609926342897,1.2751863130178598,-0.005720913181600538,0.9999403718296381,0.009301824421786687,0.0320284116447338,0.009929579548338794,-0.009244713312378123,0.9999079651276738,0.009467454562473332
0.9999552084462645,0.005547305267432449,-0.007668670383946662,1.3096860738020935,-0.005466130835756912,0.9999292386287872,0.010565942879865611,0.03221505631937638,0.007726740248907788,-0.010523551659212396,0.9999147725409412,0.007232679565816191
0.9999701386486295,0.006276552511766353,-0.004508514124094055,1.3443449360883861,-0.006218590041732573,0.9998992863794633,0.012757203288047931,0.03234840799035765,0.004588131311654083,-0.012728785739682946,0.9999084593424841,0.004859724757811712
0.9999721732258002,0.006674951867021985,-0.003331334814025779,1.3786965851651385,-0.006633062872175118,0.9999007345782848,0.012430746829555549,0.032013043051353884,0.0034139787644290056,-0.012408303968700692,0.9999171859417243,0.0028382613788848765
0.9999587118538377,0.005781067166713469,-0.007010980675126216,1.418146021161001,-0.005726968790263089,0.9999538630067302,0.007711918463807491,0.03191380025190671,0.007055240328181477,-0.007671448385475185,0.9999456847567172,0.0008856752411259272
0.9999639522305666,0.0061746233739101075,-0.005828230058564378,1.457500327770454,-0.006127696881717101,0.9999489406047702,0.008035391360927666,0.03197958968871606,0.005877547987978017,-0.007999388075836788,0.9999507308963083,-0.0009895596959559327
0.9999771571502404,0.005717826352873893,-0.003604391699231307,1.4919710045462482,-0.005690546439556204,0.99995542818758,0.007533878112403778,0.031591522885838774,0.003647308451771032,-0.007513195058807126,0.999965123912362,-0.0026305713833294497
0.9999695538951867,0.0062897057115749826,-0.004618537076027293,1.5313964547481977,-0.0062519416750724,0.9999472762754198,0.008146035517997247,0.03152931917876034,0.004669529735674764,-0.008116912678522575,0.9999561546491008,-0.0046525814181719305
0.9999730848234097,0.005973571060243221,-0.0042598213039558765,1.5658548278241353,-0.005949464943392615,0.9999663438176509,0.0056493449927013375,0.0316645181379821,0.004293424698391026,-0.00562384928207024,0.9999749690985328,-0.006225263930352831
0.9999724304979878,0.00647672996928367,-0.0036318332632415324,1.5953363234811233,-0.006445107975890129,0.999941799776086,0.008652031191645624,0.03129662250385912,0.003687658759446497,-0.00862838510192226,0.9999559751026077,-0.007582878967309803
0.999973112794416,0.005608221554514563,-0.004724567624774067,1.634584998558465,-0.005567697424574509,0.9999479713127831,0.008547245921187442,0.03137258296776302,0.00477225666052982,-0.008520711146632505,0.999952310386811,-0.00927558005262874
0.9999734918116031,0.005832751150575138,-0.004358289587098848,1.6786487100388534,-0.0058045531192066875,0.9999623203011755,0.006454854063086504,0.031627398260552386,0.004395774925523084,-0.006429385033181727,0.999969669625484,-0.01113681919875864
0.9999838244720323,0.005131171382013229,-0.0024539508013783316,1.7129258549844195,-0.0051075721846094435,0.9999415605016316,0.009528288825405545,0.03157006645730165,0.0025026986766649526,-0.00951560096944765,0.9999515937471791,-0.012654512412233476
0.9999673931111167,0.005408714118443286,-0.0059965428491563725,1.7520492573650972,-0.0053461992427006584,0.9999317034503061,0.0103926218360018,0.03192014218433359,0.006052344026421713,-0.010360224252097412,0.999928014851685,-0.014341204945956143
0.9999647706407236,0.005224379355936933,-0.006569881109278806,1.7859102425354934,-0.005176549545615805,0.9999601292099676,0.007276216405957687,0.03211979659112141,0.00660763287770917,-0.007241950754444765,0.9999519455138948,-0.015635923831279097
0.9999805486759105,0.004057016361408116,-0.004737392538968614,1.8199862777529145,-0.004020333124377537,0.9999620617209344,0.007727356623526216,0.03219010115807219,0.0047685628227005115,-0.007708160420060583,0.9999589216920586,-0.01672410506022537
0.9999514022673947,0.005920138452649906,-0.007883214076256589,1.8593689417708594,-0.005878153774985175,0.9999684739310953,0.005338394151190443,0.032849942371128815,0.007914569581996302,-0.00529179597275758,0.9999546772147796,-0.017702165243243417
0.9999588866344453,0.0031435851834044747,-0.008505463714306967,1.8988344904666268,-0.0030774052134729542,0.9999649781186216,0.0077828088359574625,0.0331250313270367,0.00852963175950768,-0.007756314100115337,0.9999335402783666,-0.018431255584767214
0.9999626183434834,0.0038456505439474487,-0.007744216392779784,1.9328646473720146,-0.0037936844109314072,0.9999702655667678,0.006713861848271863,0.03359815925479992,0.007769805289363307,-0.006684231759990187,0.9999474742062924,-0.019002141312292498
0.9999558452577766,0.006478495215799599,-0.006807101772743235,1.9671822633187563,-0.0064306256774323035,0.9999546063936017,0.007030804051756433,0.03411216018447383,0.006852341804257171,-0.0069867196849672086,0.999952114433407,-0.01960974079519273
0.9999653237516984,0.0052155765147256705,-0.00649223041638111,2.0065968062133543,-0.005158237151522716,0.999947819640499,0.00881762925623317,0.03446411688580686,0.006537880669528388,-0.008783835029801632,0.9999400483821617,-0.019835591253532847
0.9999690985736477,0.004732499190061658,-0.006277368017073517,2.040997879162885,-0.004692528870875715,0.9999687209679083,0.006366887669878857,0.034973461278810625,0.006307302957818768,-0.006337234193315209,0.999960027897204,-0.020109915440473358
0.9999733974236489,0.00391479570585084,-0.006154577124924024,2.0804087821446315,-0.0038764977837784003,0.9999731272898372,0.006222335824705254,0.03552091155453441,0.006178770908323678,-0.0061983120899565345,0.9999617011252471,-0.020309155499515175
0.9999657580018623,0.0032403885206984994,-0.007614637614180154,2.114913026163912,-0.003193802929070808,0.9999761593701367,0.006122116807171696,0.03606300017930164,0.0076342941134475845,-0.0060975875217434096,0.9999522673506988,-0.020460014257300596
0.9999460363352276,0.008219740933329264,-0.006352973827783823,2.1445107376361094,-0.008191111461625744,0.9999562392852732,0.0045194255693047315,0.03711717614384269,0.006389844324455633,-0.004467143767802178,0.99996960679616,-0.020633392638760295
0.9999278198433632,0.01010166770757417,-0.006504722347989907,2.1889973685768687,-0.010073963605810709,0.9999401058447408,0.004277847645413526,0.03831231208918695,0.006547546148557268,-0.00421201053350086,0.9999696938441176,-0.02093710362227874
0.9998708422874188,0.013247762269571521,-0.009099205366202073,2.2236979508444077,-0.013237579336266105,0.999911685009111,0.0011784207891668433,0.03932328493030168,0.009114013208431453,-0.0010578171341011804,0.9999579070071636,-0.02111611723971185
0.9999047253037203,0.013136538515508077,-0.004239300782180003,2.26326172558751,-0.013123472741822918,0.9999090926634989,0.003095298378590105,0.04062882934608458,0.0042795769050045975,-0.003039369126717866,0.9999862236335184,-0.021375826377415308
0.9999477691787328,0.00975005710233764,-0.0030651755213703014,2.2979096556268135,-0.009743975360833464,0.9999505405172124,0.0019928531060110994,0.0415085000440899,0.003084454350954521,-0.001962882022899847,0.9999933165954266,-0.02160086065714273
