1.000000023268969,-2.268977786340576e-09,2.255845177323579e-09,0.0,-2.268977786340576e-09,1.0000000283856905,2.0486127344634227e-10,0.0,2.255845177323579e-09,2.0486127344634227e-10,1.0000000239742453,0.0
0.999998227853388,0.0011190986542948533,-0.001537892761367482,0.15862080859861294,-0.0011197078967515126,0.9999993030360581,-0.0003939954710299194,0.04789778289182589,0.0015374573611638964,0.0003957168107793785,0.9999987477504734,-0.018011772001685245
0.9999927837420292,0.0022375467525598903,-0.0030762430123897067,0.3173121068735725,-0.0022399782582595666,0.9999972244167472,-0.0007862607123697091,0.09562561133105651,0.003074467692067484,0.0007931461122785474,0.9999949779185725,-0.03576033309768434
0.9999837500338091,0.003355343072877562,-0.004615009254019836,0.47608952620581135,-0.0033608091569017704,0.9999936730896698,-0.0011767962106849126,0.14318217899310204,0.004611043144591265,0.0011922876308406438,0.9999886606152666,-0.053246933641972305
0.9999710665546195,0.004472604221917115,-0.006154217004209955,0.6349524366005141,-0.004482316382451772,0.9999887620070242,-0.001565619754104241,0.1905674858778048,0.0061471434254069535,0.0015931599773222893,0.9999798520021056,-0.07046781131846558
0.9999547737912308,0.00558920286570104,-0.007693982811611155,0.7938864410790814,-0.005604384145140846,0.9999823788246646,-0.0019527090477050083,0.2377823621791917,0.007682926400219503,0.0019957410330695147,0.9999685325631735,-0.08742924468994318
0.9999348965527162,0.0067051491851074715,-0.009234149734940661,0.9529059110328149,-0.006727008725190348,0.9999746423726262,-0.0023380656892449,0.28482550157235664,0.009218245137031345,0.0024000317946451105,0.999954668143582,-0.10412495947821299
0.9999113894304709,0.007820553845838966,-0.010774630375203958,1.1119957939009453,-0.007850305912370237,0.999965486851344,-0.002721706632401711,0.3316972581202906,0.01075297116323165,0.002806049966618228,0.9999382733781759,-0.12055747621455737
0.9998842563604056,0.008935295896326533,-0.012315394308376415,1.2711717466517598,-0.008974156673961444,0.9999549189493915,-0.0031036135048707076,0.3783968016292816,0.012287120246512961,0.0032137745875928728,0.9999193533614182,-0.13672804096835023
0.9998535217886946,0.010049375509603418,-0.013856701374105107,1.4304181123169712,-0.0100985605331449,0.9999429386667689,-0.0034837822885417312,0.42492496229304155,0.013820908001096449,0.003623204624218078,0.9998979250180035,-0.15263540767021766
0.9998191641298826,0.011162792820251032,-0.015398291607804926,1.5897348653093104,-0.011223510527194079,0.999929546003476,-0.003862214676667135,0.4712812639806918,0.01535410418316041,0.004034339272776424,0.999873971444158,-0.16827958060474657
0.9997811634967307,0.012275543843101318,-0.016940292488756892,1.7491370326021638,-0.012349010375886394,0.9999148008812411,-0.004238908600589608,0.5174648764983631,0.016886826331608262,0.004447176921670334,0.9998475317281437,-0.1836580435252273
0.9997395640227513,0.013387626023054246,-0.01848281173394134,1.9086101916296627,-0.013475059602397851,0.9998985840646604,-0.004613860596732235,0.5634761539092037,0.018419172488284535,0.004861716080721487,0.9998185273983974,-0.19877707927901156
0.999694318238224,0.014499156326510748,-0.02002572773870892,2.0681537123969633,-0.01460176655695404,0.9998809487868878,-0.004987089586012312,0.6093150962130554,0.01995102894407208,0.005277976099728299,0.9997870392519531,-0.2136329255500442
0.9996454908392898,0.015610020669010495,-0.021569029659886302,2.227782609083789,-0.015729022889325064,0.9998619610501734,-0.005358576969564927,0.65498063515061,0.021482406532258413,0.005695937167185514,0.999753008669989,-0.22822306823390193
0.9995930259875528,0.01672020921574184,-0.023112727228698227,2.3874818419231474,-0.01685681791702052,0.9998415020244813,-0.0057283206550205155,0.7004733628502975,0.023013280794154323,0.006115596219828406,0.999716494457522,-0.24255002571959494
0.9995369994086479,0.017829724771741724,-0.024656683084713166,2.5472513981213183,-0.017985158602753404,0.9998196909452152,-0.006096322013576585,0.745793041246678,0.024543558649545605,0.006536953255217234,0.9996773987463786,-0.2566138001493954
0.9994772990259815,0.01893856480113603,-0.026200916834059423,2.707091264884639,-0.01911403102108789,0.9997964085769715,-0.006462579534080483,0.7909394322743131,0.026073191114107275,0.006960006668356902,0.999635839122534,-0.2704143936655896
0.9994140028631073,0.02004672851717068,-0.027745624476648467,2.867001429419531,-0.020243441657923432,0.9997717743578381,-0.0068270892476464794,0.8359122978677624,0.027602432990770143,0.00738475538322253,0.999591722331566,-0.2839518084105066
0.99934710636109,0.02115421639012638,-0.02929048251142355,3.026981878932247,-0.02137338727030169,0.999745728568771,-0.007189856784967499,0.8807113999615872,0.029130951126409566,0.007811199478559461,0.9995451025432964,-0.29722604652639006
0.9992765578406674,0.022261019671236573,-0.030835814227046704,3.1870319706343935,-0.022503867858235587,0.9997182717164804,-0.007550872563092344,0.9253365004901908,0.030659054148514386,0.008239334892603561,0.9994959256234688,-0.31023334783949963
0.9992023969763666,0.023367143863543285,-0.032381408908222914,3.347152334520729,-0.023634877842056545,0.9996894034969404,-0.007910140606064162,0.9697875994537299,0.03218650696254119,0.008669162546831893,0.9994442872905768,-0.32297747466587623
0.9991246187464029,0.02447258057320517,-0.033927241952171255,3.507342945003984,-0.024766419081652034,0.999659064697817,-0.008267660155337671,1.0140642207213255,0.03371333894484743,0.009100679147126312,0.9993901312298257,-0.335458431290121
0.9990432539937784,0.02557721872191672,-0.03547354769308056,3.667603802084102,-0.0258983720674833,0.9996273808377198,-0.008623409637159782,1.0581663642929793,0.035239766780799764,0.009533866565721999,0.999333418202268,-0.3476762177122197
0.998958279558094,0.026681169071510066,-0.03702007701578594,3.8279342501790268,-0.027030850729428523,0.9995942861170833,-0.00897740945989065,1.1020935540376544,0.03676552974560021,0.009968741933104236,0.999274189921906,-0.3596270759007041
0.9988696906174654,0.02778443177579254,-0.03856685441374752,3.988334919283517,-0.02816385320760268,0.9995597805359077,-0.009329658347824975,1.1458457899555072,0.03829065724907965,0.01040530433073883,0.9992125027218403,-0.37131476817162934
0.9987774527190516,0.028887003242973122,-0.040114080596171844,4.148790769630523,-0.029297379502014394,0.9995238642968767,-0.009680149254602002,1.1894236641749685,0.039815355042897294,0.010843552685040642,0.9991482021245857,-0.38274181291399145
0.9986816444492059,0.02998888378066647,-0.041661650189938865,4.3093161854050095,-0.030431429135831047,0.9994865373999908,-0.010028883026854061,1.2328261084365724,0.041339515417238404,0.011283485158941287,0.9990814266437266,-0.39390193370729776
0.9985821680970366,0.031090069643274237,-0.043209453009270066,4.469911783808101,-0.031565995623158115,0.9994478000479337,-0.010375863420244847,1.2760528846750359,0.04286300114154895,0.01172510159738982,0.9990121947297248,-0.4047988950099324
0.9984791277702636,0.032190448772942595,-0.04475757134065027,4.630577564839825,-0.03270096641717045,0.9994077181416131,-0.010721070810469198,1.3191039928903607,0.04438595051752833,0.012168381347872265,0.9989403717348236,-0.4154326968218811
0.9983724611337126,0.03329012506439502,-0.04630602301481568,4.791297845944598,-0.03383645172798357,0.9993661665677879,-0.011064516881422069,1.3619797871453785,0.04590833799860536,0.012613340390983163,0.9988660151077868,-0.42580209735835695
0.9982621477324363,0.03438910546164384,-0.04785456814182705,4.9520876540958625,-0.0349724464527569,0.9993232046401337,-0.011406210533419931,1.40467943724622,0.04742992597594814,0.013059979417346157,0.9987892254523635,-0.43590458037266444
0.9981482864078348,0.035487384692358015,-0.04940331176996557,5.11293256672775,-0.036108958937270896,0.9992788326626768,-0.011746144875200164,1.4472032972560345,0.048950844315100495,0.013508296127682895,0.9987098643093634,-0.4457464287121695
0.9980307466710693,0.03658484543521141,-0.050952373179050436,5.2738469808187745,-0.037245859943148704,0.9992330571213068,-0.01208430220195469,1.489550536980794,0.05047119203488054,0.013958270404548972,0.9986279721400377,-0.45532136381406474
0.9979096681685751,0.037681489131174334,-0.05250162998981646,5.4348164865967306,-0.03838315409638816,0.9991859376337255,-0.012420687020482409,1.5317217485490864,0.051990856541278385,0.01440990201709097,0.9985436298711292,-0.4646356663834297
0.9977849661670465,0.03877742456845326,-0.05405118792521027,5.595855468246555,-0.039520956256825925,0.9991373488333369,-0.012755304993752848,1.573715863701445,0.05350994451480509,0.014863205876732594,0.9984566989304755,-0.4736830599998143
0.9976566471132868,0.039872536553155036,-0.05560105858555221,5.756948886001197,-0.04065914646179921,0.9990873567730614,-0.013088142577992191,1.6155334745663006,0.055028457034974304,0.01531816316655682,0.9983672982446141,-0.482466063052172
0.9975246855359052,0.04096693988579578,-0.05715098062441991,5.91811239682886,-0.04179783585135743,0.9990359551190224,-0.013419221984802486,1.6571737509499411,0.0565461480986402,0.015774792165468232,0.9982753507066601,-0.49098592160987664
0.9973891485289123,0.04206051944938599,-0.05870132547406379,6.07933033096765,-0.0429369137385709,0.9989832099241405,-0.013748515387031746,1.6986372849806393,0.058063376438971886,0.01623307359728271,0.9981809149897731,-0.4992413917458691
0.9972499519717776,0.04315338487240217,-0.060251848894156995,6.24060266283027,-0.04407648709060112,0.9989289957711484,-0.014076043196001696,1.7399236005275154,0.05957988623210317,0.016693022986270567,0.9980839715571728,-0.5072324777447079
0.9971072195596085,0.04424542240192145,-0.061802542772694286,6.401929392416719,-0.04521644522050427,0.9988734383306686,-0.014401791402962034,1.7810326975905695,0.06109569819062011,0.01715462128466136,0.9979845217672042,-0.5149591796064215
0.996960829027657,0.04533674197119983,-0.06335339052831993,6.563325533906777,-0.046356895095451364,0.9988164121600981,-0.01472577157259587,1.8219635079104948,0.06261078428713637,0.017617885012049347,0.9978825079618953,-0.5224189832265722
0.9968109041459935,0.04642722800466098,-0.06490441124866927,6.724776677528155,-0.0474977246335839,0.9987579833376932,-0.01504797254559066,1.8627166236158765,0.06412516524679052,0.018082794815460657,0.9977780478140426,-0.5296181693102398
0.9966572842058014,0.04751699895982184,-0.06645582319882143,6.886282193286036,-0.048639046381741186,0.9986982050206016,-0.015368393844793424,1.9032920447065576,0.06563904078846619,0.018549369586162323,0.9976710443409509,-0.5365529755413405
0.9965001499030863,0.04860592966869928,-0.06800726334091362,7.047842055593151,-0.04978074221342025,0.9986369647633353,-0.015687036329008062,1.94368929505166,0.06715209367111297,0.019017585532070044,0.9975614978983305,-0.5432234062044756
0.9963393417095154,0.049694142167489824,-0.06955897962095756,7.209456264449443,-0.050922925605403214,0.9985743752013986,-0.016003902310918354,1.9839083746511839,0.06866451625697262,0.019487464032276573,0.9974494878369462,-0.5496294612996167
0.9961749445707888,0.0507815109051096,-0.07111083415378197,7.371124807061307,-0.05206547774559513,0.9985103239019714,-0.016318983397319017,2.023949045439689,0.07017620190109955,0.019958982174836923,0.9973349163764919,-0.5557711429690784
0.9960069375909743,0.05186804093795479,-0.07266295663759006,7.532847670635078,-0.05320839822715112,0.9984449299888228,-0.016632272577750348,2.0638110693517366,0.07168727552780513,0.02043213891786492,0.9972178826681712,-0.5616484533551613
0.9958353564797963,0.052953841178956684,-0.07421509323826209,7.6946248423770385,-0.05435180104074503,0.9983780680502277,-0.016943794913247223,2.103494208321887,0.07319748627001543,0.02090695344296989,0.997098308347174,-0.5672613946001093
0.9956601484151154,0.05403879881719589,-0.07576760041341843,7.8564563094936375,-0.05549557007427457,0.9983098637132631,-0.01725351780773512,2.142998224284701,0.0747071878897243,0.021383405915829587,0.9969762545941421,-0.5726099688462796
0.9954813542402294,0.05512290970742634,-0.07732023086672521,8.018341441989946,-0.056639700895969376,0.9982402575478684,-0.017561451037790853,2.182323117240021,0.07621613793378498,0.02186149186516944,0.9968516419495221,-0.5776904137775603
0.9952989089724207,0.056206286601052396,-0.07887299484165317,8.180280857067231,-0.057784307188701964,0.998169183665804,-0.017867602042961866,2.2214686491225657,0.07772432552092295,0.022341226393903388,0.996724529132556,-0.5825064938523212
0.9951128988253294,0.05728881581780215,-0.08042575252800266,8.342259514958357,-0.05892926944291973,0.9980967676996888,-0.01817197108569708,2.260435412060764,0.07923163666419528,0.022822594243582392,0.9965949395542758,-0.5870607274595443
0.9949233232486495,0.05837049270801503,-0.08197887064531617,8.504292429843076,-0.06007459438886894,0.9980229502218373,-0.01847453510776212,2.299222337795308,0.08073843387843954,0.02330559369133542,0.9964628118079825,-0.5913506004948204
0.9947301057116557,0.0594513127003517,-0.08353209972235537,8.6663795953246,-0.06122027065844845,0.9979476718172319,-0.01877530789167239,2.3378293072934775,0.08224445505638517,0.02379022113882817,0.9963281876673027,-0.595376114029321
0.9945332999220068,0.06053139714312841,-0.08508543282153264,8.828505335244188,-0.06236641727252151,0.99787104515938,-0.01907429728234097,2.376256793650825,0.083749701636991,0.02427649784996877,0.996191068293926,-0.5991360252070876
0.9943328523469571,0.061610624830142374,-0.08663887688043559,8.990685306570072,-0.06351291195542395,0.9977930172684825,-0.019371495434854783,2.41450396667364,0.08525417221058729,0.024764401640359313,0.996051452526163,-0.6026315800974942
0.9941288830205672,0.06268899393271654,-0.08819241421825369,9.152919496508616,-0.06465975793824381,0.9977135882965527,-0.019666893455148243,2.452570588296483,0.08675787176809344,0.02525392653805611,0.9959092828901445,-0.6058627808428412
0.9939212733641236,0.06376649880286028,-0.08974605738483643,9.315192235297928,-0.0658069478051487,0.9976326988285728,-0.019960495468366857,2.490457250647625,0.08826078800797399,0.025745075374464216,0.9957646781534101,-0.6088283835160553
0.9937100846875844,0.06484314492022789,-0.09129977955535734,9.477519173509393,-0.06695448200925343,0.9975504679479331,-0.0202523055996463,2.528163004500635,0.08976291608787546,0.026237849067149516,0.9956175219387458,-0.6115296352576252
0.9934953380586715,0.06591892634055466,-0.09285347277545386,9.639885271375931,-0.06810235776072338,0.9974668363409585,-0.020542322895333653,2.565688441983944,0.09126413111225257,0.026732240955016112,0.995467892757464,-0.6139690544565468
0.9932769143358722,0.06699384183905227,-0.09440747919624554,9.802304913082537,-0.0692505746064582,0.9973818040583196,-0.020830524177985154,2.6030324948380845,0.09276478329231538,0.02722825272155288,0.9953156728823174,-0.6161403646923702
0.9930549654255738,0.06806800942917984,-0.09596157707087444,9.964763695253737,-0.07039925248539831,0.9972953646141269,-0.021116935843956748,2.640195874224364,0.0942646487722788,0.02772590035080036,0.9951610203135172,-0.6180498455989891
0.9928293816068086,0.0691413054462992,-0.09751574831872828,10.12726097510108,-0.07154826494899097,0.9972075248489674,-0.02140154155963787,2.677178342077186,0.09576370162520567,0.02822516219099047,0.9950038776441408,-0.6196937370026205
0.9926002414659303,0.07021373294387573,-0.09906986629761089,10.289812403195953,-0.07269761152040358,0.9971182845601568,-0.02168435897023313,2.71397894917012,0.0972618341412812,0.028726042530578033,0.9948442056457574,-0.6210732860437815
0.992367467946895,0.07128528550736402,-0.10062405041227951,10.452402309776488,-0.07384728709680971,0.9970276441530634,-0.02196537269579226,2.7505982876314357,0.09875914673225658,0.029228534629721803,0.9946820447586971,-0.6221872487954272
0.9921311784479325,0.07235596527872606,-0.10217830046283327,10.615031318440657,-0.07499729816409896,0.9969356035263454,-0.022244579016542778,2.787036238428573,0.10025565905630912,0.029732636958512415,0.9945173950164335,-0.6230393886447132
0.9918912570011726,0.07342576828165254,-0.10373259956806513,10.77769878639998,-0.07614763451660893,0.9968421628826863,-0.02252198391750905,2.8232925634959343,0.10175134414046125,0.030238350739700215,0.9943501988112042,-0.6236259454178992
0.9916477431336711,0.0744946954389874,-0.10528708421384025,10.940420357829055,-0.07729830125717542,0.996747322222087,-0.022797569753488928,2.859366194574369,0.10324632569530492,0.030745670462080044,0.9941805541576285,-0.6239481673266454
0.9914006248328976,0.07556262888222015,-0.106841488910277,11.103180369362832,-0.07844917053046524,0.9966511477494805,-0.023071350104308844,2.895257842824869,0.10474035619421662,0.03125457638872925,0.9940083846426385,-0.6240048093727211
0.9911499162569216,0.07662967625167261,-0.10839605452885887,11.265978814604466,-0.07960036461215239,0.9965535141489418,-0.02334331034098986,2.930967389214714,0.10623367219161947,0.03176508465529332,0.9938337103671226,-0.6237958726272694
0.9908956762523297,0.07769584379922412,-0.10995042329962473,11.42881631075511,-0.0807518760626773,0.9964544807341466,-0.023613480877831744,2.9664945956786233,0.10772592471146669,0.03227720008579976,0.9936565308046864,-0.6233251215486462
0.9906378671901831,0.07876112769351395,-0.11150483850038728,11.591692215026285,-0.08190370674193556,0.9963541074268227,-0.023881845631339875,3.001839224150999,0.10921733785936477,0.03279092015011681,0.9934769260877795,-0.6225887959630967
0.9903764105840788,0.0798255233834021,-0.1130593969424844,11.754606521021174,-0.08305585526687358,0.9962522751942512,-0.02414838137664352,3.0370011555991216,0.11070801936186511,0.03330623275468875,0.9932947591364776,-0.6215868969417357
0.9901114450498943,0.08088903358568122,-0.11461398453356941,11.917559849139366,-0.08420832254371696,0.9961491031704931,-0.024413109884092798,3.0719802114740697,0.1121978640067047,0.03382314968591227,0.9931101094898893,-0.6203231884073688
0.9898427951055144,0.08195165282636735,-0.11616858746142733,12.08055155979082,-0.08536109884363116,0.9960444723228291,-0.02467602577671057,3.1067762132266057,0.1136868386324808,0.03434166436143682,0.9929229190263542,-0.6187939096506341
0.9895706633322514,0.0830132646010166,-0.11772310404662034,12.243581643380224,-0.086514067423181,0.9959385084738944,-0.024937130163416678,3.14138898230765,0.11517485629217464,0.034861757272753424,0.9927333256409544,-0.6169990622782677
0.9892948875909293,0.08407397716518011,-0.11927774552967452,12.406635063338967,-0.08766734454897859,0.9958310863077642,-0.025196406555338547,3.1758191703619922,0.11666212401947013,0.0353834408813708,0.9925411730927499,-0.6149411641436728
0.9890155866577081,0.0851338036378459,-0.12083216679042869,12.569726837045238,-0.08882092602440882,0.9957223244517898,-0.025453891351807707,3.210065768646684,0.11814829531913551,0.03590672116120719,0.9923465796061491,-0.6126177006068758
0.9887327018859021,0.08619273042974523,-0.12238670194295997,12.732857584898568,-0.08997481556925879,0.9956121639976635,-0.02570954876154478,3.2441285986128032,0.11963371920069099,0.036431592059599005,0.9921494287996977,-0.6100324355906537
0.9884462213629316,0.08725064014264833,-0.12394113587814676,12.896026667308945,-0.09112888346830905,0.9955006114312753,-0.0259633917563339,3.278007481711114,0.1211181481542496,0.03695803391836894,0.9919498775621269,-0.6071816083856589
0.9881561584317359,0.08830765445870897,-0.12549567616782042,13.059219047707671,-0.09228325571700627,0.9953876600640514,-0.026215404049986544,3.3117030695864034,0.12260182237489797,0.037486063335875563,0.9917477702668149,-0.6040677368453089
0.9878625540972513,0.08936376329468709,-0.12705008454672756,13.222449743472964,-0.0934379248757953,0.9952733105040442,-0.026465602536738457,3.345214353495725,0.12408449943655575,0.0380156729579596,0.9915431468109611,-0.6006883063296442
0.9875653367851814,0.09041885169058894,-0.12860449403193952,13.38570372123452,-0.09459277238878892,0.9951575690344591,-0.02671397349384403,3.3785420446002266,0.1255662844460463,0.03854685108903533,0.9913361057900294,-0.597045834156475
0.9872646178967298,0.09147303796748829,-0.13015887789858027,13.548995995172149,-0.09574791633505145,0.9950404291694065,-0.026960522906325175,3.411685074640601,0.12704719605734816,0.03907961187607489,0.9911265308100692,-0.5931378062214208
0.9869602422523484,0.09252631798640976,-0.13171313246068456,13.712311531915589,-0.09690334698574324,0.9949219508306146,-0.027205260777162402,3.4446441547779973,0.12852707986254505,0.03961395462601491,0.9909144996676549,-0.5889667398423057
0.9866523734740019,0.09357856795229558,-0.1332673635106955,13.875665345644606,-0.09805895131721129,0.9948020214712533,-0.027448170069200778,3.4774182167531076,0.1300060803517616,0.040149858609532685,0.9906999946479833,-0.5845301209147351
0.9863408684946232,0.09462990799150883,-0.13482167483452884,14.03904240298894,-0.09921484559606293,0.9946807538408363,-0.027689242639346055,3.5100079717270796,0.13148429066044176,0.04068734394163287,0.9904829379377432,-0.5798304667565475
0.9860258327998621,0.09568021982337438,-0.13637583964504657,14.202457721326795,-0.10037090659296834,0.9945580351898505,-0.027928491560721917,3.5424124109569664,0.13296148293687593,0.04122637948490049,0.9902634279466368,-0.5748652627277551
0.9857072412283967,0.09672961805987268,-0.13792996830294046,14.365896264089486,-0.10152725334065184,0.9944339784704934,-0.028165916332465596,3.5746321860875567,0.13443776817109032,0.04176699576243248,0.9900414461949129,-0.5696370266817894
