-0.05440758541226387,-0.16490474343299866,-0.9848077297210693,-142.74038696289062,-0.9985188245773315,0.008985418826341629,0.05366048216819763,4.683014392852783,4.129375597017315e-08,0.9862685799598694,-0.16514936089515686,41.74253463745117
-0.05429019033908844,-0.1681796759366989,-0.9842602014541626,-142.6046142578125,-0.9985247254371643,0.01009297277778387,0.05335242301225662,4.775628089904785,0.0009613179718144238,0.9857046604156494,-0.16847951710224152,41.77018356323242
-0.0541759617626667,-0.1714528352022171,-0.9837016463279724,-142.46893310546875,-0.9985295534133911,0.01119947899132967,0.05304059386253357,4.868289470672607,0.0019229850731790066,0.98512864112854,-0.17180746793746948,41.798179626464844
-0.05406501889228821,-0.17472417652606964,-0.9831319451332092,-142.33335876464844,-0.9985332489013672,0.012304943986237049,0.05272511765360832,4.960999488830566,0.002885031048208475,0.9845405220985413,-0.17513316869735718,41.82651901245117
-0.05395723506808281,-0.1779937744140625,-0.9825511574745178,-142.19789123535156,-0.9985358119010925,0.01340933982282877,0.05240587517619133,5.053758144378662,0.0038474437315016985,0.9839402437210083,-0.17845669388771057,41.855201721191406
-0.05385249853134155,-0.18126146495342255,-0.981959342956543,-142.06253051757812,-0.9985373020172119,0.014512624591588974,0.05208275467157364,5.146565914154053,0.004810210783034563,0.9833278656005859,-0.18177787959575653,41.88422775268555
-0.05375104397535324,-0.184527188539505,-0.9813565015792847,-141.92727661132812,-0.9985376596450806,0.015614824369549751,0.05175599828362465,5.2394232749938965,0.0057733203284442425,0.9827033877372742,-0.18509666621685028,41.913597106933594
-0.05365275591611862,-0.1877909153699875,-0.9807425737380981,-141.79212951660156,-0.9985369443893433,0.01671590469777584,0.05142548680305481,5.332330226898193,0.006736760959029198,0.9820667505264282,-0.18841302394866943,41.94330978393555
-0.05355774983763695,-0.19105258584022522,-0.9801175594329834,-141.6571044921875,-0.9985350370407104,0.017815876752138138,0.05109133943915367,5.42528772354126,0.007700521964579821,0.9814181327819824,-0.1917268931865692,41.973365783691406
-0.053465910255908966,-0.19431228935718536,-0.97948157787323,-141.52218627929688,-0.9985320568084717,0.018914707005023956,0.05075344815850258,5.518295764923096,0.008664589375257492,0.9807573556900024,-0.1950383484363556,42.003761291503906
-0.05337723344564438,-0.19756995141506195,-0.9788345098495483,-141.3873748779297,-0.998528003692627,0.020012380555272102,0.050411805510520935,5.611354827880859,0.009628950618207455,0.9800844788551331,-0.1983473300933838,42.03450012207031
-0.053291723132133484,-0.20082543790340424,-0.9781764149665833,-141.252685546875,-0.9985228180885315,0.021108878776431084,0.050066426396369934,5.704465389251709,0.010593595914542675,0.979399561882019,-0.20165370404720306,42.06557846069336
-0.05320949852466583,-0.20407891273498535,-0.9775072932243347,-141.11810302734375,-0.9985164999961853,0.02220422402024269,0.04971742257475853,5.7976274490356445,0.011558514088392258,0.9787026047706604,-0.20495763421058655,42.09699630737305
-0.053130555897951126,-0.2073301076889038,-0.9768272042274475,-140.983642578125,-0.9985090494155884,0.023298392072319984,0.04936480149626732,5.890841960906982,0.012523692101240158,0.9779935479164124,-0.20825885236263275,42.12875747680664
-0.05305466055870056,-0.21057897806167603,-0.9761360883712769,-140.84930419921875,-0.9985005259513855,0.024391314014792442,0.049008339643478394,5.984108924865723,0.013489115983247757,0.9772725105285645,-0.2115572988986969,42.160858154296875
-0.05298205092549324,-0.21382571756839752,-0.9754340052604675,-140.71507263183594,-0.9984908699989319,0.025483042001724243,0.04864825680851936,6.077428817749023,0.014454776421189308,0.9765393733978271,-0.21485315263271332,42.19329833984375
-0.05291272699832916,-0.21707001328468323,-0.9747208952903748,-140.58096313476562,-0.9984800815582275,0.02657354809343815,0.04828457161784172,6.170802116394043,0.015420660376548767,0.97579425573349,-0.2181461602449417,42.22607421875
-0.05284645035862923,-0.2203119844198227,-0.9739968776702881,-140.4469757080078,-0.9984681606292725,0.027662774547934532,0.04791705310344696,6.264228820800781,0.01638675481081009,0.975037157535553,-0.22143638134002686,42.25918960571289
-0.052783455699682236,-0.22355154156684875,-0.973261833190918,-140.3131103515625,-0.9984551668167114,0.028750762343406677,0.04754592850804329,6.3577094078063965,0.017353054136037827,0.9742679595947266,-0.22472375631332397,42.29264450073242
-0.05272375047206879,-0.22678865492343903,-0.972515881061554,-140.1793670654297,-0.9984411001205444,0.02983749285340309,0.0471712127327919,6.451244354248047,0.018319539725780487,0.9734868407249451,-0.22800825536251068,42.32643508911133
-0.05266708880662918,-0.23002329468727112,-0.9717589616775513,-140.04574584960938,-0.9984259009361267,0.030922899022698402,0.04679267108440399,6.544834136962891,0.019286200404167175,0.9726937413215637,-0.2312898337841034,42.36056137084961
-0.05261371284723282,-0.23325538635253906,-0.9709910750389099,-139.91224670410156,-0.9984095692634583,0.03200702369213104,0.046410541981458664,6.638479232788086,0.020253026857972145,0.9718886017799377,-0.23456841707229614,42.39502716064453
-0.0525636225938797,-0.23648491501808167,-0.9702123403549194,-139.7788848876953,-0.9983921051025391,0.03308984637260437,0.046024829149246216,6.732179641723633,0.021220000460743904,0.9710715413093567,-0.23784399032592773,42.42982864379883
-0.05251669883728027,-0.23971179127693176,-0.9694226384162903,-139.64564514160156,-0.9983735680580139,0.03417133539915085,0.045635420829057693,6.825936317443848,0.022187115624547005,0.9702425599098206,-0.2411164790391922,42.4649658203125
-0.05247305706143379,-0.24293601512908936,-0.9686220288276672,-139.5125274658203,-0.998353898525238,0.035251498222351074,0.04524243623018265,6.919748783111572,0.023154359310865402,0.9694015979766846,-0.24438586831092834,42.50043487548828
-0.0524325855076313,-0.24615775048732758,-0.9678105115890503,-139.37954711914062,-0.9983330965042114,0.03633030503988266,0.044845759868621826,7.013617992401123,0.02412172220647335,0.9685486555099487,-0.2476523071527481,42.53623962402344
-0.05239539593458176,-0.2493765950202942,-0.9669881463050842,-139.24668884277344,-0.9983112215995789,0.0374077633023262,0.04444551840424538,7.107544422149658,0.025089191272854805,0.9676837921142578,-0.25091543793678284,42.57238006591797
-0.052361369132995605,-0.2525927424430847,-0.9661548733711243,-139.1139678955078,-0.9982882142066956,0.03848382458090782,0.04404159635305405,7.201528072357178,0.026056747883558273,0.9668070673942566,-0.25417542457580566,42.60885238647461
-0.052330512553453445,-0.2558060586452484,-0.9653106927871704,-138.98138427734375,-0.9982640743255615,0.03955848515033722,0.04363400489091873,7.29556941986084,0.027024386450648308,0.9659184217453003,-0.25743210315704346,42.64565658569336
-0.05230281874537468,-0.2590164542198181,-0.9644557237625122,-138.84893798828125,-0.9982388615608215,0.040631722658872604,0.04322274401783943,7.389668941497803,0.027992097660899162,0.9650179147720337,-0.26068544387817383,42.68279266357422
-0.052278291434049606,-0.26222389936447144,-0.9635899662971497,-138.71661376953125,-0.9982125759124756,0.04170352593064308,0.042807821184396744,7.483826637268066,0.028959864750504494,0.964105486869812,-0.263935387134552,42.72026062011719
-0.052257049828767776,-0.26542872190475464,-0.9627132415771484,-138.5844268798828,-0.9981850981712341,0.04277391731739044,0.04238934442400932,7.578043460845947,0.02992767095565796,0.96318119764328,-0.26718223094940186,42.758060455322266
-0.05223908647894859,-0.2686304748058319,-0.9618257284164429,-138.45237731933594,-0.9981565475463867,0.04384288564324379,0.041967324912548065,7.672319412231445,0.03089551255106926,0.962244987487793,-0.27042558789253235,42.79619216918945
-0.05222441256046295,-0.2718292772769928,-0.960927426815033,-138.32046508789062,-0.9981269240379333,0.04491041600704193,0.04154177010059357,7.7666544914245605,0.03186338022351265,0.9612969756126404,-0.27366551756858826,42.83465576171875
-0.052212897688150406,-0.2750249207019806,-0.9600182771682739,-138.18870544433594,-0.9980961680412292,0.04597645625472069,0.04111257195472717,7.861049652099609,0.032831255346536636,0.9603371620178223,-0.27690187096595764,42.87344741821289
-0.05220454931259155,-0.27821752429008484,-0.9590983986854553,-138.0570831298828,-0.9980642795562744,0.04704099893569946,0.04067973420023918,7.955504894256592,0.03379913046956062,0.9593654870986938,-0.28013473749160767,42.912567138671875
-0.05219948664307594,-0.28140702843666077,-0.9581676721572876,-137.92559814453125,-0.9980313181877136,0.04810406267642975,0.040243372321128845,8.050021171569824,0.034766990691423416,0.9583820104598999,-0.28336402773857117,42.95201873779297
-0.05219758301973343,-0.2845933735370636,-0.9572262167930603,-137.79425048828125,-0.9979972243309021,0.049165595322847366,0.03980338200926781,8.144598007202148,0.03573481738567352,0.9573867321014404,-0.28658971190452576,42.991798400878906
-0.05219884589314461,-0.28777652978897095,-0.9562739729881287,-137.66305541992188,-0.9979619979858398,0.05022558197379112,0.039359766989946365,8.239235877990723,0.03670260310173035,0.9563796520233154,-0.28981176018714905,43.03190612792969
-0.05220338702201843,-0.29095643758773804,-0.9553110003471375,-137.53199768066406,-0.9979256987571716,0.0512840636074543,0.03891264274716377,8.333935737609863,0.03767034783959389,0.9553608298301697,-0.29303011298179626,43.07233810424805
-0.0522112101316452,-0.29413315653800964,-0.9543372988700867,-137.40109252929688,-0.9978883266448975,0.05234101042151451,0.03846201300621033,8.42869758605957,0.038638025522232056,0.9543302059173584,-0.2962448298931122,43.11309814453125
-0.052222199738025665,-0.2973065674304962,-0.9533528685569763,-137.2703399658203,-0.9978498220443726,0.053396377712488174,0.03800777345895767,8.52352237701416,0.039605628699064255,0.9532877802848816,-0.29945576190948486,43.15418243408203
-0.052236348390579224,-0.30047646164894104,-0.9523577094078064,-137.1397247314453,-0.9978101849555969,0.0544501431286335,0.0375499352812767,8.618409156799316,0.04057314246892929,0.9522337317466736,-0.30266276001930237,43.195594787597656
-0.05225377529859543,-0.3036430776119232,-0.9513518810272217,-137.00926208496094,-0.9977694749832153,0.05550234019756317,0.03708861023187637,8.713358879089355,0.04154055565595627,0.9511678814888,-0.305866003036499,43.23733139038086
-0.05227436497807503,-0.30680620670318604,-0.9503353834152222,-136.8789520263672,-0.997727632522583,0.05655291676521301,0.036623694002628326,8.808372497558594,0.04250786080956459,0.9500903487205505,-0.3090653121471405,43.27939224243164
-0.05229811370372772,-0.3099658191204071,-0.9493082165718079,-136.74879455566406,-0.9976847171783447,0.05760186165571213,0.03615519404411316,8.903450012207031,0.04347504675388336,0.9490011930465698,-0.31226062774658203,43.32177734375
-0.05232514441013336,-0.31312188506126404,-0.9482703804969788,-136.61878967285156,-0.9976407289505005,0.05864919349551201,0.035683225840330124,8.998591423034668,0.04444209486246109,0.9479002952575684,-0.3154519498348236,43.36448669433594
-0.05235544964671135,-0.31627434492111206,-0.9472219944000244,-136.4889373779297,-0.9975955486297607,0.05969489738345146,0.035207800567150116,9.09379768371582,0.04540899395942688,0.9467877745628357,-0.31863921880722046,43.40751647949219
-0.05238903686404228,-0.31942325830459595,-0.9461628794670105,-136.35923767089844,-0.9975493550300598,0.06073896959424019,0.03472891449928284,9.189068794250488,0.046375732868909836,0.945663571357727,-0.32182249426841736,43.450870513916016
-0.05242577940225601,-0.32256847620010376,-0.9450931549072266,-136.2296905517578,-0.9975020289421082,0.06178135797381401,0.03424646705389023,9.284404754638672,0.04734230786561966,0.9445277452468872,-0.32500162720680237,43.494544982910156
-0.05246580019593239,-0.3257101774215698,-0.9440128207206726,-136.10031127929688,-0.9974535703659058,0.06282207369804382,0.033760569989681244,9.379806518554688,0.048308685421943665,0.9433802366256714,-0.3281767964363098,43.53853988647461
-0.05250898003578186,-0.32884809374809265,-0.9429219365119934,-135.97108459472656,-0.9974040389060974,0.06386109441518784,0.03327111899852753,9.475274085998535,0.049274880439043045,0.9422211647033691,-0.3313477039337158,43.582855224609375
-0.05255543440580368,-0.3319823145866394,-0.9418203830718994,-135.84201049804688,-0.9973533749580383,0.06489843130111694,0.03277823328971863,9.570807456970215,0.05024087056517601,0.9410504698753357,-0.33451446890830994,43.62749099731445
-0.05260492488741875,-0.33511266112327576,-0.940708339214325,-135.71310424804688,-0.9973016381263733,0.06593399494886398,0.032281696796417236,9.666407585144043,0.05120665580034256,0.9398682117462158,-0.33767688274383545,43.67244338989258
-0.05265768989920616,-0.3382391929626465,-0.9395857453346252,-135.5843505859375,-0.9972488284111023,0.06696784496307373,0.03178174048662186,9.76207447052002,0.05217220261693001,0.9386743307113647,-0.3408350348472595,43.717716217041016
-0.05271361395716667,-0.3413619101047516,-0.9384526014328003,-135.4557647705078,-0.9971948862075806,0.067999929189682,0.031278252601623535,9.857809066772461,0.053137511014938354,0.937468945980072,-0.3439888656139374,43.7633056640625
-0.05277280882000923,-0.3444806933403015,-0.9373089671134949,-135.3273468017578,-0.9971398711204529,0.0690302848815918,0.03077135980129242,9.953611373901367,0.05410256236791611,0.9362520575523376,-0.347138375043869,43.80921173095703
-0.05283515527844429,-0.3475956916809082,-0.9361547231674194,-135.19908142089844,-0.9970837831497192,0.07005885243415833,0.03026093915104866,10.049481391906738,0.055067356675863266,0.9350235462188721,-0.35028359293937683,43.85543441772461
-0.0529007762670517,-0.35070666670799255,-0.9349900484085083,-135.07098388671875,-0.9970265626907349,0.07108565419912338,0.02974712662398815,10.14542007446289,0.05603186413645744,0.9337835311889648,-0.3534243404865265,43.901973724365234
-0.05296967178583145,-0.3538135290145874,-0.9338148832321167,-134.94305419921875,-0.9969682097434998,0.07211068272590637,0.02922992967069149,10.241427421569824,0.05699608474969864,0.9325320720672607,-0.35656052827835083,43.948829650878906
-0.053041715174913406,-0.35691651701927185,-0.9326291680335999,-134.81529235839844,-0.9969088435173035,0.07313389331102371,0.028709223493933678,10.337503433227539,0.05796000361442566,0.9312690496444702,-0.35969239473342896,43.99599838256836
-0.05311691015958786,-0.36001530289649963,-0.9314330816268921,-134.6876983642578,-0.9968483448028564,0.07415524870157242,0.02818503975868225,10.433649063110352,0.05892360582947731,0.9299945831298828,-0.3628195524215698,44.043479919433594
-0.05319537594914436,-0.3631100356578827,-0.9302265048027039,-134.56027221679688,-0.9967867732048035,0.07517480105161667,0.02765747718513012,10.529864311218262,0.059886883944272995,0.9287086725234985,-0.36594223976135254,44.091278076171875
-0.05327698960900307,-0.36620059609413147,-0.9290094971656799,-134.4330291748047,-0.9967240691184998,0.0761924758553505,0.02712644822895527,10.62614917755127,0.06084981560707092,0.9274113774299622,-0.3690602481365204,44.13938903808594
-0.05336187034845352,-0.3692868649959564,-0.9277821779251099,-134.3059539794922,-0.9966602921485901,0.07720832526683807,0.026592059060931206,10.722504615783691,0.06181240826845169,0.9261026382446289,-0.372173547744751,44.187808990478516
-0.053449902683496475,-0.37236908078193665,-0.9265443086624146,-134.17904663085938,-0.9965954422950745,0.07822228968143463,0.026054194197058678,10.818930625915527,0.0627746433019638,0.9247824549674988,-0.37528228759765625,44.236541748046875
-0.05354107916355133,-0.3754468560218811,-0.9252961874008179,-134.0523223876953,-0.9965294599533081,0.07923435419797897,0.02551288530230522,10.915428161621094,0.06373650580644608,0.9234508872032166,-0.37838616967201233,44.285587310791016
-0.05363552272319794,-0.3785203695297241,-0.9240376353263855,-133.92576599121094,-0.9964624643325806,0.0802445188164711,0.02496824413537979,11.011996269226074,0.06469797343015671,0.922107994556427,-0.3814852833747864,44.33494186401367
-0.053733229637145996,-0.3815895617008209,-0.922768771648407,-133.7993927001953,-0.9963943362236023,0.081252820789814,0.02442026510834694,11.108636856079102,0.0656590461730957,0.9207537174224854,-0.3845796287059784,44.384605407714844
-0.05383408069610596,-0.38465428352355957,-0.9214895367622375,-133.67318725585938,-0.9963250756263733,0.0822591781616211,0.023868856951594353,11.20534896850586,0.06661971658468246,0.9193881154060364,-0.38766905665397644,44.43457794189453
-0.05393819883465767,-0.38771459460258484,-0.920199990272522,-133.5471649169922,-0.9962548017501831,0.08326363563537598,0.02331412583589554,11.302133560180664,0.0675799772143364,0.9180111885070801,-0.3907536268234253,44.484859466552734
-0.054045457392930984,-0.3907703757286072,-0.918900191783905,-133.42132568359375,-0.9961833953857422,0.08426612615585327,0.022755984216928482,11.398990631103516,0.06853979825973511,0.9166229963302612,-0.3938331604003906,44.53544616699219
-0.0541558563709259,-0.3938217759132385,-0.9175900816917419,-133.295654296875,-0.9961109161376953,0.08526663482189178,0.022194424644112587,11.49592113494873,0.06949916481971741,0.9152234792709351,-0.39690786600112915,44.586341857910156
-0.054269518703222275,-0.39686864614486694,-0.9162696599960327,-133.170166015625,-0.9960373640060425,0.0862651988863945,0.021629566326737404,11.592925071716309,0.07045808434486389,0.9138126373291016,-0.39997759461402893,44.637542724609375
-0.05438631772994995,-0.39991074800491333,-0.9149391055107117,-133.04486083984375,-0.9959627389907837,0.08726175874471664,0.021061329171061516,11.69000244140625,0.07141654193401337,0.9123907089233398,-0.4030420482158661,44.689048767089844
-0.05450637638568878,-0.40294820070266724,-0.9135982990264893,-132.91973876953125,-0.995887041091919,0.0882563591003418,0.020489808171987534,11.787153244018555,0.07237453013658524,0.9109575152397156,-0.40610140562057495,44.74085998535156
-0.054629575461149216,-0.4059811234474182,-0.9122471809387207,-132.7947998046875,-0.9958102107048035,0.08924893289804459,0.0199148990213871,11.884378433227539,0.07333201169967651,0.9095130562782288,-0.40915578603744507,44.79297637939453
-0.054755911231040955,-0.4090094566345215,-0.9108858704566956,-132.6700439453125,-0.9957323670387268,0.09023945033550262,0.019336609169840813,11.98167896270752,0.0742889866232872,0.9080573320388794,-0.4122050702571869,44.845394134521484
-0.05488549917936325,-0.412032812833786,-0.9095144867897034,-132.5454864501953,-0.9956533908843994,0.09122797846794128,0.018755078315734863,12.07905387878418,0.0752454549074173,0.9065905213356018,-0.41524896025657654,44.89811325073242
-0.0550183467566967,-0.4150513708591461,-0.9081329107284546,-132.42111206054688,-0.9955733418464661,0.09221447259187698,0.0181703083217144,12.176504135131836,0.07620138674974442,0.905112624168396,-0.41828757524490356,44.95113754272461
-0.05515432357788086,-0.41806522011756897,-0.9067411422729492,-132.2969207763672,-0.9954922795295715,0.09319890290498734,0.017582179978489876,12.274029731750488,0.07715677469968796,0.9036235213279724,-0.42132100462913513,45.004459381103516
-0.05529343709349632,-0.4210740923881531,-0.9053393006324768,-132.1729278564453,-0.9954100847244263,0.09418122470378876,0.016990726813673973,12.371631622314453,0.07811160385608673,0.9021233320236206,-0.42434898018836975,45.058082580566406
-0.05543568357825279,-0.4240785837173462,-0.9039271473884583,-132.0491180419922,-0.995326817035675,0.09516147524118423,0.016395876184105873,12.46930980682373,0.07906589657068253,0.9006118178367615,-0.42737212777137756,45.11200714111328
-0.05558117851614952,-0.4270780086517334,-0.9025049209594727,-131.92550659179688,-0.9952424764633179,0.09613964706659317,0.015797831118106842,12.56706428527832,0.08001959323883057,0.8990892767906189,-0.43038973212242126,45.166229248046875
-0.05572992190718651,-0.4300723373889923,-0.9010726809501648,-131.8020782470703,-0.9951570630073547,0.09711573272943497,0.015196594409644604,12.664896011352539,0.08097270131111145,0.8975557684898376,-0.43340176343917847,45.22074890136719
-0.055881794542074203,-0.43306171894073486,-0.8996303677558899,-131.67884826660156,-0.9950705766677856,0.09808969497680664,0.014592036604881287,12.762804985046387,0.08192522078752518,0.8960111737251282,-0.4364084005355835,45.27556610107422
-0.05603679642081261,-0.43604588508605957,-0.8981781005859375,-131.55580139160156,-0.9949830174446106,0.099061518907547,0.013984191231429577,12.860791206359863,0.08287713676691055,0.89445561170578,-0.43940937519073486,45.33068084716797
-0.05619504302740097,-0.43902504444122314,-0.8967157602310181,-131.43295288085938,-0.9948944449424744,0.10003124177455902,0.013373149558901787,12.958855628967285,0.08382844179868698,0.8928889632225037,-0.4424048364162445,45.38609313964844
-0.056356415152549744,-0.4419991672039032,-0.8952433466911316,-131.310302734375,-0.9948047399520874,0.10099878907203674,0.01275881752371788,13.056998252868652,0.08477911353111267,0.8913114070892334,-0.4453947842121124,45.44179916381836
-0.056520912796258926,-0.44496816396713257,-0.8937609791755676,-131.18785095214844,-0.9947139620780945,0.10196416825056076,0.012141200713813305,13.155219078063965,0.08572915196418762,0.8897227644920349,-0.44837915897369385,45.497802734375
