0.999999976092556,-2.5917507287404757e-09,-4.492592770022341e-09,0.0,-2.5917507287404757e-09,0.9999999797417204,-6.425756243352879e-10,0.0,-4.492592770022341e-09,-6.425756243352879e-10,1.0000000230369956,0.0
0.9999992620123384,-0.000940465682215559,-0.0007766409976052158,0.1593763330014042,0.0009406202595760654,0.9999995463681918,0.0002022087495785185,0.04741524489652882,0.0007764591705443913,-0.0002029399867165382,0.9999996687043705,-0.011313859788245395
0.9999970314087623,-0.0018808056922189962,-0.0015536356462131362,0.3187251785747094,0.0018814335813538254,0.9999981578953054,0.0004036930003391848,0.09497856650376679,0.0015528804145882313,-0.0004066155160478745,0.9999987104906432,-0.022512420275916156
0.9999932688932475,-0.0028209015612659246,-0.002330756773923137,0.4780315097465575,0.002822315097930679,0.9999958210115802,0.0006044326525795525,0.14268913463466504,0.0023290300333828617,-0.0006110069196782206,0.9999971267532289,-0.033598197709721944
0.9999880659798092,-0.003760873904599031,-0.0031080985598623267,0.6372946965221047,0.003763386608097615,0.9999925887475395,0.0008044462097102906,0.19054694928946425,0.003105044219816333,-0.0008161342801257234,0.9999948412874592,-0.0445674297735934
0.9999813859176887,-0.004700715864748815,-0.003885553124633623,0.7965303958695813,0.004704648588700545,0.9999884017895059,0.001003734112941158,0.23855284065497173,0.003880780842402981,-0.0010219963900943664,0.9999919325920935,-0.05542136253687602
0.9999732131553054,-0.005640316937003567,-0.004663247035475937,0.9557235808155724,0.005645978287255721,0.999983325936993,0.001202277322207431,0.2867059785441395,0.004656373274678938,-0.0012285745834214063,0.9999884399081145,-0.06616251224629366
0.9999635412958838,-0.006579787642897673,-0.005441161579560011,1.114889278333493,0.006587494736482824,0.9999772953904873,0.0014000939713925133,0.3350071931440164,0.005431820445505053,-0.001435887425804909,0.9999842454999642,-0.07678836265513667
0.9999523926875784,-0.007519127524140426,-0.006219179033819855,1.2740124614499564,0.007529194216600941,0.999970369869031,0.001597184501702421,0.38345565426755357,0.006206990119430572,-0.0016439347667359383,0.9999793690802137,-0.08730143001010049
0.9999397474431521,-0.008458340753378766,-0.006997436808659441,1.433093130164906,0.008471080447390048,0.9999624894508993,0.001793548471938623,0.4320513619147519,0.006981999835359132,-0.0018527170983516326,0.9999739085086685,-0.09770171431119934
0.9999255704866861,-0.00939730211988014,-0.007775806287872777,1.5921463114518133,0.00941303115320576,0.9999537207463357,0.0019891667944978205,0.4807951462726585,0.007756737959511623,-0.0020622134837943434,0.9999678248874452,-0.10798669931170934
0.999909953532095,-0.010336133194521296,-0.008554396350353072,1.7511569783372352,0.010355164413066572,0.9999439973477791,0.002184057627032705,0.5296861771542263,0.008531340718249097,-0.002272444073378517,0.9999610395504189,-0.11815890125834017
0.9998928426021996,-0.011274830323026985,-0.009333216814781942,1.9101251308211715,0.01129748070382495,0.9999333194579121,0.0023782205045754573,0.5787244545594543,0.009305768855915608,-0.002483408166673532,0.999953611287962,-0.128218320151106
0.9998742563983612,-0.012213275612828105,-0.010112148983584562,2.0690507689036224,0.012239860992756533,0.999921753281613,0.0025716377344412048,0.6279099784883435,0.010079949960914936,-0.002695086170274596,0.999945559975827,-0.13816495598999268
0.9998541764191177,-0.013151590178913932,-0.010891311504360929,2.2279489195580027,0.013182420592813191,0.9999092921303634,0.002764326079371698,0.677243579127941,0.010853956478316384,-0.002907498069635122,0.9999368657466297,-0.1479962925283047
0.9998326174299723,-0.014089767163814965,-0.011670572029241072,2.3868045558108975,0.01412515950398931,0.9998958766904856,0.002956287721245615,0.7267244262911987,0.011627700228837412,-0.003120642657459094,0.999927550761845,-0.15771484601273755
0.9998095686012799,-0.015027685510219676,-0.012450066737708543,2.545617677662335,0.015067958693571757,0.9998815136504985,0.0031475010685885455,0.7763525199781176,0.012401285159446884,-0.0033344996038427756,0.9999175317839031,-0.16732061644329121
0.9997849820635707,-0.015965473171360926,-0.013229669293948754,2.704388285112259,0.01601093395135551,0.9998662556355608,0.003337987712878642,0.8261278601886977,0.013174597494087337,-0.0035490902163523713,0.9999069508365622,-0.1768136038199657
0.9997589606494703,-0.016903119611461577,-0.014009492283531544,2.8631314051341406,0.016954088043410004,0.9998500435346773,0.0035277440773150578,0.876051277109986,0.01394774510369165,-0.0037644127307822108,0.9998956681985232,-0.18619129189607975
0.9997314469349058,-0.017840507413065903,-0.014789544575617097,3.0218320107545367,0.01789730241387176,0.9998328838336845,0.003716752028010646,0.9261219405549346,0.014720748589931498,-0.00398044760377176,0.9998837428191555,-0.1954561969183004
0.9997024570711551,-0.018777760419244057,-0.015569694846819027,3.180490101973419,0.018840688655907063,0.9998148890794655,0.003905032810678097,0.9763398505235443,0.015493474679690034,-0.004197215277595569,0.9998711966883848,-0.2046083188866561
0.9996719124718663,-0.019714869082897497,-0.016350065476401304,3.339105678790844,0.019784247246377732,0.9997958807229411,0.004092581918577183,1.0267050070158144,0.016266031082782267,-0.004414713858502936,0.9998579488794681,-0.2136476578011326
0.9996399479615888,-0.02065183978157586,-0.017130543891287847,3.497678734810023,0.020727980951341034,0.9997759777968309,0.004279403160994532,1.0772175290644652,0.01703833461502896,-0.004632944532449813,0.9998441391116129,-0.22257421473285888
0.9996065026693565,-0.021588427202268317,-0.017911255427797007,3.656209282824477,0.021671652182217564,0.9997551341618124,0.004465456347589541,1.1278771786040567,0.01781046573542927,-0.00485186610405914,0.9998296255284261,-0.23138798753959122
0.9995715225288231,-0.02252487669643753,-0.018692064880954012,3.8146973164374742,0.022615492041749476,0.999733395957208,0.004650781203727509,1.1786840746673093,0.018582309630259614,-0.0050715195390744275,0.9998144912042967,-0.24008897729243017
0.9995350465517657,-0.023461179562653697,-0.019473089823900558,3.9731584926171877,0.023559503772862422,0.9997107039706816,0.004835374498373053,1.2296390474410304,0.019353993700985395,-0.005291903380449027,0.999798716451758,-0.24867843006074963
0.999497157160445,-0.02439722162030071,-0.020254216552589577,4.131577154395444,0.024503569725862078,0.9996871242044293,0.005019220750423166,1.2807412667384126,0.020125425988741397,-0.0055129983907584446,0.9997822598759053,-0.2571550997751899
0.9994577158943018,-0.025333115292551004,-0.021035568577256025,4.289953301772215,0.025447800587751184,0.999662590757596,0.005202334743527254,1.331990732559455,0.02089667396023015,-0.005734823041001057,0.9997652216641081,-0.2655189864357652
0.9994167986788717,-0.02626886553523603,-0.02181702329970525,4.4482869347475,0.026392199601441343,0.9996371630452006,0.005384718665497897,1.3833874449041588,0.02166764456871076,-0.005957378633172569,0.9997475014762759,-0.27377009004246133
0.9993743921236427,-0.027204348198399026,-0.022598692512447782,4.606578059718061,0.02733664959410661,0.9996107882394019,0.005566352427113666,1.434931284739803,0.022438456440962512,-0.006180643670307399,0.9997291410274,-0.2819084095241351
0.9993305098190259,-0.028139680661043876,-0.023380459566875983,4.764826670287164,0.028281264018800437,0.9995834598543634,0.00574725646335771,1.4866223710991084,0.02320899098367918,-0.00640463792539963,0.9997101598501337,-0.2899339459519297
0.99928513827456,-0.029074748704102638,-0.02416244591771982,4.9230327664547815,0.029225927562583125,0.9995552438922813,0.005927409063542035,1.5384607039820741,0.023979366806903546,-0.006629342390658315,0.9996904771725473,-0.29784669932584507
0.9992382934416236,-0.030009664750747747,-0.02494454475379379,5.081196354617674,0.03017075553839344,0.9995260744523009,0.006106830546410646,1.5904461643559813,0.024749450604045764,-0.006854775537081831,0.9996701713145287,-0.3056466685747523
0.9991899595687372,-0.03094431458191126,-0.025726853217817064,5.23931743477587,0.031115628913520127,0.9994960175366181,0.006285502098443211,1.642578752220829,0.02551937571516877,-0.007080918356879233,0.9996492864441571,-0.3133338536986372
0.9991400913472979,-0.031878810601539694,-0.026509254454745113,5.397396000532609,0.03206066161787098,0.999465007244378,0.0064634420681810145,1.694858586609338,0.026289013684404616,-0.007307789435865672,0.9996276608251605,-0.3209082557686429
0.9990887864881974,-0.03281315602724674,-0.027291880843972938,5.555432051887834,0.03300586013728979,0.9994331030919406,0.006640647105386317,1.7472856675215063,0.027058501742307284,-0.007535389194793962,0.9996054535942782,-0.32836987478478363
0.9990360148373518,-0.0337472284472934,-0.02807460409100737,5.713426218836389,0.0339511021961303,0.9994002521501234,0.006817104108964671,1.7998599949570968,0.02782769886200348,-0.007763697017941412,0.9995826257997559,-0.3357224730630861
0.9989816893505145,-0.03468114342556213,-0.028857532776454503,5.871362857203621,0.034896499864429976,0.9993664480344314,0.0069928256859707535,1.8525805006638603,0.02859672644566233,-0.00799273225632631,0.9995590988254167,-0.3429648023919327
0.9989258947109644,-0.03561478863501008,-0.02964057298902098,6.029256981169368,0.03584193921226604,0.9993317566457195,0.007167798316907819,1.9054482528942849,0.029365477804398382,-0.008222475864866408,0.9995349488310807,-0.35009434866691436
0.9988686920787335,-0.036548159119805794,-0.0304237001924946,6.187108590733629,0.036787423482555724,0.9992961185689689,0.007342022481935944,1.9584632516483698,0.030133948070753175,-0.008452926541566,0.9995101194908063,-0.3571111118880026
0.9988099381713779,-0.03748137356531585,-0.03120703779423234,6.3449176986899545,0.037733061502417384,0.9992595869360448,0.007515511050329437,2.0116252588606764,0.030902234121260058,-0.00868410463228006,0.9994847110091898,-0.3640150899129395
0.9987496477044261,-0.03841442797133429,-0.03199047789873402,6.502684292244794,0.03867885420178853,0.9992221022812575,0.007688265918631752,2.0649345125966434,0.03167024776826821,-0.008916008758958843,0.9994586205841942,-0.37080628488399725
0.9986879259214462,-0.03934732545934524,-0.03277413318224434,6.660409001392992,0.03962480527668079,0.999183724120967,0.00786028344235785,2.1183910128560317,0.03243808217779523,-0.009148639916439036,0.9994318897828296,-0.37748845911724516
0.9986247352356274,-0.04027994463091293,-0.03355787058006718,6.818091208933225,0.04057079338139383,0.9991443994753205,0.008031552464514743,2.171994521573641,0.03320564040424079,-0.009381977068493585,0.9994045408866037,-0.38405784815432753
0.9985600756969447,-0.04121228449196004,-0.034341709632448675,6.975715875098587,0.04151681758598452,0.9991041283949884,0.00820207200297551,2.2257444466278633,0.03397292245597322,-0.009616020520810079,0.9993765101890303,-0.39051697038422617
0.9984938675439536,-0.04214446384320863,-0.035125763802932,7.133298039656012,0.042462991820373774,0.9990629640118355,0.008371853063491877,2.2796413801403066,0.03474000562878374,-0.009850789930342843,0.9993478391252869,-0.3968633074179735
0.998426188177131,-0.043076362126492955,-0.03590990009085129,7.290837689811951,0.04340920029475537,0.9990208532953383,0.008540885680560486,2.33368556017641,0.03550682734016475,-0.010086264873711434,0.9993185499661591,-0.4030968613978416
0.9983570386324278,-0.04400809902125693,-0.0366941241643943,7.44833546835477,0.04435556111190307,0.998977849326691,0.008709184619995357,2.3878767486704966,0.036273342437704026,-0.010322465391083238,0.9992885813280176,-0.4092213924976136
0.9982863944505959,-0.044939669533217264,-0.03747857312786937,7.605775705522689,0.04530207148199686,0.9989338926908748,0.008876743744696334,2.4422143535011953,0.037039697911977365,-0.010559390410096098,0.9992580311219238,-0.4152356567901876
0.9982142903985297,-0.04587083936295302,-0.038263108202812035,7.763173441082699,0.046248496594389885,0.9988889963342272,0.00904353803866897,2.496698966790115,0.03780576360705032,-0.010797000461551604,0.9992268017171536,-0.4211371358866245
0.9981406942452145,-0.04680184505264741,-0.0390478583115241,7.9205286750347454,0.04719506986481338,0.9988432068774412,0.009209592285418186,2.5513305885372564,0.03857165499486262,-0.011035335626271792,0.9991949319603349,-0.42692582978689586
0.9980655645179557,-0.04773268526499176,-0.03983268148110633,8.077826380405469,0.048141788050342645,0.9987965243965227,0.009374912735320082,2.6061083885555707,0.03933725937049601,-0.011274395444253849,0.999162385190143,-0.43260425473771136
0.9979890299335935,-0.04866323586174938,-0.04061760138043473,8.235082201369522,0.04908853860409243,0.9987488363699236,0.009539482768615777,2.6610334350973064,0.040102568070172734,-0.011514158420490889,0.9991292178777548,-0.4381736589507028
0.9979109485347003,-0.04959350552090992,-0.041402735445220176,8.392295520725668,0.05003531411029266,0.9987003213973943,0.0097032965969263,2.716105490097263,0.040867708409554726,-0.011754626008112168,0.9990954103587167,-0.44363027796754295
0.9978313960897851,-0.050523601166818026,-0.04218795967697196,8.549451311500434,0.05098223521717182,0.9986507944946893,0.009866374828113792,2.7713237233683934,0.041632549544038555,-0.01199581587537317,0.9990609833964103,-0.448976628034913
0.9977503702253868,-0.05145352824062374,-0.04297326424451478,8.706564600667264,0.05192930029733039,0.9986003747451989,0.010028717694660289,2.8266889650977456,0.04239710618481582,-0.01223772916946711,0.9990258782025548,-0.45421019290613174
0.9976678588251798,-0.05238316835072872,-0.043758785433819475,8.863636018221001,0.0528763913642417,0.998549068691764,0.010190303831647004,2.882201215285079,0.043161489617714516,-0.012480345829806182,0.9989901928252423,-0.4593347348972543
0.997583882887389,-0.053312517697558744,-0.044544376265674465,9.020649907193388,0.05382350692127061,0.9984968168576109,0.0103511387949559,2.937859643743585,0.0439255749355521,-0.012723664511936163,0.9989537705724532,-0.46434900793890677
0.9974984010135014,-0.05424157525837481,-0.04532994891033802,9.177621294557838,0.05477064234510806,0.998443619294994,0.01051122976789186,2.993665080660313,0.04468924944583197,-0.012967685516745275,0.9989168074546537,-0.4692504957844079
0.9974114274186417,-0.0551704607412825,-0.046115719239047614,9.334535783335781,0.055717918850690044,0.9983895290835239,0.01067057796040739,3.049616695847975,0.045452749712528495,-0.013212428889200267,0.9988791464554962,-0.47404547699650834
0.9973229697152077,-0.056099052738055905,-0.04690169628338159,9.49140777050576,0.05666521768137326,0.9983344932417639,0.010829168260930493,3.1057153194938585,0.04621606945602305,-0.013457873827506996,0.9988408464971537,-0.47872767301245744
0.9972330597974424,-0.05702747081349223,-0.047687636227795704,9.64823725606783,0.05761265513815497,0.9982785648572423,0.010987028985191572,3.1619609515979628,0.04697897983327831,-0.013704040352635408,0.9988018879717158,-0.483297083832241
0.9971416256631745,-0.0579555937599973,-0.04847366543962957,9.805009855836914,0.05856010917789061,0.9982216909374385,0.011144137373353413,3.2183525239075617,0.0477415896566295,-0.013950907696386877,0.9987623101536383,-0.4877599858763375
0.9970487063366748,-0.05888342043110403,-0.04925989402969845,9.961739953998062,0.05950758281102003,0.9981638715456905,0.011300488274887596,3.274891104675382,0.04850402632963402,-0.014198475666787017,0.9987220946050117,-0.4921101027242827
0.996954376380981,-0.05981107096484317,-0.05004620284311505,10.11841252357786,0.060455196220800624,0.9981051597378574,0.01145610171940876,3.3315758637143755,0.04926616636014616,-0.014446764380792967,0.998681200843665,-0.496349950622772
0.9968585211282507,-0.06073842400123079,-0.05083259356157464,10.275043234338114,0.061402823423706246,0.9980455025340863,0.011610962768223895,3.3884073931459113,0.05002801321013259,-0.01469575257254413,0.9986396890224988,-0.5004807734988788
0.9967611756793896,-0.06166559814872981,-0.051619191670318545,10.431616416516988,0.06235058623040971,0.9979849530662418,0.011765078479278756,3.445385100848621,0.05078967851755653,-0.014945461047162573,0.9985975381291758,-0.5045013274255297
0.9966623074943587,-0.06259247242903947,-0.05240587173408025,10.58813208290809,0.06329836097035102,0.9979234583291355,0.01191844272457071,3.502508748757064,0.05155103596464422,-0.015195869074844548,0.9985547691676654,-0.5084116102604384
0.99656203404635,-0.06351904988674022,-0.053192623934178174,10.744605877686098,0.0642461527344518,0.9978610778391275,0.012071055969067577,3.559779405123489,0.052312105222125344,-0.015446978109693837,0.9985113233475947,-0.5122128702152509
0.9964602303098995,-0.06444544311803774,-0.05397946610134319,10.901022156676277,0.06519407406959589,0.9977977456953628,0.012222929896668922,3.617196001695648,0.053072872908957014,-0.01569880558935785,0.9984672581177287,-0.5159038590783211
0.9963569429739931,-0.06537153480160589,-0.05476649765314981,11.057395934058547,0.06614200825604566,0.9977334683836778,0.012374043547809499,3.6747596067260284,0.053833460157838436,-0.015951331396392182,0.9984224963962303,-0.5194820627452259
0.9962521917759437,-0.06629732515360044,-0.05555362100364322,11.213712825647832,0.0670899543638505,0.9976683055724439,0.012524405733190911,3.732469151961903,0.05459374940476125,-0.01620455698342918,0.9983771753927324,-0.5229537576364578
0.9961459704189253,-0.06722293059272909,-0.05634081701520835,11.369972201449315,0.06803802956584383,0.9976021911581241,0.012674026682180022,3.7903246374035118,0.05535373959532275,-0.016458499483900102,0.9983311774428077,-0.5263151814359475
0.9960382266005985,-0.06814823294284046,-0.0571280851631097,11.526189718431226,0.06898611158638784,0.9975351913455967,0.012822896630374045,3.8483268932376626,0.05611342197157351,-0.016713140997947573,0.9982845026343229,-0.5295675802130688
0.9959290528655381,-0.06907334663448758,-0.05791556298268834,11.682349719625364,0.06993432594404554,0.9974672401326655,0.012971017461432255,3.9064750892775475,0.05687292534465482,-0.016968499270378024,0.9982372488061629,-0.5327097078984337
0.9958183556386101,-0.06999815914836843,-0.05870311286364098,11.838452192238151,0.07088254340048188,0.9973984034201856,0.013118385896780695,3.964769463588606,0.057632128285172,-0.017224556404276947,0.9981893181319953,-0.535741566634357
0.9957061958799471,-0.07092266101968688,-0.05949073473100541,11.994512818824916,0.07183077091838656,0.9973286220464914,0.013265000541504677,4.023210370226767,0.05839102589219358,-0.01748130987048399,0.9981407106243724,-0.5386643982056114
0.9955925076629988,-0.07184697346917472,-0.06027844897176696,12.150515929623879,0.07277911684801663,0.9972578893230641,0.013410874414815406,4.081797217070663,0.05914961468071139,-0.01773877902296031,0.998091543738515,-0.5414769586851236
0.9954774144829215,-0.07277098030883528,-0.06106621799289452,12.306462154629884,0.07372747422214744,0.9971862713534412,0.013555994437891144,4.140530004120053,0.059907915329832306,-0.01799694535047336,0.9980416424658344,-0.5441830103889629
0.9953607806845053,-0.07369467658283708,-0.061854195961064645,12.462365890821502,0.07467583283517719,0.9971137087226039,0.013700351859655792,4.1994095615622244,0.060666018438955305,-0.01825580755102743,0.9979911622948185,-0.5467762747543645
0.9952427358260335,-0.07461818288779773,-0.06264224904661131,12.618212741220134,0.07562431634576862,0.9970402544610757,0.01384396752045353,4.258435059209891,0.06142383238775187,-0.018515385818369423,0.9979400652005684,-0.5492630303440649
0.9951231114373955,-0.07554137671584862,-0.06343036434986299,12.774002075830964,0.07657279599244712,0.9969658556396744,0.013986830785537753,4.317606497063291,0.06218132141182167,-0.018775660110860515,0.9978882324741224,-0.5516395148420514
0.9950020823854774,-0.07646426141918487,-0.06421856386453806,12.929734550235935,0.07752128150396762,0.9968905717747599,0.014128938340511968,4.376923398991306,0.06293852234670422,-0.0190366300455361,0.9978358417361545,-0.5539094862797924
0.9948795862352052,-0.07738694944020483,-0.06500683604028484,13.085424535826519,0.07846988495035823,0.9968143369654773,0.014270304659093883,4.4363870713121045,0.06369540962909773,-0.019298313978577786,0.9977827740517596,-0.5560666703790957
0.9947555483360851,-0.07830932322687136,-0.06579529983209141,13.241057635624117,0.07941848777576199,0.9967371576976625,0.014410905991896369,4.4959966838383965,0.06445210673650337,-0.019560693170342452,0.9977290699365821,-0.558117345702712
0.9946300472744694,-0.07923138437393588,-0.06658383809160198,13.396633219633927,0.08036708950331713,0.9966590935890169,0.014550753474471349,4.555752236570423,0.06520850595910621,-0.01982376647143938,0.997674749006958,-0.5600577499346002
0.994503079214449,-0.08015325027962822,-0.06737244147489568,13.552151943437863,0.08131580730585611,0.9965801381537043,0.014689856406246307,4.615653253377065,0.06596459154595655,-0.020087553540045877,0.997619752393016,-0.5618916411062287
0.9943746492223917,-0.081074795237692,-0.06816111932589339,13.707613151453998,0.08226452401054599,0.9965001789461823,0.01482820548779376,4.67570021038944,0.06672037189973054,-0.020352033798953534,0.9975641389646274,-0.5636152611861291
0.9942446975686229,-0.08199602892019421,-0.0689498616510017,13.86301747367716,0.08321323265469656,0.9964193945155304,0.014965797929280598,4.7358931076073105,0.06747584457308614,-0.02061720839560402,0.9975078499607085,-0.5652323724903567
0.9941132790163992,-0.082917057295854,-0.06973868888718074,14.01836430569962,0.08416205551394475,0.9963375999281742,0.015102647679861145,4.796231468900036,0.06823100362742579,-0.020883095074306857,0.997451002828112,-0.5667392084182836
