-0.14122186601161957,0.10104477405548096,-0.9848077893257141,-142.74038696289062,-0.9899779558181763,-0.014414266683161259,0.14048431813716888,9.024218559265137,-7.560165471431901e-08,0.9947774410247803,0.10206770896911621,55.103389739990234
-0.140123188495636,0.10243115574121475,-0.9848214983940125,-142.6148681640625,-0.990134060382843,-0.014611547812819481,0.13935932517051697,8.914713859558105,-0.00011502899724291638,0.9946327805519104,0.10346799343824387,55.109066009521484
-0.13902443647384644,0.10381756722927094,-0.9848320484161377,-142.48922729492188,-0.9902889132499695,-0.014807241968810558,0.13823384046554565,8.805347442626953,-0.00023154428345151246,0.9944861531257629,0.10486795753240585,55.11453628540039
-0.13792575895786285,0.1052040085196495,-0.9848393797874451,-142.3634490966797,-0.9904425144195557,-0.015001359395682812,0.1371079832315445,8.696118354797363,-0.0003496211429592222,0.9943374991416931,0.10626759380102158,55.11980056762695
-0.1368270367383957,0.10659046471118927,-0.9848435521125793,-142.237548828125,-0.9905948638916016,-0.015193888917565346,0.13598161935806274,8.587027549743652,-0.00046925913193263113,0.9941869378089905,0.10766690224409103,55.124855041503906
-0.1357283592224121,0.10797705501317978,-0.9848445653915405,-142.11151123046875,-0.9907459020614624,-0.015384857542812824,0.13485489785671234,8.47807502746582,-0.0005904579302296042,0.9940343499183655,0.10906598716974258,55.129703521728516
-0.1346297711133957,0.10936354100704193,-0.9848423600196838,-141.9853515625,-0.990895688533783,-0.015574232675135136,0.1337278038263321,8.369260787963867,-0.000713217246811837,0.9938797950744629,0.11046462506055832,55.13434600830078
-0.1335311084985733,0.11075004935264587,-0.984836995601654,-141.85906982421875,-0.991044282913208,-0.01576201803982258,0.13260021805763245,8.260584831237793,-0.0008375364704988897,0.9937232732772827,0.1118629202246666,55.13877868652344
-0.13243241608142853,0.11213655769824982,-0.9848284125328064,-141.732666015625,-0.991191565990448,-0.015948209911584854,0.1314721554517746,8.152048110961914,-0.0009634153684601188,0.9935648441314697,0.11326087266206741,55.14300537109375
-0.13133367896080017,0.11352308094501495,-0.9848167300224304,-141.6061248779297,-0.9913375973701477,-0.016132811084389687,0.13034361600875854,8.04365062713623,-0.001090853475034237,0.9934043884277344,0.11465848237276077,55.14702224731445
-0.1302350014448166,0.11490948498249054,-0.9848018288612366,-141.47946166992188,-0.9914823770523071,-0.016315815970301628,0.12921470403671265,7.935392379760742,-0.0012198503827676177,0.9932419657707214,0.11605562269687653,55.15082931518555
-0.12913641333580017,0.11629588901996613,-0.9847837686538696,-141.35267639160156,-0.9916259050369263,-0.016497241333127022,0.1280854344367981,7.827273368835449,-0.001350405509583652,0.9930775761604309,0.11745241284370422,55.1544303894043
-0.12803776562213898,0.11768229305744171,-0.9847624897956848,-141.22576904296875,-0.9917681813240051,-0.016677070409059525,0.12695567309856415,7.71929407119751,-0.001482518739067018,0.9929112792015076,0.11884885281324387,55.15782165527344
-0.12693920731544495,0.11906881630420685,-0.9847380518913269,-141.09873962402344,-0.9919092059135437,-0.016855334863066673,0.12582556903362274,7.611454963684082,-0.0016161897219717503,0.9927428960800171,0.1202450543642044,55.16100311279297
-0.12584049999713898,0.12045509368181229,-0.9847105145454407,-140.97157287597656,-0.9920489192008972,-0.0170319601893425,0.12469486892223358,7.503756046295166,-0.0017514179926365614,0.9925726652145386,0.1216406524181366,55.163978576660156
-0.12474197149276733,0.12184135615825653,-0.9846796989440918,-140.8442840576172,-0.9921874403953552,-0.017207015305757523,0.12356392294168472,7.396197319030762,-0.0018882028525695205,0.9924004077911377,0.12303590029478073,55.166744232177734
-0.1236434131860733,0.12322761118412018,-0.9846457839012146,-140.7168731689453,-0.9923246502876282,-0.017380474135279655,0.12243251502513885,7.288778781890869,-0.0020265437196940184,0.992226243019104,0.12443077564239502,55.1693000793457
-0.12254494428634644,0.12461384385824203,-0.9846085906028748,-140.58934020996094,-0.9924606084823608,-0.017552347853779793,0.12130074948072433,7.1815009117126465,-0.0021664404775947332,0.992050051689148,0.12582528591156006,55.17164611816406
-0.12144654989242554,0.12599994242191315,-0.9845682978630066,-140.46168518066406,-0.9925953149795532,-0.01772262342274189,0.12016863375902176,7.074364185333252,-0.0023078920785337687,0.9918719530105591,0.1272193044424057,55.17378616333008
-0.12034813314676285,0.1273861527442932,-0.9845247864723206,-140.3339080810547,-0.9927287101745605,-0.01789131388068199,0.11903604865074158,6.9673686027526855,-0.0024508987553417683,0.9916918277740479,0.12861306965351105,55.175716400146484
-0.11924979090690613,0.12877219915390015,-0.9844781160354614,-140.2060089111328,-0.9928609132766724,-0.018058404326438904,0.11790311336517334,6.860514163970947,-0.0025954602751880884,0.991509735584259,0.130006343126297,55.17743682861328
-0.11815154552459717,0.13015811145305634,-0.9844282865524292,-140.07798767089844,-0.9929918050765991,-0.018223892897367477,0.11676983535289764,6.753801345825195,-0.002741575241088867,0.9913257360458374,0.13139910995960236,55.17894744873047
-0.11705338954925537,0.13154399394989014,-0.9843752980232239,-139.94985961914062,-0.9931214451789856,-0.018387796357274055,0.11563620716333389,6.64723014831543,-0.002889243420213461,0.9911397695541382,0.13279150426387787,55.18024826049805
-0.11595521122217178,0.13292983174324036,-0.9843190908432007,-139.8216094970703,-0.993249773979187,-0.018550096079707146,0.11450212448835373,6.540801048278809,-0.003038465278223157,0.9909518361091614,0.13418351113796234,55.181339263916016
-0.11485711485147476,0.13431553542613983,-0.9842597246170044,-139.6932373046875,-0.9933769106864929,-0.018710795789957047,0.11336769908666611,6.434514045715332,-0.003189240349456668,0.990761935710907,0.13557501137256622,55.182220458984375
-0.1137591227889061,0.13570119440555573,-0.9841971397399902,-139.5647430419922,-0.9935027360916138,-0.018869906663894653,0.11223293095827103,6.328369140625,-0.0033415670040994883,0.990570068359375,0.13696612417697906,55.182891845703125
-0.1126612201333046,0.1370866894721985,-0.9841314554214478,-139.43612670898438,-0.9936273097991943,-0.019027413800358772,0.11109782010316849,6.222366809844971,-0.003495444543659687,0.9903762936592102,0.13835673034191132,55.183353424072266
-0.1115633025765419,0.13847213983535767,-0.9840625524520874,-139.30740356445312,-0.9937506318092346,-0.019183315336704254,0.10996226221323013,6.116507053375244,-0.003650873200967908,0.9901805520057678,0.13974693417549133,55.1836051940918
-0.11046547442674637,0.1398574262857437,-0.983990490436554,-139.17855834960938,-0.9938726425170898,-0.019337614998221397,0.10882636904716492,6.0107903480529785,-0.003807852743193507,0.9899827837944031,0.14113661646842957,55.18364334106445
-0.10936775803565979,0.14124266803264618,-0.9839152693748474,-139.04959106445312,-0.9939934611320496,-0.019490322098135948,0.10769013315439224,5.905216693878174,-0.003966382704675198,0.9897831082344055,0.14252589643001556,55.1834716796875
-0.10827013105154037,0.14262773096561432,-0.983836829662323,-138.92051696777344,-0.9941129684448242,-0.019641423597931862,0.1065535768866539,5.79978609085083,-0.004126461688429117,0.9895815253257751,0.14391465485095978,55.18309020996094
-0.10717261582612991,0.14401274919509888,-0.9837552309036255,-138.79132080078125,-0.9942311644554138,-0.019790934398770332,0.1054166778922081,5.6944990158081055,-0.004288089461624622,0.9893779158592224,0.14530301094055176,55.182498931884766
-0.10607520490884781,0.14539757370948792,-0.9836704730987549,-138.66200256347656,-0.9943481683731079,-0.019938839599490166,0.10427945852279663,5.58935546875,-0.004451266024261713,0.9891723990440369,0.14669083058834076,55.18169403076172
-0.10497789084911346,0.14678235352039337,-0.9835824966430664,-138.53257751464844,-0.9944638609886169,-0.020085150375962257,0.1031419038772583,5.484355926513672,-0.004615990910679102,0.988964855670929,0.14807824790477753,55.18067932128906
-0.10388069599866867,0.1481669396162033,-0.9834914207458496,-138.4030303955078,-0.9945782423019409,-0.020229853689670563,0.1020040288567543,5.379500389099121,-0.004782262723892927,0.9887554049491882,0.14946511387825012,55.1794548034668
-0.10278360545635223,0.14955146610736847,-0.9833971261978149,-138.27337646484375,-0.9946914315223694,-0.020372964441776276,0.10086582601070404,5.274789333343506,-0.004950081463903189,0.9885440468788147,0.15085157752037048,55.178016662597656
-0.10168661922216415,0.1509358137845993,-0.9832996726036072,-138.1436004638672,-0.9948033094406128,-0.020514465868473053,0.09972730278968811,5.170222759246826,-0.005119446199387312,0.9883306622505188,0.15223748981952667,55.176368713378906
-0.10058975219726562,0.15232007205486298,-0.9831990003585815,-138.0137176513672,-0.9949139356613159,-0.02065436914563179,0.09858845174312592,5.065800666809082,-0.005290355533361435,0.9881153702735901,0.15362298488616943,55.17451095581055
-0.09949299693107605,0.15370415151119232,-0.9830952286720276,-137.8837127685547,-0.995023250579834,-0.02079266682267189,0.09744928777217865,4.961523532867432,-0.005462811794131994,0.9878981113433838,0.15500792860984802,55.17243957519531
-0.09839635342359543,0.1550881415605545,-0.9829882383346558,-137.75360107421875,-0.9951313138008118,-0.02092936635017395,0.09630980342626572,4.857391357421875,-0.005636813584715128,0.9876788854598999,0.156392440199852,55.17015838623047
-0.09729982912540436,0.15647193789482117,-0.9828780293464661,-137.62338256835938,-0.9952381253242493,-0.021064456552267075,0.09516999870538712,4.753404140472412,-0.005812358111143112,0.9874577522277832,0.15777640044689178,55.16766357421875
-0.09620341658592224,0.15785564482212067,-0.982764720916748,-137.4930419921875,-0.9953436851501465,-0.02119794674217701,0.09402988106012344,4.649562358856201,-0.005989446304738522,0.9872346520423889,0.15915992856025696,55.16495895385742
-0.09510713070631027,0.15923914313316345,-0.9826481938362122,-137.3625946044922,-0.9954479336738586,-0.02132982574403286,0.0928894504904747,4.545866012573242,-0.006168077699840069,0.987009584903717,0.16054289042949677,55.16204071044922
-0.09401096403598785,0.16062244772911072,-0.982528567314148,-137.23204040527344,-0.9955509305000305,-0.021460091695189476,0.09174870699644089,4.442315578460693,-0.006348251830786467,0.9867826104164124,0.1619253009557724,55.15890884399414
-0.09291491657495499,0.16200552880764008,-0.9824057221412659,-137.10137939453125,-0.9956526160240173,-0.021588748320937157,0.0906076580286026,4.338911056518555,-0.006529967300593853,0.9865536689758301,0.16330714523792267,55.15556716918945
-0.09181899577379227,0.16338852047920227,-0.9822797179222107,-136.97059631347656,-0.9957531094551086,-0.02171580120921135,0.08946630358695984,4.235652923583984,-0.006713225040584803,0.9863227605819702,0.16468854248523712,55.15201187133789
-0.0907231941819191,0.16477128863334656,-0.9821505546569824,-136.83970642089844,-0.9958522319793701,-0.02184124104678631,0.088324636220932,4.132541179656982,-0.006898022256791592,0.9860899448394775,0.1660693734884262,55.14824295043945
-0.08962763845920563,0.16615396738052368,-0.9820181727409363,-136.70870971679688,-0.9959501624107361,-0.02196509577333927,0.08718277513980865,4.029575824737549,-0.007084360346198082,0.9858551621437073,0.1674497425556183,55.144264221191406
-0.0885322168469429,0.1675364226102829,-0.9818826913833618,-136.57760620117188,-0.996046781539917,-0.022087337449193,0.08604061603546143,3.9267570972442627,-0.00727223651483655,0.9856184124946594,0.168829545378685,55.140071868896484
-0.08743692189455032,0.168918639421463,-0.9817439913749695,-136.44639587402344,-0.9961420893669128,-0.022207962349057198,0.08489815890789032,3.824085235595703,-0.007461651228368282,0.9853797554969788,0.17020876705646515,55.13566589355469
-0.0863417536020279,0.17030063271522522,-0.981602132320404,-136.31507873535156,-0.9962362051010132,-0.02232697233557701,0.08375540375709534,3.721560478210449,-0.007652605883777142,0.9851391911506653,0.17158740758895874,55.131046295166016
-0.08524671941995621,0.17168252170085907,-0.9814571142196655,-136.18365478515625,-0.9963290095329285,-0.022444376721978188,0.08261234313249588,3.61918306350708,-0.007845099084079266,0.9848966002464294,0.17296558618545532,55.126216888427734
-0.08415193855762482,0.17306429147720337,-0.9813089370727539,-136.0521240234375,-0.9964205026626587,-0.02256019413471222,0.0814691036939621,3.516953229904175,-0.008039127103984356,0.9846521019935608,0.1743432879447937,55.12117385864258
-0.08305729180574417,0.17444570362567902,-0.9811576008796692,-135.9204864501953,-0.9965107440948486,-0.022674381732940674,0.08032556623220444,3.4148709774017334,-0.008234691806137562,0.9844056963920593,0.17572028934955597,55.11591720581055
-0.08196278661489487,0.17582687735557556,-0.9810030460357666,-135.7887420654297,-0.9965997338294983,-0.022786952555179596,0.0791817456483841,3.312936544418335,-0.008431792259216309,0.9841573238372803,0.17709669470787048,55.11044692993164
-0.08086853474378586,0.177207812666893,-0.9808453917503357,-135.65689086914062,-0.9966874122619629,-0.022897925227880478,0.07803773880004883,3.2111501693725586,-0.008630427531898022,0.9839070439338684,0.17847250401973724,55.10476303100586
-0.07977442443370819,0.1785886138677597,-0.9806845188140869,-135.52493286132812,-0.9967738389968872,-0.023007290437817574,0.07689344882965088,3.1095118522644043,-0.00883059948682785,0.983654797077179,0.1798478364944458,55.0988655090332
-0.07868044823408127,0.1799691617488861,-0.9805205464363098,-135.3928680419922,-0.9968589544296265,-0.02311503328382969,0.07574886828660965,3.008021831512451,-0.009032304398715496,0.9834006428718567,0.1812225729227066,55.09275436401367
-0.07758674025535583,0.1813494712114334,-0.9803533554077148,-135.2606964111328,-0.9969428181648254,-0.023221177980303764,0.07460411638021469,2.9066805839538574,-0.009235542267560959,0.9831445217132568,0.18259669840335846,55.086429595947266
-0.07649317383766174,0.18272951245307922,-0.9801830053329468,-135.12843322753906,-0.9970254302024841,-0.02332570031285286,0.07345908880233765,2.805487871170044,-0.009440312162041664,0.9828864932060242,0.18397022783756256,55.079891204833984
-0.07539975643157959,0.18410930037498474,-0.9800094962120056,-134.99606323242188,-0.9971067309379578,-0.023428600281476974,0.07231377065181732,2.704444169998169,-0.009646613150835037,0.9826264977455139,0.18534313142299652,55.07313919067383
-0.07430660724639893,0.18548883497714996,-0.9798328280448914,-134.86358642578125,-0.9971867799758911,-0.0235299002379179,0.07116828858852386,2.6035494804382324,-0.009854446165263653,0.9823645949363708,0.18671543896198273,55.0661735534668
-0.0732135996222496,0.1868681013584137,-0.9796530604362488,-134.7310028076172,-0.9972655177116394,-0.023629574105143547,0.07002253085374832,2.5028042793273926,-0.010063807480037212,0.982100784778595,0.1880871206521988,55.05899429321289
-0.07212086021900177,0.18824711441993713,-0.9794700741767883,-134.59832763671875,-0.9973430037498474,-0.023727649822831154,0.06887660920619965,2.4022083282470703,-0.010274700820446014,0.9818350076675415,0.1894581913948059,55.05160140991211
-0.07102827727794647,0.18962596356868744,-0.9792839288711548,-134.46554565429688,-0.9974191784858704,-0.023824108764529228,0.06773040443658829,2.301762104034424,-0.010487123392522335,0.9815673232078552,0.19082875549793243,55.04399490356445
-0.06993596255779266,0.19100452959537506,-0.9790946245193481,-134.33267211914062,-0.997494101524353,-0.023918963968753815,0.06658405065536499,2.201465606689453,-0.0107010742649436,0.9812976717948914,0.19219869375228882,55.036170959472656
-0.06884380429983139,0.1923828423023224,-0.9789021015167236,-134.19969177246094,-0.9975677132606506,-0.024012194946408272,0.06543741375207901,2.1013190746307373,-0.010916552506387234,0.9810261130332947,0.19356800615787506,55.028133392333984
-0.0677519217133522,0.19376087188720703,-0.9787064790725708,-134.0666046142578,-0.997640073299408,-0.024103820323944092,0.06429063528776169,2.0013227462768555,-0.011133557185530663,0.9807526469230652,0.19493667781352997,55.01988220214844
-0.06666020303964615,0.1951386034488678,-0.9785076975822449,-133.9334259033203,-0.997711181640625,-0.024193819612264633,0.06314357370138168,1.9014768600463867,-0.011352088302373886,0.9804772138595581,0.19630473852157593,55.011417388916016
-0.06556875258684158,0.19651606678962708,-0.9783057570457458,-133.80014038085938,-0.997780978679657,-0.024282213300466537,0.06199637055397034,1.8017815351486206,-0.011572145856916904,0.9801998734474182,0.19767214357852936,55.00273895263672
-0.06447746604681015,0.19789324700832367,-0.9781006574630737,-133.66676330566406,-0.9978494644165039,-0.024368979036808014,0.0608488991856575,1.7022368907928467,-0.011793727986514568,0.9799206256866455,0.19903892278671265,54.99384307861328
-0.0633864626288414,0.19927024841308594,-0.9778923988342285,-133.53329467773438,-0.9979166984558105,-0.0244541447609663,0.05970127880573273,1.6028430461883545,-0.012016833759844303,0.9796394109725952,0.20040516555309296,54.98473358154297
-0.062295738607645035,0.20064683258533478,-0.9776809811592102,-133.39971923828125,-0.9979826807975769,-0.024537701159715652,0.05855351313948631,1.5036003589630127,-0.012241465970873833,0.9793562889099121,0.20177066326141357,54.97541046142578
-0.0612051822245121,0.20202313363552094,-0.9774664044380188,-133.26605224609375,-0.9980473518371582,-0.02461962401866913,0.057405486702919006,1.4045088291168213,-0.012467618100345135,0.9790712594985962,0.20313550531864166,54.96586990356445
-0.06011491268873215,0.20339913666248322,-0.9772486686706543,-133.1322784423828,-0.9981107115745544,-0.024699939414858818,0.05625731870532036,1.3055686950683594,-0.012695293873548508,0.9787843227386475,0.20449969172477722,54.95611572265625
-0.05902480706572533,0.20477482676506042,-0.9770278334617615,-132.9984130859375,-0.9981728196144104,-0.02477862685918808,0.055108893662691116,1.206780195236206,-0.012924494221806526,0.9784954190254211,0.20586323738098145,54.946144104003906
-0.057934995740652084,0.2061503380537033,-0.9768037796020508,-132.8644561767578,-0.9982336759567261,-0.024855714291334152,0.05396032705903053,1.1081434488296509,-0.013155215419828892,0.978204607963562,0.2072262316942215,54.93595886230469
-0.056845471262931824,0.20752543210983276,-0.976576566696167,-132.73040771484375,-0.9982932209968567,-0.024931183084845543,0.052811622619628906,1.0096585750579834,-0.01338745467364788,0.9779118895530701,0.20858845114707947,54.925559997558594
-0.05575623735785484,0.20890019834041595,-0.9763461947441101,-132.59625244140625,-0.998351514339447,-0.025005042552947998,0.051662784069776535,0.9113258123397827,-0.013621213845908642,0.9776172041893005,0.2099500149488449,54.91494369506836
-0.05466718226671219,0.21027465164661407,-0.9761127233505249,-132.46200561523438,-0.9984084963798523,-0.025077268481254578,0.05051369592547417,0.8131453394889832,-0.013856490142643452,0.977320671081543,0.21131090819835663,54.90411376953125
-0.053578417748212814,0.21164868772029877,-0.9758760929107666,-132.32766723632812,-0.9984641671180725,-0.025147875770926476,0.04936448112130165,0.7151172757148743,-0.01409328356385231,0.9770222306251526,0.21267101168632507,54.89306640625
-0.05248995125293732,0.21302251517772675,-0.9756363034248352,-132.1932373046875,-0.9985185861587524,-0.025216879323124886,0.04821512848138809,0.6172418594360352,-0.014331595040857792,0.9767218232154846,0.21403057873249054,54.88180160522461
-0.051401782780885696,0.2143958956003189,-0.9753934144973755,-132.0587158203125,-0.9985717535018921,-0.025284264236688614,0.047065652906894684,0.5195192098617554,-0.014571420848369598,0.9764195084571838,0.21538934111595154,54.870323181152344
-0.0503137968480587,0.2157689481973648,-0.9751473069190979,-131.92410278320312,-0.9986236095428467,-0.02535000815987587,0.045915935188531876,0.42194950580596924,-0.01481275912374258,0.976115345954895,0.2167474329471588,54.85862731933594
-0.04922610893845558,0.21714168787002563,-0.974898099899292,-131.78939819335938,-0.9986741542816162,-0.02541414275765419,0.04476609081029892,0.3245329260826111,-0.015055614523589611,0.9758092164993286,0.21810483932495117,54.846717834472656
-0.04813872650265694,0.218514084815979,-0.974645733833313,-131.65460205078125,-0.9987234473228455,-0.025476664304733276,0.043616123497486115,0.22726961970329285,-0.015299985185265541,0.9755011796951294,0.2194615602493286,54.834590911865234
-0.047051649540662766,0.21988603472709656,-0.9743902087211609,-131.51971435546875,-0.9987714886665344,-0.02553756721317768,0.04246603697538376,0.13015978038311005,-0.015545868314802647,0.9751912355422974,0.22081749141216278,54.82224655151367
-0.04596487432718277,0.22125764191150665,-0.9741315245628357,-131.38473510742188,-0.9988182187080383,-0.025596855208277702,0.04131583124399185,0.03320355713367462,-0.01579326018691063,0.9748793840408325,0.22217272222042084,54.809688568115234
-0.044878289103507996,0.22262904047966003,-0.9738697409629822,-131.24966430664062,-0.9988636374473572,-0.0256545040756464,0.040165387094020844,-0.0635988712310791,-0.016042163595557213,0.9745656251907349,0.22352737188339233,54.796913146972656
-0.043792013078927994,0.2239999622106552,-0.9736047983169556,-131.114501953125,-0.9989078044891357,-0.025710534304380417,0.03901483118534088,-0.160247340798378,-0.016292579472064972,0.9742499589920044,0.22488123178482056,54.78392028808594
