1.0000000427732696,-7.86092278167999e-09,-4.647366255716712e-09,0.0,-7.86092278167999e-09,0.9999999684457445,4.840440920754133e-10,0.0,-4.647366255716712e-09,4.840440920754133e-10,0.9999999746197467,0.0
0.9999984235283539,0.0011156415878260922,-0.0014078041984809941,0.13841622003735665,-0.001115662012701221,0.9999993512433056,4.839123106348437e-07,0.0906812393492693,0.0014077974724685804,1.08777455646962e-06,0.9999989999317318,-0.019908073490796596
0.9999935914486988,0.002231347985194858,-0.002815610916656122,0.27695425460797196,-0.002231356848204734,0.9999974843661636,2.5426181149890193e-06,0.18120834281700837,0.0028156071836689667,3.7393125031856544e-06,0.9999960486992762,-0.039621570465598666
0.999985503821758,0.003346964550999122,-0.004223432324799561,0.41562926466247063,-0.0033469659353859414,0.9999943888580165,6.166459575643515e-06,0.27158009964509944,0.004223421378988776,7.969839064848883e-06,0.9999910617766913,-0.059142046491786004
0.9999742005062346,0.004462608638174735,-0.005631240010678024,0.5544264786076951,-0.004462630458113884,0.9999900478839057,1.136439619764472e-05,0.36179772059194804,0.005631235968793946,1.3766867250263048e-05,0.9999841560839129,-0.07846415122718753
0.9999597130824152,0.005578183791849961,-0.0070391673341977795,0.6933605340604743,-0.005578202898169695,0.9999844150627657,1.812652525455636e-05,0.45185905078260014,0.007039152568564369,2.1139971853295636e-05,0.9999752254690102,-0.0975932212674735
0.9999419579438908,0.006693654331498225,-0.008446968835907884,0.8324164040465405,-0.006693689589912214,0.9999775557149901,2.645144644290397e-05,0.5417662450917202,0.00844695506574221,3.009252125175943e-05,0.9999643046645361,-0.11652771479174362
0.9999209876892361,0.0078091899908313694,-0.00985476977477992,0.9715944779233041,-0.007809216965381495,0.9999695056997957,3.6353358950624096e-05,0.6315193035195961,0.009854742919277099,4.060648577076942e-05,0.999951406522506,-0.13526383702522082
0.9998967457127119,0.008924729974710305,-0.011262541531590065,1.1108942323570261,-0.008924761855277285,0.9999601533157231,4.7832794182813146e-05,0.7211172819493914,0.01126252193711759,5.26878691635424e-05,0.9999365880240518,-0.15380536899618136
0.9998693494125552,0.010040297283903543,-0.012670311341045654,1.250331083679498,-0.010040341094557896,0.9999495554656866,6.0889090533792356e-05,0.8105580255067277,0.012670280073787954,6.633384335902326e-05,0.999919732128419,-0.1721500577507129
0.9998386831163026,0.01115578915336593,-0.014077940261403327,1.3898900049163387,-0.011155834585526906,0.9999377268802749,7.550884061287387e-05,0.8998436890662695,0.014077901872857235,8.155454282279817e-05,0.9999008844972574,-0.1902963614679436
0.9998048197838711,0.012271176174127013,-0.015485548045951897,1.5295706067101946,-0.01227123599383336,0.9999246717682276,9.169228357963872e-05,0.9889742726277309,0.015485499683510262,9.835239988711941e-05,0.9998800574176807,-0.20824807492265052
0.9997676818757271,0.013386605082100683,-0.016893126255929924,1.669373211430269,-0.013386669668387982,0.9999103690858467,0.00010945601523732838,1.0779493041331225,0.016893081461588702,0.00011671224189999108,0.999857309941407,-0.22600139646678485
0.9997273604317389,0.014501929093844068,-0.0183008149891343,1.8092977520884688,-0.014501996508450502,0.99989483987683,0.00012878552291090722,1.1667683115241694,0.018300750211504083,0.0001366487782840653,0.9998324766902712,-0.2435563192270962
0.9996838413008533,0.015617374584784127,-0.019708219911728997,1.9493588663017078,-0.015617475712486343,0.9998779914639766,0.0001497030086640465,1.2554291399259192,0.019708140390131315,0.0001581383140157877,0.9998057568744813,-0.2609181797992548
0.9996370234358979,0.016732635385511646,-0.02111559641580668,2.089541916453072,-0.016732735360243077,0.9998599881579905,0.00017217286304238713,1.343933944213326,0.021115517014898194,0.00018121156099490388,0.9997769969454792,-0.2780816415875904
0.9995870502988347,0.017847900136494232,-0.022522936007924016,2.229846902542505,-0.01784801460556579,0.9998406824831259,0.0001962219539267578,1.432282724386388,0.02252284289702762,0.00020584857891670083,0.9997463158669379,-0.2950467045920959
0.9995337612064282,0.01896305980113061,-0.023930237750755062,2.3702737575819413,-0.018963184933268762,0.9998201502816253,0.000221837113072533,1.520475008386832,0.02393014201287752,0.00023206043829232526,0.9997135937075526,-0.3118133619395209
0.9994773203748409,0.020078128947260188,-0.02533737758432661,2.510822025225764,-0.020078264219888484,0.9997983894491189,0.0002490154655587645,1.608510324156093,0.02533727018845816,0.00025984459117128766,0.9996789375734615,-0.32838540153139206
0.9994176179936383,0.021193194611197064,-0.02674461164162839,2.6514920948314398,-0.02119335364501741,0.9997753272999189,0.00027777882563450636,1.696388671694459,0.02674447836098373,0.0002891923413764763,0.9996422539096869,-0.34475902859291807
0.9993547051741363,0.022308178130145018,-0.028151660262148548,2.7922839663989123,-0.02230834361158393,0.9997510955269975,0.0003081030142842564,1.7841100510019317,0.028151521615977892,0.0003201115259277576,0.9996035739396326,-0.36093424312410605
0.9992885814420973,0.02342304060231193,-0.029558546450064338,2.933197572940088,-0.023423226743678627,0.9997255792723406,0.00033999408422973716,1.8716739900202342,0.02955838502270698,0.0003526047319782899,0.9995629599411752,-0.37691103825169137
0.9992192594391781,0.024537797714840992,-0.030965381367594497,3.0742178874806143,-0.02453801041720191,0.9996988364910476,0.00037345017025623397,1.959082643624031,0.030965202098616668,0.000386670115913923,0.9995203634023876,-0.39268787215478085
0.9991466642916765,0.025652551202590412,-0.03237214772323507,3.2153598700066937,-0.025652789477423433,0.9996707923930608,0.00040848760777032974,2.046333384880384,0.032371965546630965,0.00042229770748775097,0.999475782549099,-0.40826627978101726
0.999070858231638,0.02676721504160967,-0.03377875799165325,3.3566235205182693,-0.02676746170317313,0.9996415797235373,0.00044509008259801283,2.133426213789294,0.033778549146380205,0.0004594958649472014,0.9994292084008998,-0.4236462611304006
0.9989917947273631,0.027881750306342157,-0.03518530179156132,3.4980088390154265,-0.02788201867696283,0.9996110836244632,0.0004832591570921969,2.220361130350758,0.035185077507314255,0.0004982669438307608,0.9993806501529887,-0.43882781620291667
0.9989095790096697,0.02899617997379189,-0.03659165354763336,3.6395157585099582,-0.02899647723375987,0.9995793609987527,0.0005229927481201699,2.307137662506502,0.036591419997245356,0.000538607884452702,0.9993301548384569,-0.45381093812532214
0.9988240896731563,0.03011060679118066,-0.03799793648014338,3.7811292520275686,-0.03011092380134572,0.9995463971158175,0.000564309534613379,2.39375796513119,0.03799769392854743,0.0005805083786364351,0.9992776751825752,-0.46859408507671674
0.9987353889498682,0.0312249196377688,-0.03940403979790888,3.922864668911842,-0.031225256158550325,0.9995121476989616,0.0006071889936537275,2.4802194112921736,0.039403773080850774,0.0006239795937157955,0.9992231399002093,-0.48317499722995905
0.9986434879605349,0.032339113200893665,-0.040810070040109864,4.064721619805368,-0.03233948168127522,0.9994767339193086,0.0006516387403203576,2.5665220009891616,0.04080977614826206,0.0006690216066736476,0.9991666797577903,-0.49755746935981904
0.998548318978688,0.03345319260310198,-0.04221589330202277,4.206685077733823,-0.033453569824318616,0.9994400346057347,0.0006976527431286244,2.6526678890968185,0.04221559024462315,0.000715632487609752,0.9991082810162173,-0.5117399596454248
0.9984499497307958,0.034567135808459826,-0.04362165591746267,4.348770002683409,-0.0345675511328823,0.9994020529147948,0.0007452351895765231,2.7386544486822064,0.04362132825609219,0.0007638142634361356,0.9990478388547279,-0.5257240030343837
0.9983483696685811,0.035680966901392774,-0.04502719687783488,4.49097678401148,-0.03568140347924476,0.9993629058088725,0.000794379787796269,2.8244816797456114,0.045026856450434194,0.0008135644629960748,0.9989854565884,-0.5395058047519399
0.9982435316878924,0.03679467642472589,-0.04643267666838921,4.633289938398207,-0.036795133197737806,0.9993224742212145,0.0008450965176109214,2.9101512651031367,0.04643231447522733,0.0008648835885324835,0.9989210308484583,-0.5530876108787055
0.9981355400710722,0.037908242223702815,-0.04783793454220342,4.775724492817915,-0.03790874237150992,0.9992807613083751,0.0008973772431750582,2.995661049880118,0.04783754183681657,0.0009177725088840294,0.9988546649768294,-0.566470963235588
0.9980242915824677,0.039021695720138916,-0.0492431046656735,4.918265742665511,-0.03902222154150206,0.9992378829805532,0.0009512261519956871,3.0810127168932304,0.04924269892146228,0.0009722280000517558,0.998786372739463,-0.5796505183536453
0.9979098307586134,0.040135020071940475,-0.050648079452929706,5.0609283255579385,-0.04013557174929412,0.9991937212231802,0.0010066430049042146,3.1662041112675237,0.05064763136564196,0.0010282508538914659,0.9987160232625333,-0.5926316128285549
0.9977921115420474,0.041248208835258815,-0.052052936355265256,5.203697214520844,-0.04124879195330733,0.99914833714791,0.0010636293642625671,3.2512373878776604,0.05205247870953912,0.001085840327242349,0.998643744327951,-0.6054127048394236
0.9976712397360397,0.04236126121161077,-0.053457592361022266,5.3465877588978685,-0.04236188423668906,0.9991016706952736,0.00112217997975805,3.3361099197909905,0.05345709528283772,0.0011449988425661362,0.9985694675008587,-0.6179915345590956
0.9975471090630826,0.04347418543192727,-0.054862136565568154,5.48958454235725,-0.04347483914038253,0.9990537808725551,0.0011823001016988514,3.420823861881889,0.05486161182512014,0.001205724151017551,0.9984932019227579,-0.6303703549414763
0.9974197073557572,0.04458697387364463,-0.056266458591701485,5.632687954256397,-0.04458765666439675,0.9990046687319395,0.0012439860633667746,3.5053792141506452,0.05626590974967441,0.0012680142260627636,0.9984149961861214,-0.6425453712117744
0.9972891652264092,0.04569963396921062,-0.05767066855495126,5.7759125652240755,-0.04570034626777047,0.9989543332212416,0.0013072433754576535,3.589773349664032,0.057670095490342105,0.0013318692413182287,0.9983348016716276,-0.6545219130924096
0.9971553515884551,0.04681214262279876,-0.05907464748704597,5.91924373764337,-0.04681289111555552,0.9989027174375471,0.0013720662668789956,3.674008423297,0.05907404768254795,0.0013972910983963138,0.998252606172709,-0.6662946439876976
0.9970183853610594,0.047924515497787756,-0.06047840371738325,6.06268140452616,-0.04792530804270909,0.9988498793359553,0.0014384586859827338,3.7580839629912752,0.060477769104155255,0.0014642777220681968,0.9981684704615572,-0.6778635570243949
0.9968781486717473,0.04903674407807279,-0.061881914503458285,6.206225176515005,-0.049037572838363436,0.9987957599091817,0.0015064127360695082,3.8419999687465687,0.06188125686990607,0.0015328285818030918,0.9980823322871447,-0.6892324469772717
0.9967347123870565,0.050148837868357776,-0.0632853127033049,6.34989040295352,-0.050149693919988705,0.99874047822398,0.0015759418245345131,3.925753813630232,0.06328462354377454,0.0016029436385874285,0.9979942052811778,-0.7003990540191865
0.9965880632928781,0.051260778800304996,-0.06468845885183486,6.493662056867379,-0.051261678663504465,0.9986838562063121,0.0016470362319423349,4.009347652516926,0.0646877506464433,0.0016746219376746474,0.9979041350516087,-0.711361836329246
0.9964381700836211,0.05237246740142831,-0.06609149503086073,6.637539748899144,-0.052373400636854875,0.9986260887651743,0.0017196872379520148,4.092781485406363,0.06609074624570875,0.0017478750895990047,0.9978120762589718,-0.7221245886822345
0.9962851248573745,0.05348399670036519,-0.06749428524227949,6.781523834912207,-0.053484979937753835,0.9985670421032243,0.0017939035629000054,4.176055076269696,0.06749349603624732,0.0018226907406654336,0.9977180149493768,-0.7326835128667426
0.996128808694974,0.05459537408203441,-0.06889680820425712,6.925614281412436,-0.05459639973124415,0.9985067151682773,0.0018696867903762978,4.259168189077785,0.06889599724019575,0.0018990686012610447,0.9976220088567981,-0.7430386054461309
0.995969280295538,0.055706616436058676,-0.07029907885324566,7.069811054905813,-0.05570766843480498,0.9984452259749019,0.0019470371807730447,4.342120587801492,0.07029824383481617,0.0019770083427593788,0.9975240595137687,-0.7531898629837741
0.9958065507797959,0.05681769953542548,-0.07170122806326326,7.214113732540795,-0.056818793424337856,0.9983824575607144,0.0020259623491513633,4.424912036411396,0.07170035451421525,0.002056511046629128,0.9974240605132955,-0.7631410768178313
0.9956406364205457,0.05792850560166607,-0.07310323160883558,7.3585226701807755,-0.05792964930936458,0.9983184267606727,0.0021064417513741046,4.507542298878642,0.07310231262934481,0.0021375850525112705,0.9973221292048929,-0.7728884487368788
0.995471497656841,0.05903916059665115,-0.07450484867502283,7.503037867825753,-0.05904035410447083,0.9982531757471031,0.0021884841290102917,4.5900113752032325,0.07450389754843437,0.0022202193086902078,0.99721824088009,-0.7824319787409308
0.9952990885294344,0.06014965708793296,-0.07590620457547848,7.6476592919816255,-0.06015088464034847,0.9981867055721904,0.002272093409170275,4.672319029356029,0.07590521884280547,0.0023044136415494854,0.9971123484789475,-0.7917716633933551
0.9951235400435294,0.061259876546088554,-0.07730729584321733,7.792386909154345,-0.061261161865118666,0.9981189730114235,0.002357251152082188,4.754465025307896,0.07730626307085187,0.002390179276421156,0.9970045115633076,-0.8009074992575194
0.9949447333613417,0.062369937595598834,-0.07870822997704405,7.937220719343884,-0.06237126483065124,0.9980500212893135,0.002443981308218237,4.836449363058833,0.0787071622608918,0.0024775059144318545,0.9968946812453625,-0.8098394863334235
0.9947627726669993,0.06347983882010388,-0.08010888140163272,8.082160689056195,-0.06348121774782406,0.9979797903463908,0.00253228179444571,4.9182718065797,0.08010778588813222,0.002566389956061843,0.9967829045582032,-0.8185676211844424
0.9945775557883737,0.06458945652010506,-0.08150927427721413,8.227206751303129,-0.06459088576711115,0.9979083581292681,0.0026221307434206066,4.99993188381222,0.08150812945639532,0.0026568440933140702,0.9966691240631906,-0.8270918969373042
0.9943891282918544,0.06569891533617112,-0.08290936976877789,8.372343912604435,-0.06570038056873825,0.997835706750802,0.0027135479181171376,5.081431985660203,0.08290820326980747,0.0027488546014118875,0.9965533956932794,-0.8354107752077624
0.9941974850422073,0.0668081994623364,-0.08430918863481313,8.51758713294629,-0.06680971690452868,0.997761778255893,0.0028065354229005867,5.162769485190704,0.08430797789647994,0.0028424221658960858,0.9964356616607978,-0.8435257909434455
0.9940026468750125,0.06791719996893986,-0.08570872793167952,8.66293641232869,-0.06791876938400088,0.9976866484867836,0.0029010711300438132,5.2439443824037255,0.0857074811573816,0.002937558899543835,0.9963159815812859,-0.8514369441443534
0.9938046537471877,0.06902603283785846,-0.08710796932118339,8.808391683763489,-0.06902765706329447,0.9976102405490462,0.002997178750863949,5.324956205240987,0.08710667899401642,0.0030342491573596697,0.9961943535731779,-0.8591442279372359
0.9936034054817695,0.07013458208721524,-0.08850693748690039,8.953937953770463,-0.07013625246879181,0.9975326313371087,0.0030948327300617177,5.405807344606295,0.08850559666427928,0.0031325085843390554,0.9960707202515322,-0.8666461039378106
0.9933989546773322,0.07124294911916551,-0.08990571177707432,9.09959018233576,-0.07124468203253291,0.9974537460609129,0.0031940641336367366,5.486495173566713,0.08990433362711983,0.00323232396762968,0.9959451496753251,-0.8739441070937204
0.9931913080068719,0.0723510321513221,-0.09130418270888485,9.245333731842493,-0.07235281298813694,0.9973736595105166,0.003294843218782722,5.567021846997186,0.09130276936272225,0.0033337048142491055,0.9958175706936654,-0.8810329008093021
0.9929803879308551,0.07345893277595628,-0.0927023706697849,9.391183206413473,-0.0734607696845146,0.997292296895862,0.003397194477997769,5.647384973993628,0.09270091182692822,0.0034366397642623947,0.9956880453159427,-0.8879178182435794
0.9927663302136961,0.07456654187329104,-0.09410024892693958,9.537138572554682,-0.07456842881432492,0.9972097340591916,0.0035010952627659254,5.727584318526901,0.09409873211042452,0.0035411390775293428,0.9955565707992748,-0.8945988559599414
0.9925490593110263,0.07567396950417349,-0.09549780601088204,9.683184769797663,-0.0756759221023869,0.9971259552177321,0.003606563752466906,5.807621799442533,0.09549626792312552,0.0036471914614164547,0.9954230860492859,-0.9010744687008696
0.9923285905471686,0.07678110457162846,-0.09689506806585874,9.829336808369703,-0.0767831094064035,0.9970409160947875,0.003713583872090786,5.8874951438512895,0.09689347275451574,0.0037548083148722378,0.9952876536660361,-0.9073461965689233
0.9921049091702522,0.07788804960899731,-0.09829201727702086,9.975580033906908,-0.07789011611685179,0.9969546019597693,0.003822175644999423,5.967206388613555,0.09829037807698232,0.003863977245188055,0.9951502718216573,-0.9134087012501269
0.9918780410528771,0.07899469549650306,-0.09968876637662175,10.121914040304802,-0.07899682421915624,0.99686708865492,0.003932326142112278,6.046755415714472,0.09968707111224477,0.003974708512223701,0.9950108921653144,-0.9192657758009446
0.9916479654254049,0.0801010461880145,-0.10108507317611587,10.268353804296623,-0.08010323002537734,0.9967783756541475,0.004044010913405413,6.12613971623567,0.10108334427985977,0.004087004518934123,0.9948695497651687,-0.9249189568873248
0.991414675189709,0.08120720270545512,-0.10248106634677812,10.414884688265403,-0.08120944786212184,0.9966883881673935,0.0041572728699162155,6.205361445052102,0.10247928818447848,0.004200848346632258,0.9947262578233478,-0.9303629079135902
0.9911781870928251,0.08231304803081985,-0.10387673487724294,10.561521296334035,-0.08231535971482097,0.9965971430296163,0.004272084091587976,6.284418211259673,0.1038749011077864,0.004316255746628583,0.9945810152100486,-0.9356029620387858
0.9909385451311084,0.08341871169961634,-0.1052720672980435,10.708248957391504,-0.08342108832756624,0.9965046818870499,0.004388462757800408,6.363311933704207,0.10527019351500184,0.004433214364327698,0.9944337608308952,-0.9406337792306232
0.9906956572555767,0.08452406492729114,-0.10666719352357329,10.855067265333389,-0.0845265025387791,0.9964110231529296,0.004506400148221564,6.442042494370842,0.10666526472701737,0.004551733668633928,0.9942845679331338,-0.9454591525455456
0.9904495598747829,0.08562910639254229,-0.10806187614063414,11.001976203412653,-0.08563160707800031,0.9963161067677859,0.004625881032711186,6.520609775245006,0.10805988631731278,0.0046718109864862245,0.9941334121573264,-0.9500790802652546
0.9902002656794908,0.08673384099030867,-0.10945621058997546,11.148991154466927,-0.08673639825726559,0.9962199922649957,0.004746908817595317,6.599011385423193,0.10945417681890275,0.004793447688065833,0.993980243378467,-0.9544913059992339
0.9899478156242008,0.08783837012274565,-0.11085019597721613,11.296096677043948,-0.08784099882066873,0.9961226048545012,0.004869509578962044,6.677249302757918,0.11084811705032759,0.004916630560520441,0.9938251813399194,-0.9586980801238951
0.9896921561127558,0.0889425837290061,-0.11224373775598787,11.44329314375409,-0.08894527864821554,0.9960239603190756,0.004993653834397236,6.755323409234908,0.11224159267560133,0.0050413708964835435,0.9936681564233257,-0.9626956061461343
0.9894333114308868,0.09004648294027606,-0.11363704955029427,11.590580521103277,-0.09004924880375266,0.9959241187181883,0.005119356293252342,6.833233468825021,0.11363485585257896,0.005167669516098816,0.9935091306297019,-0.9664838806293332
0.9891713149943987,0.0911500673763237,-0.11502988838657252,11.73795840298709,-0.09115290295295847,0.9958230800518392,0.005246598037436334,6.910979363513398,0.1150276335236313,0.005295522713531509,0.993348138946663,-0.9700666966299565
0.9889060463463655,0.0922534422030572,-0.11642236243928078,11.885427153642325,-0.09225634227543326,0.9957207690038774,0.005375418029643681,6.98856091627848,0.11642007286259956,0.0054249178259668795,0.9931852523908569,-0.9734402567957474
0.9886376375877873,0.09335649416622438,-0.11781450299904911,12.032986358591074,-0.093359469279523,0.9956172018831698,0.005505787026615327,7.0659779500981195,0.11781214533605186,0.005555871154752978,0.9930203543376832,-0.9766083533240248
0.9883660305428908,0.09445922411183738,-0.11920627410926388,12.180636386256907,-0.09446227185979322,0.995512438749185,0.005637704507571474,7.1432303174544,0.11920385691302876,0.005688380740657417,0.9928535010154318,-0.9795671892920979
0.9880912150885292,0.09556163175472232,-0.12059757226145049,12.328377209425923,-0.09556474632829656,0.9954064796019231,0.005771161273856506,7.220317826573641,0.12059510377645988,0.005822443804304134,0.9926846818037653,-0.9823167619077182
0.9878132003502665,0.09666371200982438,-0.1219885007024111,12.47620841780693,-0.09666689268502625,0.9952992649080068,0.005906168368103677,7.297240329937349,0.12198597486637927,0.005958057122594507,0.9925139072961725,-0.9848608637977776
0.9875320404476048,0.09776557522316454,-0.1233791881034206,12.624130375636753,-0.09776883736202123,0.995190778884663,0.006042768701350375,7.373997650523954,0.12337658446507552,0.006095212182271104,0.9923411906947808,-0.9871956976100051
0.9872476731821676,0.09886711246508173,-0.12476937319684273,12.772143059888208,-0.09887044655133875,0.9950810973741345,0.0061809041111863805,7.450589626063426,0.12476672924283137,0.006233921096111095,0.9921665051926051,-0.9893212609817397
