-0.14122186601161957,0.10104477405548096,-0.9848077893257141,-142.74038696289062,-0.9899779558181763,-0.014414266683161259,0.14048431813716888,9.024218559265137,-7.560165471431901e-08,0.9947774410247803,0.10206770896911621,55.103389739990234
-0.1420767903327942,0.09887389093637466,-0.9849051237106323,-142.6090850830078,-0.9898545145988464,-0.012706037610769272,0.14151521027088165,8.934466361999512,0.0014779182383790612,0.9950188398361206,0.09967600554227829,55.153194427490234
-0.14293484389781952,0.09670394659042358,-0.9849964380264282,-142.47796630859375,-0.9897276759147644,-0.010995508171617985,0.14254190027713776,8.844691276550293,0.002953827613964677,0.9952524304389954,0.09728221595287323,55.20344543457031
-0.14379599690437317,0.09453495591878891,-0.985081672668457,-142.34703063964844,-0.9895974397659302,-0.009282692335546017,0.1435643583536148,8.754894256591797,0.004427640233188868,0.9954782724380493,0.09488636255264282,55.25414276123047
-0.14466014504432678,0.09236683696508408,-0.9851608276367188,-142.21627807617188,-0.9894638061523438,-0.007567581254988909,0.14458248019218445,8.66507625579834,0.005899341776967049,0.9956963062286377,0.0924883708357811,55.3052864074707
-0.14552739262580872,0.09019984304904938,-0.9852338433265686,-142.08572387695312,-0.9893267750740051,-0.005850234068930149,0.14559635519981384,8.575238227844238,0.007368920836597681,0.9959065318107605,0.09008849412202835,55.35687255859375
-0.14639773964881897,0.0880337804555893,-0.9853008389472961,-141.95535278320312,-0.9891863465309143,-0.00413063308224082,0.14660599827766418,8.485381126403809,0.00883636437356472,0.9961089491844177,0.08768652379512787,55.408905029296875
-0.147271066904068,0.08586877584457397,-0.9853617548942566,-141.82518005371094,-0.9890425205230713,-0.0024088032077997923,0.14761127531528473,8.395505905151367,0.010301657021045685,0.9963035583496094,0.08528262376785278,55.46138381958008
-0.1481475830078125,0.08370499312877655,-0.9854165315628052,-141.6951904296875,-0.9888952970504761,-0.000684799044393003,0.14861240983009338,8.30561351776123,0.011764788068830967,0.9964903593063354,0.08287692070007324,55.514305114746094
-0.14902716875076294,0.08154232800006866,-0.9854652285575867,-141.56539916992188,-0.9887446761131287,0.0010413947748020291,0.1496092677116394,8.215704917907715,0.013225746341049671,0.996669352054596,0.08046934008598328,55.56767272949219
-0.14990971982479095,0.0793805718421936,-0.9855079054832458,-141.43580627441406,-0.988590657711029,0.002769802464172244,0.15060174465179443,8.125781059265137,0.014684515073895454,0.9968405365943909,0.07805967330932617,55.621482849121094
-0.1507953256368637,0.07722011208534241,-0.9855444431304932,-141.306396484375,-0.9884332418441772,0.004500344395637512,0.15158994495868683,8.035842895507812,0.01614108309149742,0.9970039129257202,0.07564829289913177,55.67573547363281
-0.1516839861869812,0.07506062090396881,-0.9855749011039734,-141.17718505859375,-0.9882724285125732,0.006233061198145151,0.1525738537311554,7.945891857147217,0.017595436424016953,0.997159481048584,0.07323488593101501,55.730430603027344
-0.15257570147514343,0.07290248572826385,-0.9855992794036865,-141.0481719970703,-0.988108217716217,0.007967882789671421,0.15355347096920013,7.855928421020508,0.0190475694835186,0.9973072409629822,0.07081983238458633,55.78556823730469
-0.15347033739089966,0.07074536383152008,-0.9856175184249878,-140.9193572998047,-0.9879406690597534,0.00970485806465149,0.1545286625623703,7.76595401763916,0.020497463643550873,0.9974471926689148,0.06840281188488007,55.841148376464844
-0.15436801314353943,0.06858952343463898,-0.9856297373771667,-140.79074096679688,-0.9877696633338928,0.011443917639553547,0.15549954771995544,7.675969123840332,0.021945105865597725,0.9975793361663818,0.0659840777516365,55.89717102050781
-0.1552686095237732,0.06643500179052353,-0.9856358766555786,-140.66232299804688,-0.9875953197479248,0.013185061514377594,0.15646599233150482,7.585975170135498,0.02339048869907856,0.9977036118507385,0.06356366723775864,55.953636169433594
-0.15617221593856812,0.06428169459104538,-0.9856358766555786,-140.5341033935547,-0.9874175786972046,0.014928282238543034,0.15742813050746918,7.495972633361816,0.024833597242832184,0.9978201389312744,0.061141494661569595,56.01054000854492
-0.15707872807979584,0.062129631638526917,-0.9856298565864563,-140.4060821533203,-0.987236499786377,0.01667356677353382,0.15838581323623657,7.4059624671936035,0.026274416595697403,0.9979287981987,0.058717578649520874,56.06788635253906
-0.15798825025558472,0.059978846460580826,-0.9856176972389221,-140.2782745361328,-0.9870520234107971,0.01842089183628559,0.15933914482593536,7.315946102142334,0.027712935581803322,0.9980296492576599,0.05629195645451546,56.12567138671875
-0.1589006632566452,0.0578293576836586,-0.9855994582176208,-140.15066528320312,-0.9868642091751099,0.02017025090754032,0.1602880358695984,7.225924491882324,0.029149143025279045,0.9981226921081543,0.053864654153585434,56.183895111083984
-0.159816175699234,0.055681198835372925,-0.9855751395225525,-140.02325439453125,-0.9866729378700256,0.021921612322330475,0.16123268008232117,7.135898113250732,0.03058302402496338,0.9982079267501831,0.05143570527434349,56.242557525634766
-0.16073457896709442,0.05353439226746559,-0.985544741153717,-139.89605712890625,-0.986478328704834,0.023674963042140007,0.1621728390455246,7.045868396759033,0.03201455995440483,0.9982852935791016,0.04900513216853142,56.301658630371094
-0.1616559475660324,0.05138896405696869,-0.9855082631111145,-139.76905822753906,-0.9862803220748901,0.025430288165807724,0.16310864686965942,6.955835819244385,0.033443745225667953,0.9983549118041992,0.0465729646384716,56.36119842529297
-0.16258031129837036,0.04924482852220535,-0.9854656457901001,-139.64227294921875,-0.9860789179801941,0.02718760445713997,0.16404007375240326,6.865801811218262,0.03487057611346245,0.9984166622161865,0.04413911700248718,56.42117691040039
-0.16350750625133514,0.047102004289627075,-0.9854170083999634,-139.5157012939453,-0.9858742356300354,0.028946883976459503,0.16496701538562775,6.7757673263549805,0.036295030266046524,0.9984705448150635,0.041703615337610245,56.481590270996094
-0.16443756222724915,0.044960636645555496,-0.9853622913360596,-139.3893280029297,-0.9856660962104797,0.03070809505879879,0.1658894419670105,6.685732841491699,0.03771709278225899,0.9985166788101196,0.03926661238074303,56.542442321777344
-0.16537056863307953,0.04282063618302345,-0.9853014349937439,-139.26316833496094,-0.9854546785354614,0.03247123584151268,0.16680747270584106,6.595699787139893,0.03913675621151924,0.9985549449920654,0.03682800754904747,56.603729248046875
-0.1663065403699875,0.040682148188352585,-0.9852345585823059,-139.13722229003906,-0.9852398037910461,0.03423626348376274,0.16772110760211945,6.505669116973877,0.04055400565266609,0.9985854029655457,0.03438795730471611,56.66545486450195
-0.1672453135251999,0.03854507952928543,-0.985161542892456,-139.01148986816406,-0.9850216507911682,0.03600320219993591,0.1686302125453949,6.415641784667969,0.04196883365511894,0.9986080527305603,0.031946372240781784,56.72761535644531
-0.16818703711032867,0.03640957549214363,-0.9850824475288391,-138.88597106933594,-0.9848001003265381,0.03777198866009712,0.16953490674495697,6.325618267059326,0.043381217867136,0.9986228346824646,0.029503393918275833,56.79021072387695
-0.16913145780563354,0.03427553549408913,-0.9849973320960999,-138.7606658935547,-0.9845752120018005,0.03954264149069786,0.17043495178222656,6.235599994659424,0.044791147112846375,0.9986298680305481,0.027058934792876244,56.853240966796875
-0.17007878422737122,0.032142993062734604,-0.9849060773849487,-138.6355743408203,-0.9843469262123108,0.04131514951586723,0.17133057117462158,6.145587921142578,0.04619861766695976,0.9986289739608765,0.024613026529550552,56.91670608520508
-0.17102904617786407,0.0300119761377573,-0.9848088026046753,-138.5106964111328,-0.9841153025627136,0.043089479207992554,0.17222175002098083,6.0555830001831055,0.04760361462831497,0.998620331287384,0.0221656933426857,56.9806022644043
-0.171982079744339,0.02788250893354416,-0.98470538854599,-138.3860321044922,-0.983880341053009,0.04486564174294472,0.17310838401317596,5.965586185455322,0.049006137996912,0.9986038208007812,0.019716966897249222,57.0449333190918
-0.1729380190372467,0.025754736736416817,-0.9845958948135376,-138.2615966796875,-0.983642041683197,0.04664357751607895,0.17399056255817413,5.875598430633545,0.05040615797042847,0.9985795021057129,0.01726699434220791,57.10969543457031
-0.17389674484729767,0.023628562688827515,-0.9844803810119629,-138.1373748779297,-0.9834004044532776,0.048423293977975845,0.17486818134784698,5.78562068939209,0.05180366709828377,0.998547375202179,0.014815684407949448,57.174888610839844
-0.17485836148262024,0.02150401845574379,-0.9843587279319763,-138.01336669921875,-0.983155369758606,0.050204772502183914,0.17574134469032288,5.695653915405273,0.05319865420460701,0.9985074400901794,0.012363065965473652,57.240516662597656
-0.17582273483276367,0.019381003454327583,-0.9842310547828674,-137.88958740234375,-0.9829069972038269,0.051988016813993454,0.17660993337631226,5.605699062347412,0.0545911006629467,0.9984596371650696,0.009909048676490784,57.306575775146484
-0.17678996920585632,0.017259672284126282,-0.9840972423553467,-137.76602172851562,-0.9826552867889404,0.05377299711108208,0.1774740368127823,5.515757083892822,0.05598100274801254,0.9984040260314941,0.007453780621290207,57.37306594848633
-0.17775997519493103,0.015139923430979252,-0.9839574098587036,-137.64268493652344,-0.9824002385139465,0.05555971711874008,0.17833355069160461,5.42582893371582,0.05736834928393364,0.9983405470848083,0.004997170530259609,57.43998336791992
-0.17873282730579376,0.013022023253142834,-0.9838114380836487,-137.51956176757812,-0.9821418523788452,0.0573481023311615,0.1791885793209076,5.335915565490723,0.0587531179189682,0.9982693195343018,0.002539485227316618,57.50733184814453
-0.17970842123031616,0.010905755683779716,-0.9836594462394714,-137.39666748046875,-0.9818801283836365,0.05913819000124931,0.18003900349140167,5.246018409729004,0.06013530120253563,0.9981902241706848,8.051499753491953e-05,57.57510757446289
-0.18068674206733704,0.00879126787185669,-0.9835014343261719,-137.2740020751953,-0.9816151261329651,0.06092995032668114,0.18088482320308685,5.156137943267822,0.061514899134635925,0.9981033205986023,-0.0023795929737389088,57.643314361572266
-0.1816677749156952,0.006678578909486532,-0.9833372831344604,-137.1515655517578,-0.9813467264175415,0.06272335350513458,0.18172603845596313,5.066275119781494,0.0628918781876564,0.9980086088180542,-0.004840810317546129,57.71194839477539
-0.18265165388584137,0.004567608702927828,-0.9831670522689819,-137.02935791015625,-0.9810750484466553,0.06451840698719025,0.18256273865699768,4.976430892944336,0.06426624953746796,0.9979060888290405,-0.007303227204829454,57.781009674072266
-0.18363822996616364,0.0024583712220191956,-0.9829908013343811,-136.90736389160156,-0.9808000326156616,0.06631509214639664,0.18339480459690094,4.886606216430664,0.0656379833817482,0.9977957010269165,-0.009766816161572933,57.85049819946289
-0.18462751805782318,0.00035100907552987337,-0.982808530330658,-136.7855987548828,-0.9805216789245605,0.06811336427927017,0.1842222362756729,4.796802520751953,0.06700705736875534,0.9976775050163269,-0.012231429107487202,57.920413970947266
-0.18561948835849762,-0.001754568424075842,-0.982620120048523,-136.66407775878906,-0.980239987373352,0.06991323828697205,0.1850450336933136,4.707020282745361,0.06837348639965057,0.9975515604019165,-0.01469715777784586,57.990753173828125
-0.1866142749786377,-0.003858325770124793,-0.9824256896972656,-136.54278564453125,-0.9799550175666809,0.07171471416950226,0.18586331605911255,4.617260932922363,0.0697372555732727,0.9974177479743958,-0.017163973301649094,58.061519622802734
-0.18761172890663147,-0.005960248876363039,-0.9822251796722412,-136.42172241210938,-0.9796667098999023,0.07351774722337723,0.18667691946029663,4.527524948120117,0.07109834253787994,0.9972761273384094,-0.019631849601864815,58.13270950317383
-0.1886119693517685,-0.008060304448008537,-0.9820185899734497,-136.30088806152344,-0.9793750643730164,0.07532232999801636,0.18748600780963898,4.4378132820129395,0.0724567398428917,0.9971266388893127,-0.02210075408220291,58.20432662963867
-0.18961477279663086,-0.010158482939004898,-0.9818060398101807,-136.18028259277344,-0.9790801405906677,0.07712845504283905,0.1882902979850769,4.348127365112305,0.07381244003772736,0.9969694018363953,-0.024570664390921593,58.2763671875
-0.19062022864818573,-0.012254755012691021,-0.9815873503684998,-136.05992126464844,-0.9787819385528564,0.07893608510494232,0.18908993899822235,4.258467674255371,0.07516541332006454,0.9968043565750122,-0.027041547000408173,58.34883117675781
-0.19162845611572266,-0.01434908714145422,-0.9813626408576965,-135.93978881835938,-0.9784803986549377,0.08074520528316498,0.18988502025604248,4.168835639953613,0.07651565223932266,0.9966315031051636,-0.02951337769627571,58.421714782714844
-0.1926393210887909,-0.016441458836197853,-0.981131911277771,-135.8199005126953,-0.9781755805015564,0.08255581557750702,0.19067542254924774,4.0792317390441895,0.07786315679550171,0.9964507818222046,-0.03198612853884697,58.49502182006836
-0.19365294277668,-0.018531836569309235,-0.9808950424194336,-135.7002410888672,-0.9778674244880676,0.08436789363622665,0.19146126508712769,3.989657402038574,0.07920791953802109,0.9962623119354248,-0.03445976972579956,58.56875228881836
-0.19466906785964966,-0.02062021568417549,-0.9806522130966187,-135.58082580566406,-0.9775559902191162,0.08618143200874329,0.19224229454994202,3.900113344192505,0.0805499404668808,0.9960660338401794,-0.036934275180101395,58.64290237426758
-0.19568794965744019,-0.022706668823957443,-0.9804033041000366,-135.46163940429688,-0.9772412180900574,0.08799642324447632,0.19301874935626984,3.810600519180298,0.08188917487859726,0.9958619475364685,-0.039409734308719635,58.717472076416016
-0.1967095583677292,-0.024791058152914047,-0.9801483154296875,-135.3426971435547,-0.9769231677055359,0.08981283754110336,0.19379062950611115,3.7211198806762695,0.08322562277317047,0.995650053024292,-0.04188600182533264,58.79246139526367
-0.19773365557193756,-0.026873379945755005,-0.9798873662948608,-135.2239990234375,-0.9766018390655518,0.09163061529397964,0.19455769658088684,3.6316723823547363,0.08455925434827805,0.9954304099082947,-0.04436304792761803,58.86787033081055
-0.1987604796886444,-0.02895370125770569,-0.9796203374862671,-135.10552978515625,-0.9762771725654602,0.09344980865716934,0.19532015919685364,3.5422589778900146,0.08589009195566177,0.995202898979187,-0.04684096947312355,58.94369888305664
-0.1997898817062378,-0.031032009050250053,-0.9793472290039062,-134.9873046875,-0.9759492874145508,0.09527040272951126,0.19607791304588318,3.452880859375,0.08721811324357986,0.9949676394462585,-0.04931972920894623,59.01994323730469
-0.20082177221775055,-0.0331081785261631,-0.9790681600570679,-134.86932373046875,-0.9756181240081787,0.09709233045578003,0.1968308389186859,3.3635387420654297,0.08854330331087112,0.9947245717048645,-0.051799193024635315,59.09660720825195
-0.20185624063014984,-0.0351821631193161,-0.9787830710411072,-134.7515869140625,-0.975283682346344,0.09891559928655624,0.1975790560245514,3.27423357963562,0.08986565470695496,0.9944736957550049,-0.05427932366728783,59.17368698120117
-0.20289328694343567,-0.03725407272577286,-0.9784919023513794,-134.63409423828125,-0.9749459624290466,0.10074017941951752,0.19832253456115723,3.184966564178467,0.09118513017892838,0.9942150712013245,-0.056760214269161224,59.251182556152344
-0.2039330005645752,-0.03932386264204979,-0.9781947731971741,-134.516845703125,-0.9746049046516418,0.10256609320640564,0.19906139373779297,3.095738410949707,0.09250175207853317,0.9939485788345337,-0.05924183875322342,59.32909393310547
-0.20497529208660126,-0.0413915179669857,-0.9778915643692017,-134.3998565673828,-0.9742606282234192,0.10439330339431763,0.19979552924633026,3.0065503120422363,0.09381549060344696,0.9936743974685669,-0.06172417104244232,59.40742111206055
-0.20601999759674072,-0.0434570237994194,-0.9775823354721069,-134.28311157226562,-0.9739131331443787,0.10622181743383408,0.20052479207515717,2.917402982711792,0.09512636065483093,0.9933923482894897,-0.06420718133449554,59.48616409301758
-0.20706726610660553,-0.0455203577876091,-0.9772671461105347,-134.16661071777344,-0.9735623002052307,0.10805156081914902,0.20124931633472443,2.8282976150512695,0.09643430262804031,0.9931026101112366,-0.0666908472776413,59.5653190612793
-0.2081170678138733,-0.04758136719465256,-0.9769458770751953,-134.05035400390625,-0.9732082486152649,0.10988257825374603,0.20196910202503204,2.7392349243164062,0.09773936867713928,0.992805004119873,-0.06917501986026764,59.6448860168457
-0.209169402718544,-0.049640145152807236,-0.9766186475753784,-133.93435668945312,-0.9728509187698364,0.11171483248472214,0.20268413424491882,2.6502161026000977,0.09904152154922485,0.9924997091293335,-0.07165978848934174,59.72486877441406
-0.21022415161132812,-0.05169680714607239,-0.976285457611084,-133.818603515625,-0.9724903702735901,0.11354830116033554,0.20339427888393402,2.56124210357666,0.10034071654081345,0.9921866059303284,-0.07414524257183075,59.80526351928711
-0.21128152310848236,-0.05375106632709503,-0.9759461879730225,-133.70310974121094,-0.9721265435218811,0.11538293957710266,0.20409980416297913,2.472313642501831,0.10163696110248566,0.9918656945228577,-0.07663112133741379,59.88606643676758
-0.21234141290187836,-0.05580313876271248,-0.9756008982658386,-133.58786010742188,-0.9717594981193542,0.11721881479024887,0.204800546169281,2.383431911468506,0.10293027013540268,0.9915370941162109,-0.07911764085292816,59.967281341552734
-0.21340379118919373,-0.05785289406776428,-0.9752496480941772,-133.47286987304688,-0.9713891744613647,0.1190558522939682,0.20549651980400085,2.294597864151001,0.10422060638666153,0.9912006855010986,-0.08160464465618134,60.04890823364258
-0.2144685685634613,-0.059900201857089996,-0.9748923778533936,-133.35812377929688,-0.9710156321525574,0.12089399993419647,0.20618762075901031,2.2058122158050537,0.10550796240568161,0.9908565282821655,-0.08409199118614197,60.130943298339844
-0.2155359387397766,-0.061945248395204544,-0.9745291471481323,-133.24363708496094,-0.9706388115882874,0.12273330241441727,0.2068740576505661,2.1170761585235596,0.10679231584072113,0.9905045628547668,-0.08657989650964737,60.21338653564453
-0.21660567820072174,-0.06398791819810867,-0.9741598963737488,-133.12940979003906,-0.9702587723731995,0.124573715031147,0.2075555920600891,2.028390645980835,0.10807367414236069,0.9901449084281921,-0.0890682116150856,60.29623794555664
-0.21767789125442505,-0.06602828949689865,-0.9737846851348877,-133.01544189453125,-0.9698755145072937,0.12641525268554688,0.2082323431968689,1.9397565126419067,0.10935201495885849,0.9897774457931519,-0.09155702590942383,60.37949752807617
-0.21875245869159698,-0.06806612014770508,-0.9734035134315491,-132.9017333984375,-0.9694890379905701,0.1282578408718109,0.2089042216539383,1.8511748313903809,0.11062733829021454,0.9894022941589355,-0.09404607117176056,60.463165283203125
-0.2198294848203659,-0.07010161131620407,-0.9730163216590881,-132.7882843017578,-0.9690992832183838,0.1301015019416809,0.20957128703594208,1.7626464366912842,0.11189960688352585,0.9890193939208984,-0.0965355709195137,60.547237396240234
-0.22090908885002136,-0.07213471084833145,-0.9726231098175049,-132.6750946044922,-0.9687063694000244,0.13194628059864044,0.210233673453331,1.6741724014282227,0.1131688579916954,0.9886287450790405,-0.09902548789978027,60.6317138671875
-0.22199101746082306,-0.07416532933712006,-0.9722239971160889,-132.56216430664062,-0.9683101773262024,0.13379207253456116,0.21089114248752594,1.5857535600662231,0.11443504691123962,0.9882303476333618,-0.10151568055152893,60.71659851074219
-0.223075270652771,-0.07619354873895645,-0.9718189239501953,-132.44949340820312,-0.9679108262062073,0.13563886284828186,0.21154369413852692,1.4973909854888916,0.11569815129041672,0.9878242015838623,-0.10400623828172684,60.80188751220703
-0.22416207194328308,-0.07821931689977646,-0.9714077711105347,-132.3370819091797,-0.9675081968307495,0.13748674094676971,0.21219155192375183,1.4090855121612549,0.11695820838212967,0.987410306930542,-0.1064971387386322,60.887577056884766
-0.22525107860565186,-0.08024254441261292,-0.970990777015686,-132.2249298095703,-0.9671024680137634,0.1393355429172516,0.21283438801765442,1.320838212966919,0.1182151511311531,0.9869887232780457,-0.10898824036121368,60.973670959472656
-0.22634248435497284,-0.08226317167282104,-0.9705678224563599,-132.113037109375,-0.9666934609413147,0.14118531346321106,0.2134724110364914,1.2326499223709106,0.11946899443864822,0.9865593910217285,-0.1114795058965683,61.06016540527344
-0.22743631899356842,-0.0842813029885292,-0.9701388478279114,-132.0014190673828,-0.9662812352180481,0.14303605258464813,0.21410563588142395,1.144521713256836,0.12071972340345383,0.9861223697662354,-0.1139710396528244,61.147064208984375
-0.2285325527191162,-0.08629690855741501,-0.9697039127349854,-131.8900604248047,-0.9658658504486084,0.1448877453804016,0.2147340178489685,1.0564544200897217,0.12196733802556992,0.9856775999069214,-0.11646280437707901,61.2343635559082
