1.0000000427732696,-7.86092278167999e-09,-4.647366255716712e-09,0.0,-7.86092278167999e-09,0.9999999684457445,4.840440920754133e-10,0.0,-4.647366255716712e-09,4.840440920754133e-10,0.9999999746197467,0.0
0.999996606922873,-0.001010140992349834,0.0024025163781237757,0.13683243994682925,0.001006806701997243,0.9999984982559649,0.0013845334624767245,0.07030999652601189,-0.0024039119470750797,-0.0013821094964723557,0.9999961334478819,-0.06410566047489397
0.9999864391986681,-0.002023620361504219,0.004803639092004555,0.2734422168156243,0.002010311416604886,0.9999941065687883,0.0027714763279977884,0.1406685103114622,-0.004809225647133944,-0.0027617807330783117,0.9999845865464022,-0.12863713766519425
0.9999694789961688,-0.0030404153642192844,0.007203352940662752,0.4098291966300849,0.003010485196738799,0.9999867891754761,0.0041608173551493,0.21107459723979893,-0.007215917060217861,-0.004139004009424685,0.9999653949157129,-0.1935944178244
0.9999457040570818,-0.0040604218155215754,0.00960173379462076,0.5459932454139675,0.004007224779645663,0.9999765313454408,0.005552553728786688,0.28152731319447355,-0.009624058799496654,-0.005513775621000416,0.9999384908536625,-0.2589774872059891
0.999915094098331,-0.00508374127440836,0.011998523874525394,0.6819195915740011,0.005000627093750376,0.999963347809272,0.0069466626769063905,0.35202786893388804,-0.012033394134205316,-0.006886073678895321,0.9999039008093318,-0.32478099546776207
0.9998777473185494,-0.006110372410068177,0.01439391643839974,0.817622738750913,0.005990690055899949,0.9999472385669704,0.0083431343604887,0.4225731654665399,-0.014444142851354896,-0.008255885212687775,0.9998616049537605,-0.3910102654588883
0.9998336029084045,-0.007140196255807751,0.01678778325074827,0.9530875259939933,0.0069772893171960474,0.999928186783579,0.009741962003475926,0.4931644135505433,-0.01685613393837472,-0.00962320698128516,0.9998116164443674,-0.45766374161195245
0.9997826464973527,-0.008173417165375119,0.019179955218722025,1.0883292356587617,0.007960654572443878,0.9999062219202757,0.011143114702341264,0.5637985141949695,-0.01926923859598509,-0.010988007250830045,0.9997539526306833,-0.5247391572265485
0.9997249103394603,-0.00920991659983783,0.0215705372245759,1.2233323174371549,0.008940644637768766,0.9998813271421029,0.012546592939311693,0.6344766781576467,-0.021683535030515066,-0.01235028694929391,0.9996886027514152,-0.5922387515100596
0.9996604171872061,-0.010249590124695285,0.023959738116966098,1.3580970267103112,0.009917147832928096,0.9998534877184734,0.013952391224919444,0.7051979613223125,-0.02409923528792335,-0.013710039940211638,0.9996155453779481,-0.6601587159411793
0.9995891023191941,-0.011292524647929625,0.02634716516512614,1.4926382564762548,0.010890284255656035,0.9998227162756067,0.015360485442735054,0.775959264697752,-0.026515958242784368,-0.015067246071972185,0.9995348208058583,-0.7285005785942786
0.9995109904016881,-0.012338718743671429,0.028733146921937486,1.6269407787962678,0.011860030736628667,0.9997890128135041,0.016770869518385367,0.8467613269838061,-0.028934020993165693,-0.016421891447695236,0.9994463953244513,-0.7972627770286991
0.9994261202183365,-0.013388171841572927,0.03111729199770484,1.7610045266821714,0.012826387275874722,0.9997523773321658,0.0181835287858263,0.9176036761221962,-0.031353045543922806,-0.017773970508628667,0.9993503090917042,-0.8664453043711831
0.9993343815296669,-0.014440741593940487,0.033499944781260727,1.894829299169544,0.013789229524459254,0.9997128498995496,0.019598463248965685,0.9884848959380985,-0.033773342641002554,-0.019123479135916166,0.9992465267720967,-0.9360481400019509
0.9992359343367174,-0.015496560815235316,0.035880831379273934,2.0284150292702634,0.01474865866201188,0.9996703293360459,0.02101564209829274,1.059404514373238,-0.036194674051432146,-0.02047039059534589,0.9991350764680619,-1.0060712770477522
0.9991307049022728,-0.016555494599721055,0.03825990902108589,2.161761516019908,0.015704550339624698,0.9996249168212659,0.02243507059472743,1.1303611152527893,-0.03861699476102241,-0.021814711239038553,0.9990159026504551,-1.0765146948888002
0.9990186446222975,-0.01761763784866588,0.040637291550883234,2.294869081787681,0.016657045741160264,0.9995765659741449,0.023856726631779693,1.2013542265187667,-0.04104038591433855,-0.023156416350391118,0.9988891134735917,-1.1473745918770675
0.9988998518623928,-0.01868287794416723,0.043012935619980625,2.427737203239957,0.017605980513450692,0.99952532107138,0.025280601510336637,1.2723829040543286,-0.043464838879789414,-0.02449550250501309,0.9987545935500691,-1.218654749040816
0.9987742276802967,-0.019751324842504747,0.04538681102292805,2.5603510417953714,0.018551474754204805,0.9994711378362762,0.026706676915514326,1.3434478865596056,-0.04589030605707696,-0.02583194718645171,0.9986124058966418,-1.2903498091645886
0.9986418208764736,-0.0208228516312281,0.04775889850039747,2.6927254904519486,0.01949343153501882,0.9994140584411604,0.02813494902385327,1.4145460750433827,-0.04831676623935993,-0.0271657521818357,0.9984625524893856,-1.362461300322778
0.9985026620869433,-0.021897678983360258,0.05012916058570338,2.8248604822215384,0.020432042629569554,0.9993539943326418,0.02956539122256566,1.4856769974473814,-0.050744188866386625,-0.028496879869929048,0.9983050371725181,-1.434989215642105
0.9983567200990253,-0.02297558280379164,0.052497567351259794,2.9567407891653943,0.021367072008721125,0.9992910340641139,0.030997993760358215,1.5568413924714442,-0.053172548266519556,-0.029825334519455016,0.9981398030991503,-1.5079319926819252
0.9982040167949897,-0.02405664426959042,0.054864103190241986,3.088381371269719,0.022298652438865668,0.9992251291501414,0.03243274556806598,1.6280366331826315,-0.05560181672618453,-0.031151102184081902,0.9979669717057316,-1.5812911663898603
0.9980444805436266,-0.025140892350083988,0.05722884267026557,3.219767000595766,0.023226762833833667,0.9991562837994643,0.03386965114135239,1.6992634582807806,-0.058032073027264305,-0.032474176146606026,0.997786415506226,-1.6550651743252445
0.9978782167511395,-0.026228146594269752,0.059591763522769514,3.3508979325246173,0.024151283095921093,0.9990845928785852,0.03530868545101512,1.770520923649629,-0.06046330177086619,-0.0337945524528625,0.9975981367854695,-1.7292502079667713
0.9977051781211568,-0.027318459951333196,0.06195273038764029,3.481788737685065,0.025072192138976455,0.9990098835743919,0.03674983766704879,1.8418064023559513,-0.06289534456544893,-0.035112210690671664,0.9974022692670246,-1.803851597036882
0.9975253124353358,-0.028411894588934672,0.06431181888446408,3.6124245774957444,0.02598961639504009,0.9989323455349567,0.038193093319248035,1.913120633099874,-0.06532829716412741,-0.03642713699172895,0.9971986853569212,-1.8788639843201054
0.9973387530616511,-0.029508488781480047,0.0666688859993832,3.742804928623002,0.02690353902916551,0.9988518038427974,0.03963843051373713,1.9844626717645575,-0.06776201596731786,-0.03773931244953915,0.9969874596464583,-1.9542911508447105
0.9971453546358862,-0.03060805522537624,0.06902402685151188,3.872930046447948,0.027813844109914394,0.9987684123717,0.04108586006991419,2.055831574233739,-0.07019657593647474,-0.03904874879243364,0.9967685823760751,-2.0301292880894053
0.9969452070530054,-0.03171075513406407,0.0713770833811766,4.002799863982432,0.028720641234387063,0.9986820741507954,0.042535339810140474,2.1272268684491475,-0.07263184399092991,-0.04035540701024476,0.996542009845694,-2.1063783891809322
0.9967383265826073,-0.03281632952207669,0.07372816942728316,4.132414180262003,0.02962368595596018,0.9985928124130823,0.043986873969705305,2.1986471382359536,-0.07506790980390887,-0.041659302441261425,0.99630785021017,-2.1830384334995045
0.9965246304591178,-0.033924991829614726,0.07607723215041423,4.261772861310419,0.03052321638691092,0.9985005976124537,0.04544045621956136,2.270091439477609,-0.0775047330521802,-0.04296040944090912,0.9960659291383172,-2.2601094072986285
0.9963042364589012,-0.035036761511792136,0.07842425757638283,4.390876162508789,0.0314192009404617,0.9984054929649346,0.04689605731381804,2.3415588280578508,-0.07994230147850442,-0.044258711033637155,0.9958164278166378,-2.3375875020569765
0.9960770157620351,-0.03615147714603317,0.08076921126128761,4.519723560523374,0.032311553188825545,0.9983074753224576,0.04835369173593307,2.4130483598598396,-0.08238057003428527,-0.045554223781974656,0.9955592299440653,-2.415476498802846
0.9958430546470727,-0.03726926776349959,0.083111947836219,4.648300283761046,0.03320035322546101,0.9982065636243528,0.049813320996232,2.4845612456419808,-0.08481939965052383,-0.04684690448808343,0.9952944103535364,-2.4937710471940164
0.9956023878437958,-0.03839001520549079,0.08545256373393423,4.776621225219799,0.03408548937013435,0.9981027410356624,0.05127493879222176,2.556094386413058,-0.08725888563938418,-0.0481367577857697,0.9950219591507073,-2.572472675304887
0.9953549155544208,-0.03951382942828641,0.08779102515380227,4.904685861565923,0.03496708172055375,0.9979959632796916,0.052738531155911775,2.627646838056231,-0.08969898873869644,-0.049423761158580715,0.9947418798036444,-2.6515851641637127
0.9951007292095264,-0.04064056808419281,0.09012742559022086,5.032479421206261,0.035844995427185285,0.997886270424398,0.05420408757075674,2.6992198113299057,-0.09213980914211456,-0.05070791048766016,0.9944541028019239,-2.7311031634283083
0.9948397390853685,-0.04177033351643544,0.09246161468930209,5.160016797138809,0.03671933583592504,0.9977736772003704,0.05567160036595552,2.7708102072428655,-0.09458118878596734,-0.05198919152738202,0.994158703489957,-2.8110282011730447
0.9945720386108474,-0.04290303653564109,0.09479368686261741,5.287283217770408,0.03758998284906013,0.9976581709813909,0.0571410588934397,2.8424192365535124,-0.09702322900515672,-0.05326760219434884,0.9938556122632148,-2.8913549270557297
0.9942975522754885,-0.04403874823431675,0.09712338149900296,5.414293186741645,0.03845705656431672,0.9975397622893101,0.05861242700972279,2.9140438002703437,-0.09946565382731817,-0.054543112725129794,0.9935449756964658,-2.9720886639255255
0.9940163593253709,-0.045177365128541425,0.09945090444879273,5.541031865471211,0.03932042213215186,0.99741843639354,0.06008571108098657,2.985684637093488,-0.10190868219929067,-0.05581572624784664,0.9932266528335999,-3.053224054566982
0.9937284747833658,-0.046318864170017626,0.10177611269548864,5.667498797613547,0.04018007955257667,0.9972942501969954,0.061560902384245025,3.0573412749643794,-0.10435216770441179,-0.057085445127341095,0.9929007182661859,-3.1347648868816265
0.9934337841467907,-0.047463244008914884,0.10409898325027037,5.793694238549762,0.041036045660551614,0.9971670835807401,0.06303797411207974,3.1290127697667582,-0.10679607007640562,-0.058352235798470375,0.9925671743529605,-3.216707352348152
0.9931323494714995,-0.0486106211119095,0.10641959603676807,5.919618054303584,0.04188840054951731,0.9970370734986702,0.0645169223294137,3.2006981773840746,-0.10924048632676556,-0.05961609754589303,0.9922260128934751,-3.299051437220051
0.9928242155137847,-0.049760854062868454,0.10873792859694198,6.045285137873037,0.04273701778742789,0.9969041398998056,0.06599773056931262,3.272394398825112,-0.11168539342938368,-0.06087701492061848,0.9918771762744396,-3.381798669571701
0.9925093973878623,-0.05091395525518028,0.11105384029213647,6.170680261319376,0.04358189737429454,0.996768284888518,0.06748037471579427,3.344102172789709,-0.11413064407732866,-0.062134964181953745,0.9915207388434487,-3.46494748696243
0.992187768332286,-0.05206989686021313,0.11336742860923207,6.295788720037535,0.04442305614506866,0.9966295042560664,0.06896485671362122,3.4158231820945453,-0.11657631748130551,-0.06338996316460677,0.9911567505155676,-3.5484925459232954
0.9918594654391253,-0.053228801056538266,0.11567864641356145,6.420624950680008,0.04526059527936288,0.9964878759490645,0.07045118157710309,3.4875538556898427,-0.11902239868488512,-0.0646419843532356,0.9907850962918481,-3.6324391624302166
0.9915244096437106,-0.05439052718848636,0.1179874796364431,6.545189275616082,0.046094360924626265,0.9963433199165319,0.07193930704006818,3.559293721517612,-0.12146885336180396,-0.06589101971051914,0.9904058375333563,-3.7167835348351446
0.9911826273002446,-0.055555191893830624,0.12029388835851706,6.669481171512018,0.046924515350893356,0.9961958529934273,0.07342923042855266,3.6310418354610174,-0.12391565144869039,-0.06713704977931217,0.9900189184183947,-3.8015294441663485
0.9908341983141455,-0.056722565916895284,0.12259787429948199,6.793500826760834,0.04775076143860666,0.9960455026214887,0.07492094571476692,3.702796781345521,-0.12636277867501472,-0.06838009059236944,0.9896244586056493,-3.8866730750292646
0.9904789709439392,-0.057892734264503254,0.1248993972512073,6.917233147400054,0.048573271958417166,0.9958922814269374,0.0764144201621317,3.77456024198751,-0.12881018576794373,-0.06962010346890612,0.9892224023030532,-3.9722128787297493
0.9901170776196464,-0.05906582194794563,0.1271984221020594,7.040693348796935,0.049392118586294984,0.9957361472374476,0.07790964375365794,3.8463286463377866,-0.1312578619737631,-0.07085706809261977,0.9888127531131862,-4.058146581694132
0.9897485044459702,-0.06024168852068801,0.12949492259050677,7.1638659476316775,0.05020718330767343,0.9955771401209759,0.07940661938284961,3.9181036772124482,-0.13370577778039777,-0.0720909988738278,0.9883954538130082,-4.144476430003053
0.9893731538135642,-0.06142045899402149,0.13178887472564516,7.286765769914155,0.05101860097208187,0.9954152179051964,0.08090532965681607,3.989881763562007,-0.13615389321400845,-0.07332187549622776,0.9879706266992052,-4.231203944857626
0.9889911688939557,-0.06260187552317475,0.13408026679120666,7.409378077545199,0.051826095546126126,0.9952504038231074,0.08240576785725785,4.061664352174002,-0.13860219675054722,-0.0745497244156128,0.9875382130563424,-4.3183237793522835
0.988602456657415,-0.06378619139013697,0.13636916928005216,7.531717763522863,0.05262991989389533,0.9950826746417141,0.08390791634946168,4.133448344057221,-0.14105076872120131,-0.07577447470617277,0.9870982056516024,-4.405837461561404
0.9882070319329841,-0.06497336887183103,0.1386554422637113,7.653769666896551,0.05343007401540046,0.9949120851595613,0.0854117650952059,4.205234949969775,-0.1434994645984155,-0.07699613023843382,0.9866506188421456,-4.493743435917594
0.9878049816666832,-0.06616317012992834,0.1409390797836808,7.77553365368999,0.054226305046547886,0.9947386017067349,0.08691725561330307,4.277023225795116,-0.14594826334435854,-0.07821468545666943,0.986195513156906,-4.582041688674309
0.9873962078815599,-0.06735584061581168,0.14322014303587804,7.897024616901206,0.05501883634778397,0.9945621989458651,0.08842443006545399,4.348810072542028,-0.14839725227230852,-0.07943013764577939,0.985732762481829,-4.670733747905956
0.9869806997262764,-0.06855121455325808,0.14549862925391044,8.018227751442907,0.055807564656363856,0.9943829738478247,0.08993327554117012,4.420596464939775,-0.15084639282039278,-0.08064248134591434,0.9852624869358898,-4.759814259833689
0.9865585715403804,-0.06974921074618035,0.14777440003258158,8.139142567475488,0.05659235512277057,0.9942008547791117,0.091443743281349,4.492381694900658,-0.15329556190572155,-0.08185170990868484,0.9847846408023917,-4.849287008922417
0.9861297851741075,-0.07094991648279247,0.1500474105598949,8.259769320380059,0.05737333417905487,0.9940158543659453,0.09295584723805678,4.564164818308415,-0.15574471816552396,-0.0830578068883146,0.9842992286792042,-4.93914818665084
0.9856942682357843,-0.072153327960776,0.15231777095930066,8.3801078426863,0.05815048073904668,0.9938279726083283,0.09446954238792857,4.635944655017356,-0.15819394779335227,-0.08426073522645611,0.9838062991848386,-5.029397775835811
0.9852521575323063,-0.07335954388371757,0.15458542817911014,8.50015803391193,0.05892389598235845,0.9936371631251935,0.09598485717179636,4.707720496940071,-0.16064323861215346,-0.08546050726485382,0.9833057379274527,-5.120035766167447
0.9848033236734033,-0.07456845641404897,0.15685038056222367,8.619904699612334,0.059693493481202765,0.993443531304893,0.09750175681449075,4.779493318805535,-0.16309255113208337,-0.08665710410925104,0.9827977248297721,-5.211060598641694
0.9843478074662537,-0.07577990565012183,0.15911259622942275,8.739362766279584,0.06045911729989176,0.9932470539993582,0.09902025079627852,4.851260257651674,-0.16554185958130874,-0.08785055714551587,0.9822820834100185,-5.302473804769583
0.9838856887317824,-0.0769940490030585,0.16137206095276924,8.858532455800741,0.06122089178733782,0.9930476342377226,0.1005402685146224,4.9230201333330825,-0.1679911496806627,-0.08904079030513318,0.9817589948807334,-5.394271572593169
0.9834168652810262,-0.07821084569950987,0.16362861234478188,8.977413667693611,0.061978833778510545,0.9928453858258114,0.10206187579476252,4.994772237762351,-0.17044026115127958,-0.09022786019947288,0.9812282961507464,-5.486453891802562
0.9829414432932784,-0.07943030031067533,0.1658823551405132,9.095990818156054,0.06273291168662376,0.9926402497563431,0.10358502260484843,5.0665175456681695,-0.1728892947638798,-0.09141172891103022,0.980690156226571,-5.579022998168519
0.9824593948025593,-0.08065228250201795,0.16813338776201692,9.21427918954356,0.06348299274528083,0.9924322682016472,0.10510967050827365,5.13825295805961,-0.17533833752539352,-0.09259236487442118,0.9801444451746245,-5.671976624990627
0.9819706667076917,-0.08187700685443389,0.17038142143964707,9.332264043756993,0.06422935932223954,0.9922214116156158,0.10663581575869331,5.209979921724212,-0.1777871218481201,-0.0937697535625755,0.9795911926237009,-5.765309425363327
0.9814752726271729,-0.08310436379187536,0.17262669054533475,9.449959850942918,0.06497184072997232,0.9920077242749435,0.10816349422594941,5.281695101641336,-0.18023586633053051,-0.09494392119778067,0.9790304943615353,-5.859026718699141
0.9809732893232384,-0.08433432853598255,0.1748690440404419,9.567351450150682,0.06571044330283295,0.9917911429636094,0.10969265056416312,5.353399708569096,-0.18268442156509243,-0.09611483287390088,0.9784622460501017,-5.9531269494306684
0.9804646578919234,-0.08556680390409621,0.1771083522775283,9.684454157229851,0.06644507219556357,0.9915717140626794,0.11122325155520076,5.425090879545703,-0.18513263920382228,-0.09728249107253067,0.9778865209092575,-6.047607854294128
0.979949444286212,-0.08680198676047812,0.179344798887768,9.801252777735726,0.06717592551616411,0.9913494059216782,0.11275531514989873,5.496769589300133,-0.18758074321492385,-0.09844685312560625,0.977303240180223,-6.142467874285487
0.9794275715221881,-0.08803964937037989,0.18157827602889964,9.917747177692007,0.06790277565298738,0.9911242459823429,0.11428881340166863,5.568434893715835,-0.1900285759056402,-0.09960794988922134,0.9767125347631328,-6.237706995658222
0.9788991059204415,-0.08927989217586774,0.1838088506694766,10.03393723986946,0.06862573220311627,0.9908962489752636,0.11582375001438117,5.64008596669083,-0.19247623395705776,-0.10076574858857618,0.9761142779516421,-6.3333252063841385
0.9783640622973884,-0.09052259777870475,0.1860362860448519,10.149822813544773,0.06934470665564448,0.990665398065482,0.11736008542494891,5.711721746094,-0.1949234492603386,-0.1019202612691465,0.975508613873782,-6.429322490998402
0.9778223675135174,-0.09176787347354765,0.18826077732090996,10.265404170846068,0.07005976643531864,0.9904316489763051,0.11889781335210688,5.783341405823645,-0.1973704390019872,-0.10307143947363628,0.9748954625872723,-6.525695042698025
0.9772740442115622,-0.09301582371391603,0.19048227941606055,10.380681161050063,0.07077104430853144,0.9901951365572571,0.1204369854166126,5.854943883748653,-0.19981716805675975,-0.10421930993323181,0.9742748287176406,-6.622442846018181
0.9767191907444983,-0.09426621121281009,0.1927006896279697,10.495653277570113,0.07147828741119773,0.9899557070194862,0.12197751098193714,5.926528353766752,-0.20226350421178252,-0.1053638520562375,0.9736467228025191,-6.719569683705451
0.976157739287643,-0.09551901694180298,0.19491608657454584,10.610320759040235,0.07218150416078989,0.9897134783775628,0.12351936372222555,5.9980937537471135,-0.2047095303843517,-0.10650504532595934,0.9730111367754323,-6.817071745520224
0.9755896061248426,-0.09677448157194313,0.19712843145433712,10.72468387758866,0.0728809326695844,0.9894683641824624,0.12506263951369867,6.069639257588037,-0.2071552155158227,-0.10764290249716335,0.97236807461754,-6.914945224659505
0.9750149944470325,-0.09803223561857255,0.19933761927520122,10.838742093134613,0.07357621472761117,0.9892204930555378,0.1266071887125477,6.141163803158122,-0.2096004381500616,-0.10877739407303849,0.9717176070189876,-7.013193900433251
0.9744338199656071,-0.09929249649530725,0.20154359153444856,10.952495677806269,0.0742675736953267,0.9889697153317422,0.12815306399171056,6.2126665643556755,-0.21204515219029557,-0.10990851272555396,0.9710596800647888,-7.11181396603849
0.9738460154283355,-0.10055528365726119,0.203746457039246,11.065929064548556,0.07495503274202338,0.9887160942271005,0.12970025062060325,6.284148633923948,-0.214489455591949,-0.11103624147915908,0.9703943425085085,-7.210807658964264
0.9732516370565163,-0.10182055938135726,0.20594617826294526,11.179057552463973,0.07563853919476156,0.9884596845401575,0.1312487380561397,6.355607030886592,-0.2169333166750444,-0.11216058420438002,0.9697215382829489,-7.310172714228493
