1.000000045898739,-1.1814229603041599e-09,3.203019904862714e-09,0.0,-1.1814229603041599e-09,0.9999999927134224,5.622162025575446e-10,0.0,3.203019904862714e-09,5.622162025575446e-10,0.9999999557337369,0.0
0.9999987953194034,-0.0011360905762503315,0.0010678193858705554,0.14391891869865958,0.0011358942422428147,0.9999993437109416,0.00017974773959130843,0.07357035427981895,-0.00106801254874489,-0.00017853331364764413,0.9999993728608301,-0.04063002043607611
0.999995173353991,-0.002272217928422555,0.0021353869536417103,0.28772318115241546,0.0022714511647129033,0.9999973687287139,0.0003607316219421735,0.14729754934274109,-0.0021362053432182337,-0.0003558789252619994,0.9999976229280889,-0.08143036445504492
0.9999891111706103,-0.003408621570561871,0.0032027080052813017,0.43139839997616036,0.003406900688730983,0.9999940545923557,0.0005429131516576525,0.22118057645134925,-0.0032045485460152623,-0.0005319955504353227,0.9999947055840531,-0.12239475510379805
0.9999805958785396,-0.004545176584395575,0.004269899289351897,0.5749439547710438,0.004542116342015855,0.9999894081930834,0.0007263109038488612,0.29521925705603547,-0.004273160867574011,-0.0007069029851971137,0.9999906012793539,-0.16352695630506275
0.9999696246170651,-0.0056818897697248245,0.005336960755878528,0.7183598519338261,0.005677105564110434,0.9999834888445739,0.0009109258084589222,0.36941347212408004,-0.005342056937496786,-0.0008805996778130792,0.9999853100223592,-0.2048269691299467
0.9999562810942483,-0.006818750772672553,0.006403774806724494,0.8616467310538098,0.006811864158415671,0.9999761777167906,0.0010967550994098023,0.44376304310693193,-0.006411099686334576,-0.0010530855914654552,0.9999788515046959,-0.24629103286908105
0.9999404562805448,-0.00795587968112274,0.007470224743302167,1.0048039685337073,0.007946504671813126,0.9999675875592857,0.001283779271647263,0.518267850971343,-0.007480180205534093,-0.0012243403815672682,0.9999712452673645,-0.2879229109096286
0.9999222175698549,-0.009093155783086237,0.008536647985592782,1.1478322007643555,0.00908091083761361,0.99995766534155,0.001472018831877804,0.592927776685122,-0.008549657278421552,-0.0013943835529303533,0.9999624348099081,-0.329718842006649
0.9999015653250046,-0.01023057514070563,0.009602691489311477,1.2907308105453126,0.010215079412941471,0.9999464112662662,0.0016614701315829374,0.6677425821823011,-0.009619168358789676,-0.0015632141124371918,0.9999524792490468,-0.3716825906184411
0.9998784734618853,-0.011368262019309613,0.010668488676798399,1.4335004342674154,0.011349129430499852,0.9999338781612611,0.001852115358880195,0.74271214843069,-0.01068882994789866,-0.0017308112520579844,0.9999413562434187,-0.4138103955000645
0.9998529574348988,-0.012505970779023386,0.011734022974225822,1.5761404547301652,0.012482819105078969,0.9999200198872418,0.0020439890408769164,0.8178362373643191,-0.01175862952490686,-0.0018972142152256788,0.9999290685682807,-0.4561060211097967
0.9998250412012465,-0.013643932979472098,0.012799404085096083,1.7186515019276953,0.013616386025252352,0.9999047639561474,0.002237057675861088,0.8931148489837186,-0.012828707079054535,-0.00206238399155656,0.9999155374194618,-0.4985657051315968
0.9997946334468001,-0.014782037542309029,0.01386453314906333,1.8610329650562392,0.014749704672466332,0.9998882358865481,0.002431336166690542,0.9685476261901993,-0.013898926450927274,-0.0022263387088212183,0.9999009002199595,-0.5411932130948571
0.9997617977925068,-0.01592028049122498,0.014929400372445029,2.0032704471356055,0.015882778289650307,0.9998704358811269,0.0026268235834138874,1.0441337387954235,-0.014969268076508002,-0.0023890771442685865,0.9998850981752172,-0.58398226643979
0.9997265882155562,-0.017058651606924137,0.015993995911583736,2.1453783579395918,0.017015606399952914,0.9998512451098474,0.002823519926022855,1.1198737789222912,-0.0160397712114404,-0.0025506000647983196,0.9998680724990465,-0.6269391458684197
0.9996889225935354,-0.018197275000928048,0.017058443426625464,2.2873573338590916,0.01814830107338161,0.9998307164005359,0.0030214076210751274,1.1957676275386104,-0.01711052786483286,-0.002710885743846425,0.9998499233537368,-0.6700600901358129
0.9996488332074468,-0.01933591556027202,0.01812261830790013,2.4292067512968174,0.019280627964286062,0.9998089224439363,0.0032205219109323504,1.271815165611132,-0.018181422573069317,-0.0028699744950145822,0.9998305507359927,-0.7133488626291324
0.9996062465034699,-0.02047480098362736,0.01918652756694106,2.5709272530404235,0.020412814455633324,0.9997857909546705,0.003420824787154844,1.348016155074947,-0.019252458128331484,-0.0030278267740686537,0.9998100743407361,-0.7568017031745669
0.9995612998562722,-0.021613696243809537,0.020250164292164835,2.712503188518326,0.02154463268761325,0.9997613349044397,0.003622352398296044,1.4243696467079392,-0.02032361220789297,-0.003184480519515781,0.9997883744563089,-0.8004198589155465
0.9995139146902545,-0.022752835983485216,0.021313525601472427,2.853950221095687,0.022676311903074998,0.9997355413215432,0.0038250676658511235,1.5008763516667845,-0.02139491698029347,-0.00333989549651334,0.9997655119998128,-0.8442020848508633
0.9994641086208831,-0.0238919779918872,0.022376624320570193,2.9952683699629006,0.02380761589646959,0.9997084235830476,0.004029005808446932,1.5775359128533237,-0.022466345177935665,-0.003494111790737303,0.9997414848235981,-0.8881483841938689
0.9994118472060908,-0.025031365690024968,0.023439550597083775,3.136441978151595,0.024938773433786556,0.9996800279295875,0.004234132632860216,1.6543475000781616,-0.023538027011191287,-0.0036470881695779,0.9997162778325892,-0.9322600030168857
0.9993571587910006,-0.0261708674840566,0.024502200608106983,3.2774867154236915,0.026069669202097315,0.9996502422196599,0.004440462922720464,1.731311705465255,-0.02460983124878066,-0.003798843835337934,0.9996899084117691,-0.9765356973898278
0.9993000996138168,-0.02731049000148658,0.025564564509982346,3.418402581779276,0.027200306444325053,0.9996191854859843,0.004647996678019407,1.808428529014603,-0.025681782416327986,-0.003949379094702166,0.9996623177749493,-1.0209754673126952
0.9992405574979809,-0.028450229736303734,0.02662666203999975,3.5591739330434393,0.028330673094964655,0.9995867982122011,0.004856732968830458,1.8856969024713708,-0.026753831512793452,-0.004098692646160473,0.9996336234861387,-1.0655805610000328
0.9991785799239388,-0.029590202098590368,0.027688459785588704,3.6998164389782744,0.029460889569770676,0.9995530740138012,0.005066653315486438,1.9631174179595146,-0.027826016705968015,-0.004246764220183108,0.9996037102712358,-1.110349734521769
0.9991141819462924,-0.030730171513960347,0.028749990409695392,3.8403150726093713,0.030590721523078315,0.9995180855815287,0.005277790146801365,2.040689245290168,-0.02889832540806525,-0.004393631374769169,0.9995726935298636,-1.155280471634157
0.9990473341447532,-0.03187036684351517,0.02981133869758551,3.980684886498267,0.031720395860994996,0.9994817009109623,0.0054901165898686224,2.118412738521319,-0.02997085845309891,-0.004539258620329334,0.9995404381958767,-1.2003752928653952
0.9989781248386281,-0.033010556930384446,0.030872410120285826,4.120910210882954,0.03284968520056607,0.9994440521078651,0.005703657657700313,2.19628730552901,-0.03104352486960474,-0.0046836789980090054,0.9995070205324957,-1.245635442145577
0.9989064305327361,-0.034150849261123564,0.031933190902565856,4.261006728319046,0.03397869650900195,0.9994050138563497,0.005918395800588915,2.2743133003717606,-0.03211630397852058,-0.004826875453622009,0.9994724428463643,-1.291059677686846
0.9988323036293518,-0.03529136977272494,0.032993681644125,4.40095941183219,0.035107550202061334,0.9993646986019433,0.006134319859216961,2.352489892860701,-0.03318920455454322,-0.004968828787807328,0.9994367050370652,-1.3366454832454764
0.998755759482927,-0.03643187618639439,0.03405388094566464,4.540783301190288,0.036236006354420695,0.9993230600026706,0.006351455871991879,2.430817675119261,-0.0342622140600948,-0.005109575792612203,0.9993998073389051,-1.3823953772074162
0.9986767852998741,-0.03757260146425827,0.03511378061270071,4.680462752218546,0.03736430303151939,0.999280085188172,0.006569773150782359,2.509295578892605,-0.035335330352942285,-0.005249077458886864,0.9993616906895486,-1.428310607787239
0.9985953915627913,-0.038713314008239644,0.03617337411496266,4.819998394911039,0.038492199378086615,0.9992358466465083,0.006789302502931518,2.5879236041812614,-0.03640857029697009,-0.0053873725673814765,0.9993224166169684,-1.4743874126688752
0.998511574385774,-0.03985412068966532,0.03723270159519132,4.9594052690356705,0.03961981349690101,0.9991902190617926,0.00701002788099093,2.666702343108657,-0.037481918132882736,-0.005524440389773094,0.9992820388338206,-1.5206283102383011
0.9984253275719283,-0.040995143776832804,0.038291704972454266,5.098668360411722,0.04074726070090975,0.9991433150822352,0.0072319327843831955,2.7456307274204867,-0.03855537282303606,-0.005660262341018019,0.9992403857621891,-1.5670307863940138
0.998336685963121,-0.042136145884430834,0.039350294630363686,5.2377876690391645,0.04187430478457833,0.9990950881125068,0.007455043275291887,2.824708757116751,-0.039628804224003084,-0.005794876282335229,0.9991976537116767,-1.6135948411360062
0.9982455991159747,-0.043277240588194266,0.04040870873972188,5.376778247479535,0.043001060130873604,0.9990455318694398,0.007679354012692914,2.9039367862554366,-0.040702475844355435,-0.005928262251353636,0.9991536819319641,-1.6603229949924838
0.9981520841623067,-0.044418544824938566,0.04146682118957169,5.515625055964875,0.04412764298270554,0.9989946398671841,0.00790483922037033,2.9833142227131173,-0.041776247020883506,-0.006060397834316444,0.999108612409127,-1.7072127295774777
0.9980561342583649,-0.04555982012949501,0.04252474271644134,5.654328120082397,0.04525381434467509,0.9989424252801237,0.008131536883012483,3.0628405903589133,-0.04285023747656519,-0.006191322961849405,0.9990623057315124,-1.754264049175461
0.9979577236079042,-0.04670118436152196,0.043582241529874166,5.7928868098380235,0.04637969140152445,0.9988888816224075,0.008359424324129708,3.1425158891922957,-0.04392420115390122,-0.006321020731400881,0.9990148611465708,-1.8014807161024748
0.9978569110099932,-0.04784263826984024,0.04463930808606245,5.931316794993705,0.04750527553629264,0.9988340685117374,0.008588495964055004,3.2223407113372216,-0.04499814789870493,-0.0064494872404344955,0.9989662198179052,-1.8488614864284472
0.9977537160639826,-0.0489841759045318,0.045696189481430116,6.069603061368753,0.04863056487718466,0.9987779265837656,0.008818765299083419,3.302313988539385,-0.046072322730831394,-0.006576723485246502,0.9989164612385868,-1.896403846051868
0.997648042314395,-0.05012579299338431,0.04675276355507975,6.2077456089631085,0.049755552473396004,0.9987203963474682,0.009050222004363596,3.3824357207987847,-0.04714658107566022,-0.006702726404048058,0.9988654849952832,-1.9441077949727372
0.9975399744694952,-0.05126737777442261,0.047808897184520846,6.345744450570436,0.05088012393006348,0.998661603397421,0.009282878312119268,3.4627056700499823,-0.048220816248456116,-0.006827518488382617,0.9988133133791477,-1.9919733353332916
0.9974294607358779,-0.05240915894039533,0.04886484645274056,6.483599598984256,0.052004510338019935,0.9986014753975753,0.009516717435888097,3.543123598227538,-0.04929526131450024,-0.006951060499703808,0.9987600243784699,-2.0400004692757534
0.9973165455077083,-0.05355102114216069,0.04992035888246829,6.621311066998203,0.05312859539628567,0.9985400783881447,0.009751735298026339,3.623689267266013,-0.050369689523847905,-0.007073368920189501,0.9987055998356852,-2.0881891989423735
0.9972012180935914,-0.054692838521047143,0.05097555570356413,6.758879484606325,0.05425225750025258,0.9984772999362694,0.009987957793970012,3.7044026771659357,-0.05144420484658835,-0.007194464824663932,0.9986499590165439,-2.1365357620170755
0.9970834135264567,-0.055834733610971486,0.05203043047818734,6.896304221814546,0.05537561004220548,0.9984132526584906,0.010225367779377253,3.7852638279267774,-0.05251879640410187,-0.007314327695027935,0.9985931029990546,-2.1850439208159287
0.9969632556911336,-0.05697657991703607,0.05308499495656363,7.033585317003656,0.05649853880428365,0.9983478241061147,0.010463976008216412,3.8662720053522204,-0.053593484940695685,-0.007432973046907047,0.998535150684646,-2.2337136817656287
0.996840619651933,-0.05811850030176949,0.05413923025097733,7.170722770173626,0.05762115466236367,0.9982811269115167,0.010703767601380991,3.9474272094422638,-0.054668257090408984,-0.007550384084332416,0.998475984367052,-2.2825450448661755
0.9967155666813314,-0.0592604892891689,0.05519314620508586,7.307716581324456,0.05874345876700085,0.9982131016501783,0.010944742558879261,4.0287294401969085,-0.05574310800460003,-0.007666557947088069,0.9984156628324606,-2.331538010117569
0.996588095623834,-0.060402546176025654,0.05624674261898943,7.444566750456147,0.059865449723279465,0.9981437483949379,0.011186904600483709,4.110178697616153,-0.056818045044094545,-0.007781498530081064,0.9983541861143445,-2.3806925775198096
0.9964582065668969,-0.0615446717111606,0.05730001969258783,7.5812733031559105,0.06098712590379905,0.9980731267634976,0.011430250006421847,4.1917745055691205,-0.057893068223536626,-0.007895201930775024,0.998291554179231,-2.430008751357363
0.9963259084182033,-0.0626867402651956,0.05835295954518452,7.717836869417766,0.062108367345898884,0.9980011243103293,0.011674791390523463,4.273516864056338,-0.05896816392586385,-0.008007689185599354,0.99822770958672,-2.479482769314174
0.9961912120073599,-0.06382887494528106,0.05940545542179923,7.854256844834879,0.06322929308231309,0.9979278536203052,0.011920507387856341,4.355405296946401,-0.06004322820413008,-0.008118939680467806,0.9981627306472645,-2.5291183979907643
0.9960540416587225,-0.06497106629548771,0.06045762462071898,7.990518202432838,0.06434989522038635,0.9978531958127184,0.012167406344157252,4.437438974050439,-0.06111835414692829,-0.008228953110166512,0.9980965977194463,-2.578913121143394
0.9959145135900458,-0.06611331963879388,0.06150945749818612,8.126635969186054,0.06547017931602503,0.997777269945624,0.012415484539645435,4.51961872555732,-0.06219356876905435,-0.008337724806231836,0.9980292519836048,-2.6288694550158027
0.9957725105030427,-0.06725563040671126,0.0625609636979583,8.262610170681654,0.06659013702349234,0.9977000166293384,0.01266474569410165,4.601944075336167,-0.06326885242909025,-0.008445261199375526,0.9979607522594007,-2.6789874038924566
0.9956280987740576,-0.06839787997621491,0.06361213528294629,8.398441436913714,0.06770965162305179,0.997621442400383,0.01291520056147771,4.6844150233875075,-0.06434420868732416,-0.00855158026426274,0.9978910998758859,-2.7292632054573005
0.9954812733367039,-0.06954018557718886,0.06466298039013912,8.534114110913862,0.06882884028753784,0.9975416004412797,0.013166834668049309,4.767030739521946,-0.06541962914110222,-0.008656658593782215,0.997820293470536,-2.77969810578265
0.9953319927182634,-0.07068253989566561,0.06571336454020255,8.669643245243577,0.06994769977403971,0.9974603717699797,0.013419639262705757,4.849791577797469,-0.0664950010855177,-0.008760497412629811,0.9977482951272155,-2.8302946253967107
0.9951803048881981,-0.07182483039779972,0.06676339719428423,8.805029469896908,0.07106611243286225,0.9973778819557243,0.013673631585249387,4.932697538214608,-0.06757043831333004,-0.008863111787285771,0.9976750865168219,-2.8810490019834276
0.9950262623987072,-0.07296717006431233,0.06781310597678829,8.940257153492695,0.0721841958899348,0.997294065097644,0.013928800881744925,5.015747314453087,-0.06864594962434031,-0.008964486576449576,0.9976007838826801,-2.9319624858995823
0.9948697466210966,-0.07410955614368228,0.06886247110044993,9.075341927412126,0.0733019436594058,0.9972089213477511,0.014185149012062076,5.098942212833181,-0.06972152270866785,-0.009064622240859216,0.9975252696691496,-2.983033826788393
0.9947108239816858,-0.07525187062244407,0.0699114945717873,9.210283212835463,0.07441923809159563,0.9971224571918964,0.014442684870274681,5.182281281092605,-0.07079716113496895,-0.009163534764532133,0.9974486039747343,-3.0342667955348475
0.9945494490718771,-0.07639422875687285,0.0709600597921627,9.345065957201228,0.07553619497631522,0.9970346662455712,0.014701387091442253,5.265764165173367,-0.07187273643067324,-0.009261202959404385,0.997370806323699,-3.0856588716107396
0.9943857209329999,-0.07753663314147524,0.07200827401630588,9.479705843064977,0.07665281893951338,0.9969456081264758,0.014961267741065782,5.349391219133988,-0.07294837849477431,-0.009357633945349914,0.9972917983219097,-3.13720881322822
0.994219528663561,-0.07867895691641594,0.07305614658812476,9.614187239045492,0.07776898260273364,0.9968551703890833,0.015222336118584761,5.433161136654192,-0.07402406875697068,-0.009452841410524576,0.9972116388392356,-3.1889178707440706
0.9940509431226925,-0.07982132234999245,0.07410355106532424,9.748525802111203,0.0788848063817502,0.9967634656816041,0.015484570859050441,5.517074747923374,-0.07509970576785593,-0.009546806769884675,0.9971302886137531,-3.2407847980859756
0.9938799523502804,-0.08096360761511381,0.07515060705255913,9.882705875293652,0.08000016938394162,0.9966704409735299,0.01574798362261469,5.601131222752139,-0.07617540083938598,-0.009639542868869144,0.9970477880523395,-3.2928108413262507
0.9937064913503625,-0.08210592705655062,0.07619731484967915,10.016743115561297,0.08111518553921611,0.9965760899816924,0.01601256882961877,5.685331391329884,-0.07725114308810338,-0.00973103433777786,0.9969641371047863,-3.34499475439258
0.9935306983389978,-0.08324828343149321,0.07724355685854757,10.150621891532893,0.08222986319332798,0.9964804126047497,0.016278323713984653,5.769673947336331,-0.07832682723477588,-0.009821286380657324,0.99687935546272,-3.397337787641746
0.9933524417967706,-0.08439055611421631,0.07828944033389418,10.284357885763995,0.08334406938814448,0.996383475148937,0.016545260341213324,5.854159244830001,-0.07940255967996085,-0.009910313530374304,0.9967933647320066,-3.4498386992858983
0.993171775156513,-0.08553285610616307,0.07933496577546845,10.417936045693125,0.08445792825919783,0.996285152095684,0.01681336941187356,5.938786929752904,-0.08047834181660912,-0.009998097199891115,0.9967061648289652,-3.5024949687968316
0.9929886593064716,-0.0866751879697798,0.08038002079756879,10.55135576691336,0.08557143842346557,0.9961855625790519,0.01708264362940006,6.023556525973633,-0.08155404622653067,-0.010084636625249888,0.9966178954413961,-3.5553103627750673
0.9928031989540614,-0.08781742926274694,0.08142472522323652,10.684632731980287,0.08668447617474451,0.9960846535685329,0.017353088835837537,6.108468387550704,-0.08262981131179015,-0.010169940977752784,0.9965284156361282,-3.6082836394327558
0.9926152699044523,-0.08895969494506367,0.0824690571402521,10.817751283925531,0.08779716149944879,0.9959824187809584,0.017624701955202774,6.193521684294721,-0.08370561627617201,-0.010253998561836453,0.996437729082329,-3.6614160448422126
0.9924249519744345,-0.09010199035708863,0.08351291633142592,10.950712052743143,0.08890949392074876,0.9958789176313463,0.01789747690701917,6.278716416206215,-0.0847813460615755,-0.010336810371852356,0.9963459129957066,-3.7147038166873827
0.9922322320733866,-0.09124418589313449,0.08455641225790564,11.083530065407444,0.09002135068613572,0.9957740378768523,0.01817143093108907,6.364053413474051,-0.08585711934496626,-0.010418396221478832,0.9962529490471588,-3.7681494712120056
0.9920370635622544,-0.09238640473300333,0.08559944309578309,11.216190320531297,0.09113284758541958,0.9956678920643457,0.01844654161331705,6.449531369778484,-0.08693281500204747,-0.010498731707308362,0.9961588542869444,-3.821750496456808
0.9918394881136554,-0.09352864429352686,0.0866420939876687,11.348692213707807,0.09224398414173865,0.9955604206774664,0.01872282166299338,6.535149808988106,-0.08800854577119827,-0.010577821039035984,0.9960635540235698,-3.8755106590223107
0.991639536778135,-0.09467066549430778,0.08768426171035568,11.481036349343839,0.09335452600944155,0.9954516368905987,0.01900027470443007,6.620909207234326,-0.08908420353707613,-0.010655700473150675,0.9959670655416009,-3.929426192307993
0.9914371787050477,-0.09581270313181989,0.08872606686799786,11.613222778613789,0.09446470381440716,0.9953415277320414,0.019278893798916546,6.706808612255386,-0.09015989644849598,-0.010732330693344005,0.9958694290805529,-3.9834971048827867
0.9912323796491269,-0.09695463706197427,0.08976739136270905,11.74526650290477,0.09557440272055104,0.9952300998903276,0.019558685479805996,6.79284933037103,-0.09123550545644926,-0.010807737483292668,0.9957706644157336,-4.037725908705966
0.9910251742554387,-0.09809658970441384,0.09080834625483536,11.877151890835592,0.09668373012441266,0.9951174061932847,0.019839637228720834,6.879030055260984,-0.0923111496768893,-0.010881889012556545,0.9956707529502613,-4.092113854134311
0.9908155816115987,-0.09923855083096622,0.09184880199611459,12.008879572400303,0.097792697185326,0.9950033875299187,0.020121739245387172,6.965350786925779,-0.09338671143702221,-0.010954788882396926,0.9955695955078065,-4.146657178851768
0.9906035902572422,-0.10038040335100878,0.09288888994142727,12.14044957318606,0.09890117371123844,0.9948880503860795,0.020405013943925226,7.0518110492345345,-0.09446230213248485,-0.011026458588036414,0.9954673513966753,-4.201355887142803
0.990389159550309,-0.10152214664931294,0.09392849541719064,12.27186189319292,0.1000091638987852,0.994771394761768,0.020689448615019927,7.138410842187251,-0.09553780164315218,-0.011096894455338235,0.9953639189497964,-4.256209979007416
