0.17364822328090668,-3.924501257301927e-08,-0.9848077297210693,-142.74038696289062,-0.9848077297210693,-2.9154328728964174e-08,-0.17364822328090668,-6.682406902313232,-2.189658232509828e-08,1.0,-4.371138828673793e-08,49.999996185302734
0.17455443739891052,-0.0019127031555399299,-0.984645664691925,-142.5794677734375,-0.9846466779708862,0.0009651414584368467,-0.17455649375915527,-6.703071117401123,0.0012841970892623067,0.9999976754188538,-0.0017148670740425587,49.96184158325195
0.17545796930789948,-0.0038262333255261183,-0.9844794869422913,-142.41845703125,-0.984483540058136,0.0019285473972558975,-0.17546619474887848,-6.723623752593994,0.002569989999756217,0.9999908208847046,-0.0034284847788512707,49.924015045166016
0.17635884881019592,-0.005740615073591471,-0.984309196472168,-142.25735473632812,-0.9843183755874634,0.002890184288844466,-0.1763773411512375,-6.7440643310546875,0.0038573495112359524,0.9999793171882629,-0.005140883382409811,49.88651657104492
0.17725703120231628,-0.0076558333821594715,-0.9841347932815552,-142.09616088867188,-0.9841511249542236,0.0038500474765896797,-0.1772899329662323,-6.764392852783203,0.00514626782387495,0.9999632835388184,-0.006852049380540848,49.84934616088867
0.1781526654958725,-0.009571874514222145,-0.9839562773704529,-141.93487548828125,-0.9839817881584167,0.004808132536709309,-0.17820404469966888,-6.784608364105225,0.006436739582568407,0.9999426007270813,-0.008561968803405762,49.812503814697266
0.17904570698738098,-0.011488841846585274,-0.9837736487388611,-141.77349853515625,-0.9838104248046875,0.005764414556324482,-0.17911972105503082,-6.804710865020752,0.007728757336735725,0.9999173879623413,-0.010270748287439346,49.7759895324707
0.17993606626987457,-0.013406600803136826,-0.9835869669914246,-141.61204528808594,-0.9836369156837463,0.006718910299241543,-0.18003679811954498,-6.824699401855469,0.009022314101457596,0.9998875260353088,-0.011978253722190857,49.739803314208984
0.18082383275032043,-0.01532513927668333,-0.9833961129188538,-141.45050048828125,-0.9834613800048828,0.007671613711863756,-0.18095539510250092,-6.844573974609375,0.01031740102916956,0.9998531341552734,-0.013684472069144249,49.70394515991211
0.1817089021205902,-0.017244558781385422,-0.9832011461257935,-141.2888641357422,-0.9832837581634521,0.00862249918282032,-0.18187540769577026,-6.8643341064453125,0.011614012531936169,0.9998140931129456,-0.015389509499073029,49.66841506958008
0.18259137868881226,-0.01916472613811493,-0.9830020666122437,-141.1271514892578,-0.9831041097640991,0.009571585804224014,-0.18279694020748138,-6.883979797363281,0.012912142090499401,0.9997705221176147,-0.01709323190152645,49.63321304321289
0.18347124755382538,-0.021085629239678383,-0.9827989339828491,-140.96534729003906,-0.9829223155975342,0.01051886286586523,-0.18371997773647308,-6.903510093688965,0.014211778528988361,0.9997223615646362,-0.01879562810063362,49.59833908081055
0.18434852361679077,-0.02300737239420414,-0.9825916290283203,-140.803466796875,-0.9827384948730469,0.011464311741292477,-0.18464452028274536,-6.922924995422363,0.01551292184740305,0.9996695518493652,-0.020496800541877747,49.56379318237305
0.1852230727672577,-0.024929935112595558,-0.982380211353302,-140.64149475097656,-0.9825526475906372,0.012407926842570305,-0.18557044863700867,-6.94222354888916,0.016815559938549995,0.9996122121810913,-0.022196738049387932,49.52957534790039
0.18609488010406494,-0.026853187009692192,-0.982164740562439,-140.4794464111328,-0.9823646545410156,0.013349723070859909,-0.1864977478981018,-6.9614057540893555,0.01811968721449375,0.9995502233505249,-0.023895306512713432,49.49568557739258
0.18696396052837372,-0.028777113184332848,-0.9819452166557312,-140.3173065185547,-0.9821746945381165,0.014289705082774162,-0.18742643296718597,-6.980471134185791,0.019425299018621445,0.9994837045669556,-0.025592492893338203,49.46212387084961
0.18783041834831238,-0.03070181980729103,-0.9817215204238892,-140.15509033203125,-0.9819826483726501,0.015227834694087505,-0.18835659325122833,-6.999419689178467,0.02073238231241703,0.9994125962257385,-0.02728840336203575,49.428890228271484
0.18869423866271973,-0.0326271690428257,-0.9814937114715576,-139.9927978515625,-0.9817885160446167,0.016164131462574005,-0.18928824365139008,-7.018250465393066,0.02204093337059021,0.9993368983268738,-0.02898290380835533,49.3959846496582
0.18955542147159576,-0.034553270787000656,-0.9812618494033813,-139.83041381835938,-0.9815922975540161,0.017098570242524147,-0.19022135436534882,-7.03696346282959,0.023350944742560387,0.9992565512657166,-0.0306760985404253,49.36341094970703
0.19041386246681213,-0.03648010641336441,-0.9810258746147156,-139.66795349121094,-0.9813940525054932,0.018031153827905655,-0.1911558210849762,-7.055558204650879,0.024662412703037262,0.9991716742515564,-0.03236797824501991,49.3311653137207
0.19126953184604645,-0.03840765729546547,-0.9807857871055603,-139.5054168701172,-0.9811937808990479,0.018961874768137932,-0.19209164381027222,-7.074034214019775,0.02597532607614994,0.9990822076797485,-0.034058526158332825,49.29924774169922
0.19212256371974945,-0.04033591225743294,-0.9805416464805603,-139.34280395507812,-0.9809914231300354,0.019890720024704933,-0.19302891194820404,-7.092391014099121,0.027289677411317825,0.998988151550293,-0.035747725516557693,49.26765823364258
0.19297292828559875,-0.04226473718881607,-0.9802933931350708,-139.18011474609375,-0.9807870388031006,0.020817717537283897,-0.19396764039993286,-7.110628128051758,0.028605462983250618,0.9988895654678345,-0.03743544965982437,49.23639678955078
0.19382064044475555,-0.044194240123033524,-0.9800410270690918,-139.01734924316406,-0.9805805683135986,0.02174283191561699,-0.19490781426429749,-7.1287455558776855,0.029922669753432274,0.9987863302230835,-0.039121802896261215,49.20546340942383
0.19466544687747955,-0.04612439498305321,-0.9797846078872681,-138.85450744628906,-0.9803720712661743,0.022666072472929955,-0.1958491951227188,-7.146742343902588,0.031241293996572495,0.9986785054206848,-0.04080676659941673,49.174861907958984
0.19550760090351105,-0.048055198043584824,-0.9795241355895996,-138.69158935546875,-0.9801614880561829,0.02358742244541645,-0.19679200649261475,-7.164618492126465,0.03256132826209068,0.9985661506652832,-0.04249033331871033,49.144588470458984
0.19634705781936646,-0.04998674616217613,-0.9792594909667969,-138.52859497070312,-0.979948878288269,0.024506855756044388,-0.1977362483739853,-7.182374000549316,0.03388276323676109,0.9984491467475891,-0.04417260363698006,49.11464309692383
0.19718386232852936,-0.051918789744377136,-0.9789907932281494,-138.3655242919922,-0.9797341823577881,0.025424418970942497,-0.19868192076683044,-7.200007915496826,0.035205598920583725,0.9983276128768921,-0.045853327959775925,49.085025787353516
0.19801796972751617,-0.05385143682360649,-0.9787179827690125,-138.202392578125,-0.9795174598693848,0.02634008415043354,-0.199629008769989,-7.217519760131836,0.03652982413768768,0.9982014894485474,-0.047532614320516586,49.05573654174805
0.19884926080703735,-0.055784665048122406,-0.9784411191940308,-138.0391845703125,-0.9792987108230591,0.027253851294517517,-0.20057739317417145,-7.234909534454346,0.03785543143749237,0.9980707764625549,-0.04921044409275055,49.02677917480469
0.19967788457870483,-0.057718582451343536,-0.9781601428985596,-137.8759002685547,-0.9790778756141663,0.02816568687558174,-0.2015271931886673,-7.252176761627197,0.03918241709470749,0.9979354739189148,-0.05088692158460617,48.99814987182617
0.20050379633903503,-0.05965293571352959,-0.9778751134872437,-137.71255493164062,-0.9788550138473511,0.0290756244212389,-0.20247839391231537,-7.269320964813232,0.04051075875759125,0.9977956414222717,-0.05256180092692375,48.9698486328125
0.20132675766944885,-0.06158793717622757,-0.977586030960083,-137.54913330078125,-0.9786301255226135,0.029983634129166603,-0.20343075692653656,-7.286341667175293,0.041840460151433945,0.997651219367981,-0.0542353019118309,48.94187545776367
0.20214703679084778,-0.06352346390485764,-0.9772928953170776,-137.38565063476562,-0.9784032106399536,0.03088971972465515,-0.20438450574874878,-7.303238868713379,0.043171513825654984,0.9975021481513977,-0.055907294154167175,48.91423034667969
0.20296458899974823,-0.06545961648225784,-0.976995587348938,-137.2220916748047,-0.9781742095947266,0.03179385885596275,-0.20533965528011322,-7.320012092590332,0.044503916054964066,0.9973486065864563,-0.05757788196206093,48.88691711425781
0.2037794291973114,-0.06739626824855804,-0.9766942858695984,-137.0584716796875,-0.9779431819915771,0.03269607946276665,-0.2062961757183075,-7.336660385131836,0.04583766311407089,0.9971904158592224,-0.05924693122506142,48.85993194580078
0.20459142327308655,-0.06933338940143585,-0.9763888716697693,-136.894775390625,-0.9777101278305054,0.03359636291861534,-0.20725396275520325,-7.353184223175049,0.04717273637652397,0.9970276355743408,-0.060914430767297745,48.833274841308594
0.20540070533752441,-0.07127109915018082,-0.9760794043540955,-136.73101806640625,-0.9774750471115112,0.03449469432234764,-0.20821310579776764,-7.369582653045654,0.0485091395676136,0.9968603253364563,-0.06258048117160797,48.80694580078125
0.2062072455883026,-0.0732092559337616,-0.9757658243179321,-136.56719970703125,-0.97723788022995,0.03539108857512474,-0.20917361974716187,-7.385855197906494,0.04984686151146889,0.9966884255409241,-0.06424495577812195,48.780948638916016
0.2070109248161316,-0.07514795660972595,-0.9754482507705688,-136.4033203125,-0.9769986867904663,0.03628552705049515,-0.21013538539409637,-7.402001857757568,0.05118589848279953,0.9965119957923889,-0.06590796262025833,48.755279541015625
0.2078118771314621,-0.07708708196878433,-0.9751265645027161,-136.23936462402344,-0.9767575263977051,0.037178006023168564,-0.21109850704669952,-7.418022155761719,0.05252622812986374,0.996330976486206,-0.06756935268640518,48.72993850708008
0.20861008763313293,-0.0790267214179039,-0.9748008251190186,-136.07534790039062,-0.9765142798423767,0.0380685031414032,-0.21206296980381012,-7.433915615081787,0.053867850452661514,0.9961453676223755,-0.06922925263643265,48.704925537109375
0.20940542221069336,-0.08096674829721451,-0.9744710326194763,-135.91127014160156,-0.976269006729126,0.038957055658102036,-0.2130286544561386,-7.449682235717773,0.05521075800061226,0.9959551692008972,-0.07088751345872879,48.68024444580078
0.21019800007343292,-0.08290726691484451,-0.9741371273994446,-135.74713134765625,-0.9760217070579529,0.03984363004565239,-0.21399568021297455,-7.465321063995361,0.05655495449900627,0.995760440826416,-0.07254423946142197,48.65589141845703
0.21098770201206207,-0.08484825491905212,-0.9737992286682129,-135.5829315185547,-0.9757723808288574,0.04072821885347366,-0.2149639129638672,-7.480832099914551,0.05790042504668236,0.9955611228942871,-0.07419943064451218,48.631866455078125
0.21177464723587036,-0.08678970485925674,-0.9734572768211365,-135.41867065429688,-0.9755210280418396,0.04161081463098526,-0.21593348681926727,-7.496214866638184,0.059247154742479324,0.9953572750091553,-0.07585306465625763,48.60816955566406
0.2125588208436966,-0.08873159438371658,-0.9731112122535706,-135.25436401367188,-0.9752676486968994,0.04249141737818718,-0.21690437197685242,-7.511468887329102,0.06059514358639717,0.9951488375663757,-0.07750512659549713,48.584800720214844
0.21334011852741241,-0.0906737893819809,-0.9727611541748047,-135.08999633789062,-0.9750122427940369,0.04337003827095032,-0.21787644922733307,-7.526594161987305,0.061944372951984406,0.9949358105659485,-0.07915548980236053,48.561763763427734
0.21411862969398499,-0.09261640906333923,-0.9724070429801941,-134.92556762695312,-0.974754810333252,0.04424666985869408,-0.21884985268115997,-7.541589736938477,0.06329485774040222,0.9947182536125183,-0.0808042511343956,48.53905487060547
0.21489423513412476,-0.09455940872430801,-0.9720488786697388,-134.76107788085938,-0.9744954109191895,0.045121293514966965,-0.2198244333267212,-7.556455612182617,0.06464657187461853,0.9944961667060852,-0.08245140314102173,48.51667404174805
0.21566706895828247,-0.09650279581546783,-0.9716866612434387,-134.59654235839844,-0.9742339253425598,0.045993905514478683,-0.22080031037330627,-7.571191310882568,0.06599950790405273,0.9942694902420044,-0.08409693092107773,48.49462127685547
0.21643710136413574,-0.0984465554356575,-0.971320390701294,-134.43194580078125,-0.9739704728126526,0.046864502131938934,-0.22177748382091522,-7.58579683303833,0.06735367327928543,0.9940382242202759,-0.0857408195734024,48.472900390625
0.2172042280435562,-0.10039065778255463,-0.9709500670433044,-134.2672882080078,-0.973704993724823,0.047733087092638016,-0.22275583446025848,-7.600271224975586,0.06870904564857483,0.9938024282455444,-0.08738305419683456,48.451507568359375
0.2179686576128006,-0.10233521461486816,-0.9705756902694702,-134.1025848388672,-0.9734374284744263,0.048599619418382645,-0.22373557090759277,-7.614614486694336,0.07006563991308212,0.9935620427131653,-0.08902373909950256,48.430442810058594
0.21873018145561218,-0.10427998006343842,-0.970197319984436,-133.9378204345703,-0.973167896270752,0.04946416988968849,-0.22471648454666138,-7.628826141357422,0.07142343372106552,0.993317186832428,-0.09066262096166611,48.409706115722656
0.21948888897895813,-0.1062251627445221,-0.9698148369789124,-133.77301025390625,-0.9728963971138,0.050326645374298096,-0.22569864988327026,-7.6429057121276855,0.07278240472078323,0.9930676817893982,-0.0922999382019043,48.38929748535156
0.22024467587471008,-0.1081705167889595,-0.9694284200668335,-133.60813903808594,-0.972622811794281,0.05118712782859802,-0.22668197751045227,-7.656853199005127,0.07414256036281586,0.9928137063980103,-0.09393541514873505,48.36921691894531
0.2209976464509964,-0.11011625826358795,-0.9690378904342651,-133.44322204589844,-0.9723472595214844,0.0520455464720726,-0.22766655683517456,-7.670668125152588,0.07550390064716339,0.9925551414489746,-0.09556929767131805,48.34946823120117
0.22174780070781708,-0.11206226795911789,-0.9686433672904968,-133.27825927734375,-0.9720696806907654,0.052901942282915115,-0.22865238785743713,-7.68435001373291,0.07686641812324524,0.9922919869422913,-0.09720144420862198,48.330047607421875
0.22249500453472137,-0.11400862038135529,-0.9682447910308838,-133.11325073242188,-0.9717901349067688,0.05375625193119049,-0.22963936626911163,-7.6978983879089355,0.07823008298873901,0.9920243620872498,-0.09883195161819458,48.31095504760742
0.22323937714099884,-0.11595521122217178,-0.9678422212600708,-132.94818115234375,-0.9715085625648499,0.054608527570962906,-0.23062756657600403,-7.711312770843506,0.07959491014480591,0.9917521476745605,-0.10046070069074631,48.29219055175781
0.22398079931735992,-0.11790212243795395,-0.9674355983734131,-132.78306579589844,-0.9712249636650085,0.05545873939990997,-0.23161691427230835,-7.724593162536621,0.08096088469028473,0.9914754033088684,-0.10208779573440552,48.27375411987305
0.22471939027309418,-0.11984912306070328,-0.9670250415802002,-132.61790466308594,-0.9709393978118896,0.056306928396224976,-0.23260746896266937,-7.737739086151123,0.08232800662517548,0.9911940693855286,-0.10371297597885132,48.255645751953125
0.2254551351070404,-0.12179652601480484,-0.9666103720664978,-132.45269775390625,-0.9706518054008484,0.057152993977069855,-0.23359926044940948,-7.7507500648498535,0.08369625359773636,0.9909082651138306,-0.10533658415079117,48.23786544799805
0.2261880338191986,-0.12374410033226013,-0.9661917090415955,-132.28744506835938,-0.9703621864318848,0.05799699202179909,-0.2345922738313675,-7.763625621795654,0.08506561815738678,0.9906178712844849,-0.10695837438106537,48.22041702270508
0.22691796720027924,-0.12569193542003632,-0.9657689929008484,-132.1221466064453,-0.9700706601142883,0.05883891507983208,-0.23558638989925385,-7.776365756988525,0.08643610775470734,0.9903229475021362,-0.10857845097780228,48.20329666137695
0.22764505445957184,-0.12763990461826324,-0.9653423428535461,-131.95680236816406,-0.9697770476341248,0.059678755700588226,-0.2365817129611969,-7.788969993591309,0.08780770003795624,0.9900234937667847,-0.11019667983055115,48.18650436401367
0.22836938500404358,-0.12958812713623047,-0.9649115800857544,-131.7914276123047,-0.9694814682006836,0.060516491532325745,-0.237578347325325,-7.801437854766846,0.08918039500713348,0.9897195100784302,-0.11181317269802094,48.170040130615234
0.22909075021743774,-0.13153643906116486,-0.9644768238067627,-131.62600708007812,-0.9691838622093201,0.061352167278528214,-0.23857606947422028,-7.813769340515137,0.09055419266223907,0.9894109964370728,-0.1134277805685997,48.15390396118164
0.2298092395067215,-0.1334850788116455,-0.964038074016571,-131.46054077148438,-0.968884289264679,0.06218572333455086,-0.23957499861717224,-7.825963497161865,0.09192909300327301,0.9890978932380676,-0.11504074186086655,48.13809585571289
0.23052473366260529,-0.13543377816677094,-0.9635953903198242,-131.29502868652344,-0.9685827493667603,0.06301719695329666,-0.24057498574256897,-7.838020324707031,0.0933050587773323,0.9887803196907043,-0.11665180325508118,48.122615814208984
0.2312372475862503,-0.1373826563358307,-0.9631486535072327,-131.12948608398438,-0.9682791829109192,0.06384658068418503,-0.24157603085041046,-7.849939346313477,0.09468210488557816,0.9884582161903381,-0.11826106160879135,48.10746383666992
0.2319468855857849,-0.13933169841766357,-0.9626979231834412,-130.96389770507812,-0.9679737091064453,0.06467387825250626,-0.24257826805114746,-7.861720561981201,0.09606025367975235,0.988131582736969,-0.11986850947141647,48.0926399230957
0.2326536327600479,-0.14128075540065765,-0.9622432589530945,-130.79827880859375,-0.9676662087440491,0.06549906730651855,-0.24358166754245758,-7.873363018035889,0.09743943810462952,0.9878004193305969,-0.1214740127325058,48.07814407348633
0.2333575040102005,-0.14323006570339203,-0.9617844820022583,-130.6326141357422,-0.9673566818237305,0.06632210314273834,-0.24458624422550201,-7.884866714477539,0.09881967306137085,0.9874647259712219,-0.12307779490947723,48.0639762878418
0.23405836522579193,-0.14517946541309357,-0.9613218307495117,-130.4669189453125,-0.967045247554779,0.0671430230140686,-0.24559186398983002,-7.896231651306152,0.10020094364881516,0.987124502658844,-0.12467972189188004,48.05013656616211
0.23475632071495056,-0.1471288502216339,-0.9608551263809204,-130.30117797851562,-0.9667317867279053,0.06796182692050934,-0.24659861624240875,-7.907456874847412,0.10158323496580124,0.9867797493934631,-0.12627966701984406,48.036624908447266
0.23545140027999878,-0.14907842874526978,-0.9603844285011292,-130.13540649414062,-0.9664163589477539,0.06877847015857697,-0.2476065307855606,-7.918542385101318,0.10296656936407089,0.9864305257797241,-0.1278778463602066,48.023441314697266
0.236143559217453,-0.1510280817747116,-0.9599097371101379,-129.9696044921875,-0.9660989046096802,0.06959296762943268,-0.2486155927181244,-7.929487705230713,0.10435090214014053,0.9860767126083374,-0.12947413325309753,48.01058578491211
0.23683270812034607,-0.15297776460647583,-0.9594311118125916,-129.8037567138672,-0.9657795429229736,0.07040534913539886,-0.24962566792964935,-7.9402923583984375,0.10573626309633255,0.9857184886932373,-0.13106851279735565,47.99805450439453
0.2375188171863556,-0.154927596449852,-0.9589484930038452,-129.63787841796875,-0.9654582142829895,0.07121559232473373,-0.2506367564201355,-7.950956344604492,0.10712263733148575,0.9853556752204895,-0.13266107439994812,47.9858512878418
0.23820213973522186,-0.156877338886261,-0.9584619402885437,-129.4719696044922,-0.965134859085083,0.07202371209859848,-0.2516491115093231,-7.961479187011719,0.10851002484560013,0.9849883913993835,-0.13425159454345703,47.973976135253906
0.2388824224472046,-0.15882718563079834,-0.9579713344573975,-129.3060302734375,-0.9648095965385437,0.07282964140176773,-0.25266245007514954,-7.971860408782959,0.10989837348461151,0.9846165776252747,-0.1358402669429779,47.96242904663086
0.23955978453159332,-0.1607770174741745,-0.957476794719696,-129.1400604248047,-0.964482307434082,0.07363341748714447,-0.2536768913269043,-7.982099533081055,0.11128770560026169,0.9842402338981628,-0.13742698729038239,47.951210021972656
0.2402341216802597,-0.16272683441638947,-0.9569783210754395,-128.97406005859375,-0.9641531109809875,0.07443508505821228,-0.25469234585762024,-7.992196559906006,0.11267804354429245,0.9838594198226929,-0.13901172578334808,47.9403190612793
0.24090562760829926,-0.1646767109632492,-0.9564758539199829,-128.8080291748047,-0.9638218879699707,0.07523453235626221,-0.2557090222835541,-8.002150535583496,0.11406932771205902,0.9834741353988647,-0.14059458673000336,47.929752349853516
0.24157409369945526,-0.16662663221359253,-0.9559693932533264,-128.6419677734375,-0.963488757610321,0.07603180408477783,-0.2567266821861267,-8.011961936950684,0.11546158045530319,0.9830843210220337,-0.1421755701303482,47.91951370239258
0.24223962426185608,-0.16857647895812988,-0.9554589986801147,-128.4758758544922,-0.9631536602973938,0.07682690024375916,-0.2577454149723053,-8.02163028717041,0.11685477197170258,0.9826899766921997,-0.1437545269727707,47.909603118896484
0.24290210008621216,-0.17052622139453888,-0.9549446702003479,-128.30975341796875,-0.962816596031189,0.07761985063552856,-0.2587651312351227,-8.03115463256836,0.11824890226125717,0.9822911620140076,-0.14533144235610962,47.90001678466797
0.24356162548065186,-0.17247608304023743,-0.9544264078140259,-128.14361572265625,-0.9624775648117065,0.0784105584025383,-0.259785920381546,-8.040534973144531,0.11964396387338638,0.9818878769874573,-0.1469065546989441,47.8907585144043
