0.054407138377428055,-0.16490474343299866,-0.9848077297210693,-142.74038696289062,-0.9985188245773315,-0.00898536667227745,-0.05366004258394241,-0.6830098628997803,-6.279260134078868e-08,0.9862685799598694,-0.16514936089515686,41.74253463745117
0.05724000185728073,-0.16434191167354584,-0.9847412705421448,-142.58718872070312,-0.9983602166175842,-0.008783387951552868,-0.0565657876431942,-0.7416549324989319,0.000646765751298517,0.9863643050193787,-0.16457518935203552,41.71308517456055
0.06007273495197296,-0.16377966105937958,-0.9846661686897278,-142.433837890625,-0.9981931447982788,-0.008579747751355171,-0.059470921754837036,-0.799885094165802,0.0012919398723170161,0.9864596128463745,-0.16399914026260376,41.683589935302734
0.0629051923751831,-0.16321784257888794,-0.9845826029777527,-142.28033447265625,-0.9980176091194153,-0.008374420925974846,-0.062375303357839584,-0.8577000498771667,0.0019354538526386023,0.9865545034408569,-0.16342107951641083,41.654052734375
0.06573759019374847,-0.1626564860343933,-0.9844904541969299,-142.12667846679688,-0.9978336095809937,-0.008167446590960026,-0.06527913361787796,-0.9150993227958679,0.0025773020461201668,0.9866489768028259,-0.16284102201461792,41.62446975708008
0.06856977194547653,-0.1620958149433136,-0.9843897223472595,-141.97288513183594,-0.9976411461830139,-0.007958822883665562,-0.06818227469921112,-0.9720825552940369,0.003217478282749653,0.9867429137229919,-0.16225919127464294,41.59484100341797
0.07140172272920609,-0.1615355908870697,-0.9842804670333862,-141.81893920898438,-0.9974401593208313,-0.007748535834252834,-0.07108470052480698,-1.0286494493484497,0.003855976974591613,0.9868364930152893,-0.1616753488779068,41.56516647338867
0.0742335319519043,-0.16097594797611237,-0.9841626286506653,-141.66485595703125,-0.9972307682037354,-0.0075366138480603695,-0.0739864930510521,-1.0847995281219482,0.004492792766541243,0.9869295358657837,-0.16108962893486023,41.53544616699219
0.07706505060195923,-0.1604168713092804,-0.9840362668037415,-141.51063537597656,-0.9970128536224365,-0.007323037832975388,-0.07688751816749573,-1.140532374382019,0.005127920303493738,0.9870221614837646,-0.16050203144550323,41.505680084228516
0.07989625632762909,-0.15985837578773499,-0.9839013814926147,-141.35626220703125,-0.9967865347862244,-0.007107810117304325,-0.07978774607181549,-1.195847749710083,0.005761354696005583,0.9871143698692322,-0.15991255640983582,41.475868225097656
0.08272711932659149,-0.15930044651031494,-0.9837579131126404,-141.20175170898438,-0.9965517520904541,-0.006890932563692331,-0.0826871395111084,-1.250745177268982,0.00639308849349618,0.9872061014175415,-0.15932120382785797,41.44601058959961
0.08555762469768524,-0.1587429642677307,-0.9836059212684631,-141.04710388183594,-0.996308445930481,-0.006672397255897522,-0.08558569103479385,-1.3052242994308472,0.007023117039352655,0.9872974157333374,-0.15872783958911896,41.416107177734375
0.08838784694671631,-0.15818607807159424,-0.9834453463554382,-140.89231872558594,-0.9960567355155945,-0.00645223306491971,-0.08848347514867783,-1.3592848777770996,0.007651434745639563,0.9873882532119751,-0.1581326127052307,41.38615417480469
0.09121765941381454,-0.15762987732887268,-0.9832762479782104,-140.73739624023438,-0.9957965612411499,-0.006230431143194437,-0.09138035029172897,-1.412926435470581,0.008278037421405315,0.9874786138534546,-0.1575356125831604,41.35615158081055
0.09404713660478592,-0.1570742428302765,-0.983098566532135,-140.58233642578125,-0.9955279231071472,-0.0060070049948990345,-0.09427641332149506,-1.4661486148834229,0.008902918547391891,0.9875685572624207,-0.15693673491477966,41.32610321044922
0.09687615185976028,-0.15651918947696686,-0.9829123616218567,-140.42713928222656,-0.9952508807182312,-0.005781935527920723,-0.09717151522636414,-1.5189510583877563,0.009526071138679981,0.9876579642295837,-0.1563359946012497,41.29600524902344
0.09970466792583466,-0.1559647172689438,-0.9827176332473755,-140.27182006835938,-0.9949653148651123,-0.005555226467549801,-0.10006563365459442,-1.5713335275650024,0.010147489607334137,0.9877470135688782,-0.1557333767414093,41.2658576965332
0.10253266245126724,-0.15541082620620728,-0.9825143814086914,-140.11636352539062,-0.9946713447570801,-0.005326875019818544,-0.10295874625444412,-1.6232956647872925,0.01076717209070921,0.9878355860710144,-0.1551288664340973,41.235660552978516
0.10536022484302521,-0.15485750138759613,-0.9823026061058044,-139.96078491210938,-0.9943689703941345,-0.00509690260514617,-0.10585092753171921,-1.6748369932174683,0.011385110206902027,0.9879236817359924,-0.15452250838279724,41.205413818359375
0.10818721354007721,-0.15430477261543274,-0.9820822477340698,-139.80506896972656,-0.9940580725669861,-0.004865291528403759,-0.10874205082654953,-1.7259572744369507,0.012001300230622292,0.9880113005638123,-0.15391425788402557,41.17511749267578
0.11101359874010086,-0.15375261008739471,-0.9818534255027771,-139.64923095703125,-0.9937388300895691,-0.0046320422552526,-0.1116320788860321,-1.7766562700271606,0.012615736573934555,0.9880985021591187,-0.15330414474010468,41.144771575927734
0.11383948475122452,-0.15320125222206116,-0.9816159605979919,-139.49325561523438,-0.9934110641479492,-0.00439720693975687,-0.1145211011171341,-1.82693350315094,0.013228408992290497,0.9881852269172668,-0.15269240736961365,41.114376068115234
0.11666470766067505,-0.15265049040317535,-0.9813700318336487,-139.337158203125,-0.9930749535560608,-0.004160735756158829,-0.11740898340940475,-1.8767887353897095,0.013839318417012691,0.9882714748382568,-0.1520787924528122,41.083927154541016
0.11948937922716141,-0.1521003097295761,-0.9811155796051025,-139.18093872070312,-0.9927303194999695,-0.003922650590538979,-0.12029581516981125,-1.9262216091156006,0.014448456466197968,0.9883573055267334,-0.15146329998970032,41.053428649902344
0.12231334298849106,-0.15155069530010223,-0.9808526039123535,-139.02459716796875,-0.9923773407936096,-0.0036829353775829077,-0.12318144738674164,-1.9752317667007446,0.015055817551910877,0.988442599773407,-0.1508459597826004,41.02287673950195
0.1251365840435028,-0.15100179612636566,-0.9805811047554016,-138.86813354492188,-0.9920158982276917,-0.0034416038542985916,-0.12606585025787354,-2.0238189697265625,0.015661397948861122,0.9885274767875671,-0.15022684633731842,40.99227523803711
0.12795905768871307,-0.15045346319675446,-0.9803010821342468,-138.7115478515625,-0.9916460514068604,-0.0031986467074602842,-0.12894901633262634,-2.0719828605651855,0.01626518927514553,0.9886119365692139,-0.1496058851480484,40.96162033081055
0.1307808756828308,-0.14990584552288055,-0.9800125360488892,-138.55484008789062,-0.9912678003311157,-0.0029540881514549255,-0.13183100521564484,-2.119723320007324,0.016867196187376976,0.9886958599090576,-0.1489831805229187,40.930912017822266
0.13360188901424408,-0.14935879409313202,-0.9797155261039734,-138.3980255126953,-0.9908811450004578,-0.0027079072315245867,-0.13471171259880066,-2.1670398712158203,0.017467400059103966,0.9887793660163879,-0.14835859835147858,40.900150299072266
0.13642218708992004,-0.14881257712841034,-0.97940993309021,-138.2410888671875,-0.9904860258102417,-0.002460152143612504,-0.1375911831855774,-2.2139322757720947,0.0180658008903265,0.9888623356819153,-0.14773239195346832,40.86933517456055
0.13924163579940796,-0.14826692640781403,-0.9790958762168884,-138.0840301513672,-0.9900825619697571,-0.0022107770200818777,-0.14046931266784668,-2.2604000568389893,0.01866239123046398,0.9889448881149292,-0.14710433781147003,40.83846664428711
0.1420603096485138,-0.14772197604179382,-0.9787732362747192,-137.92686462402344,-0.9896706938743591,-0.001959813991561532,-0.14334619045257568,-2.306443214416504,0.01925716921687126,0.9890269637107849,-0.14647452533245087,40.80754470825195
0.1448780745267868,-0.14717762172222137,-0.9784421920776367,-137.7695770263672,-0.9892503619194031,-0.001707226736471057,-0.14622163772583008,-2.3520612716674805,0.01985013112425804,0.9891086220741272,-0.14584286510944366,40.77656555175781
0.14769501984119415,-0.14663396775722504,-0.9781025648117065,-137.6121826171875,-0.9888216853141785,-0.0014530550688505173,-0.1490957885980606,-2.39725399017334,0.020441269502043724,0.9891897439956665,-0.1452094465494156,40.74553298950195
0.15051113069057465,-0.14609099924564362,-0.9777544736862183,-137.45468139648438,-0.9883846044540405,-0.001197297591716051,-0.1519685834646225,-2.442021131515503,0.02103058062493801,0.9892704486846924,-0.14457429945468903,40.71444320678711
0.1533261388540268,-0.14554862678050995,-0.9773979187011719,-137.2970733642578,-0.9879391193389893,-0.000939906807616353,-0.15483978390693665,-2.4863622188568115,0.021618055179715157,0.9893506765365601,-0.14393728971481323,40.68330001831055
0.15614023804664612,-0.1450069546699524,-0.9770328402519226,-137.1393585205078,-0.9874852895736694,-0.0006809337646700442,-0.15770959854125977,-2.5302772521972656,0.02220369130373001,0.9894304275512695,-0.14329855144023895,40.652099609375
0.15895330905914307,-0.14446596801280975,-0.9766592979431152,-136.98153686523438,-0.987023115158081,-0.0004203704884275794,-0.16057786345481873,-2.573765754699707,0.02278747782111168,0.9895097017288208,-0.142658069729805,40.62084197998047
0.1617654412984848,-0.14392569661140442,-0.9762772917747498,-136.8236083984375,-0.9865524768829346,-0.00015822717978153378,-0.16344468295574188,-2.6168277263641357,0.02336941659450531,0.9895884990692139,-0.14201584458351135,40.58952713012695
0.16457660496234894,-0.14338624477386475,-0.9758867621421814,-136.6655731201172,-0.9860734939575195,0.00010547623242018744,-0.16631002724170685,-2.6594626903533936,0.023949503898620605,0.9896668195724487,-0.14137201011180878,40.55815887451172
0.16738665103912354,-0.14284749329090118,-0.9754877090454102,-136.50743103027344,-0.9855861663818359,0.00037077401066198945,-0.16917376220226288,-2.7016704082489014,0.02452773228287697,0.9897446632385254,-0.14072644710540771,40.526729583740234
0.17019568383693695,-0.14230942726135254,-0.9750802516937256,-136.34918212890625,-0.985090434551239,0.0006376453675329685,-0.17203597724437714,-2.74345064163208,0.0251040980219841,0.9898220300674438,-0.14007914066314697,40.495243072509766
0.17300353944301605,-0.1417720764875412,-0.9746642708778381,-136.1908416748047,-0.9845864176750183,0.0009061053278855979,-0.17489652335643768,-2.7848031520843506,0.025678591802716255,0.9898989200592041,-0.13943010568618774,40.46369934082031
0.1758103370666504,-0.14123542606830597,-0.9742398262023926,-136.0323944091797,-0.9840739965438843,0.0011761331697925925,-0.17775548994541168,-2.825727701187134,0.026251209899783134,0.9899753332138062,-0.13877932727336884,40.432098388671875
0.17861591279506683,-0.14069947600364685,-0.9738069772720337,-135.8738555908203,-0.9835532307624817,0.001447751303203404,-0.1806127429008484,-2.8662240505218506,0.02682195045053959,0.99005126953125,-0.13812683522701263,40.40043640136719
0.18142037093639374,-0.14016422629356384,-0.9733656048774719,-135.7152099609375,-0.9830241203308105,0.0017209392972290516,-0.18346837162971497,-2.906291961669922,0.02739080786705017,0.9901267886161804,-0.13747259974479675,40.368717193603516
0.18422356247901917,-0.13962967693805695,-0.9729158282279968,-135.5564727783203,-0.9824866652488708,0.0019957064650952816,-0.18632224202156067,-2.9459311962127686,0.027957769110798836,0.9902017712593079,-0.13681665062904358,40.336936950683594
0.18702547252178192,-0.1390959471464157,-0.9724575877189636,-135.39764404296875,-0.9819408655166626,0.002272033831104636,-0.18917429447174072,-2.9851415157318115,0.028522836044430733,0.9902762770652771,-0.13615907728672028,40.30509948730469
0.18982629477977753,-0.13856303691864014,-0.9719908833503723,-135.2387237548828,-0.9813867807388306,0.0025498908944427967,-0.19202478229999542,-3.0239226818084717,0.029086006805300713,0.9903503060340881,-0.13549989461898804,40.27320098876953
0.19262565672397614,-0.13803070783615112,-0.9715157747268677,-135.0797119140625,-0.98082435131073,0.002829361939802766,-0.19487328827381134,-3.062274694442749,0.02964726835489273,0.9904239177703857,-0.13483887910842896,40.241241455078125
0.19542378187179565,-0.13749931752681732,-0.9710322022438049,-134.9206085205078,-0.9802535772323608,0.003110351972281933,-0.19772005081176758,-3.1001970767974854,0.030206624418497086,0.9904969930648804,-0.1341763585805893,40.20922088623047
0.1982206255197525,-0.13696862757205963,-0.9705401659011841,-134.76141357421875,-0.9796745181083679,0.003392904531210661,-0.20056504011154175,-3.1376895904541016,0.03076406754553318,0.9905695915222168,-0.13351212441921234,40.17713928222656
0.20101606845855713,-0.1364387422800064,-0.9700396656990051,-134.6021270751953,-0.9790871143341064,0.0036770033184438944,-0.2034081071615219,-3.1747522354125977,0.03131958469748497,0.990641713142395,-0.13284628093242645,40.144996643066406
0.2038101851940155,-0.1359095573425293,-0.9695308208465576,-134.44276428222656,-0.9784914255142212,0.003962659277021885,-0.20624932646751404,-3.2113847732543945,0.031873177736997604,0.9907132983207703,-0.13217870891094208,40.11279296875
0.20660282671451569,-0.13538119196891785,-0.969013512134552,-134.28330993652344,-0.9778874516487122,0.004249866120517254,-0.20908859372138977,-3.247586727142334,0.032424841076135635,0.9907844662666321,-0.13150954246520996,40.08052444458008
0.20939411222934723,-0.1348535418510437,-0.9684877991676331,-134.12376403808594,-0.9772751927375793,0.004538624081760645,-0.21192596852779388,-3.283358097076416,0.032974567264318466,0.9908551573753357,-0.13083864748477936,40.048194885253906
0.2121838629245758,-0.13432668149471283,-0.9679536819458008,-133.96414184570312,-0.9766546487808228,0.004828931763768196,-0.21476131677627563,-3.3186988830566406,0.033522360026836395,0.9909253120422363,-0.130166158080101,40.01580047607422
0.2149720937013626,-0.1338006556034088,-0.9674111604690552,-133.804443359375,-0.9760258197784424,0.005120781250298023,-0.21759462356567383,-3.3536086082458496,0.03406820446252823,0.9909950494766235,-0.12949205935001373,39.98334503173828
0.2177588790655136,-0.13327543437480927,-0.9668602347373962,-133.6446533203125,-0.9753887057304382,0.005414152052253485,-0.22042597830295563,-3.388087034225464,0.03461209684610367,0.9910642504692078,-0.1288163661956787,39.95082473754883
0.22054417431354523,-0.13275091350078583,-0.966300904750824,-133.4847869873047,-0.9747433066368103,0.005709073971956968,-0.22325535118579865,-3.4221341609954834,0.035154033452272415,0.9911329746246338,-0.1281389594078064,39.918243408203125
0.2233278751373291,-0.13222721219062805,-0.9657332301139832,-133.32484436035156,-0.9740896224975586,0.006005528848618269,-0.22608259320259094,-3.455749750137329,0.03569400683045387,0.9912012219429016,-0.12745994329452515,39.885597229003906
0.2261100560426712,-0.13170431554317474,-0.9651570916175842,-133.16482543945312,-0.9734277129173279,0.006303515285253525,-0.22890779376029968,-3.488933801651001,0.036232028156518936,0.9912689924240112,-0.12677933275699615,39.85288619995117
0.22889068722724915,-0.1311822384595871,-0.9645726084709167,-133.00473022460938,-0.9727575182914734,0.006603017915040255,-0.23173095285892487,-3.521685838699341,0.036768075078725815,0.9913362860679626,-0.12609712779521942,39.82011032104492
0.231669619679451,-0.13066108524799347,-0.9639797210693359,-132.8445587158203,-0.9720790982246399,0.006904034875333309,-0.23455190658569336,-3.5540058612823486,0.037302155047655106,0.9914030432701111,-0.1254134476184845,39.787269592285156
0.23444697260856628,-0.13014063239097595,-0.9633784294128418,-132.68431091308594,-0.9713923931121826,0.007206587586551905,-0.23737075924873352,-3.5858936309814453,0.037834249436855316,0.9914693832397461,-0.12472805380821228,39.75436019897461
0.23722270131111145,-0.12962110340595245,-0.9627687931060791,-132.5240020751953,-0.9706974625587463,0.007510630413889885,-0.24018748104572296,-3.617349147796631,0.03836436569690704,0.9915351271629333,-0.12404118478298187,39.72138595581055
0.23999667167663574,-0.12910239398479462,-0.9621508121490479,-132.36361694335938,-0.969994306564331,0.007816213183104992,-0.24300192296504974,-3.648371934890747,0.03889250382781029,0.9916004538536072,-0.12335271388292313,39.68834686279297
0.24276897311210632,-0.12858448922634125,-0.9615244269371033,-132.20315551757812,-0.9692829251289368,0.008123306557536125,-0.24581418931484222,-3.678962230682373,0.039418648928403854,0.9916653037071228,-0.12266265600919724,39.65523910522461
0.24553945660591125,-0.12806738913059235,-0.9608897566795349,-132.04263305664062,-0.9685633182525635,0.008431928232312202,-0.24862413108348846,-3.7091195583343506,0.039942797273397446,0.9917296171188354,-0.1219710111618042,39.622066497802734
0.2483082413673401,-0.12755122780799866,-0.9602466821670532,-131.88204956054688,-0.967835545539856,0.00874203722923994,-0.2514318525791168,-3.7388439178466797,0.04046494886279106,0.9917934536933899,-0.12127788364887238,39.58882522583008
0.25107502937316895,-0.12703585624694824,-0.9595953226089478,-131.7213897705078,-0.9670995473861694,0.00905366986989975,-0.2542370557785034,-3.7681353092193604,0.04098508507013321,0.9918568134307861,-0.120583176612854,39.555519104003906
0.2538400888442993,-0.1265213042497635,-0.9589356184005737,-131.5606689453125,-0.9663553833961487,0.009366817772388458,-0.25703999400138855,-3.7969932556152344,0.041503213346004486,0.9919196367263794,-0.11988687515258789,39.52214431762695
0.25660333037376404,-0.12600767612457275,-0.9582676291465759,-131.39988708496094,-0.9656029939651489,0.009681439958512783,-0.25984063744544983,-3.825417995452881,0.042019326239824295,0.9919820427894592,-0.11918909847736359,39.48870086669922
0.2593647539615631,-0.12549486756324768,-0.9575912356376648,-131.23904418945312,-0.9648423790931702,0.009997572749853134,-0.26263895630836487,-3.8534090518951416,0.042533427476882935,0.9920439124107361,-0.11848974227905273,39.4551887512207
0.26212435960769653,-0.12498296797275543,-0.9569064974784851,-131.07814025878906,-0.9640735983848572,0.010315188206732273,-0.2654348909854889,-3.8809664249420166,0.043045513331890106,0.99210524559021,-0.11778891831636429,39.421607971191406
0.26488196849823,-0.12447187304496765,-0.9562135338783264,-130.91717529296875,-0.96329665184021,0.01063431054353714,-0.26822835206985474,-3.908090114593506,0.04355555772781372,0.9921661615371704,-0.1170864999294281,39.38795852661133
0.267637699842453,-0.12396170198917389,-0.9555122256278992,-130.7561492919922,-0.9625115394592285,0.010954896919429302,-0.2710193991661072,-3.9347798824310303,0.04406356438994408,0.9922265410423279,-0.11638262122869492,39.35424041748047
0.27039140462875366,-0.123452328145504,-0.9548026323318481,-130.59506225585938,-0.9617182612419128,0.011276999488472939,-0.27380791306495667,-3.96103572845459,0.044569533318281174,0.9922864437103271,-0.11567716300487518,39.32044982910156
0.2731431722640991,-0.12294388562440872,-0.9540846943855286,-130.43392944335938,-0.9609168767929077,0.011600575409829617,-0.27659398317337036,-3.9868574142456055,0.04507346823811531,0.9923458099365234,-0.11497022956609726,39.286590576171875
0.275892972946167,-0.12243624031543732,-0.95335853099823,-130.27273559570312,-0.9601072669029236,0.011925642378628254,-0.2793775498867035,-4.012244701385498,0.045575350522994995,0.9924047589302063,-0.11426172405481339,39.25265884399414
0.2786406874656677,-0.12192951142787933,-0.9526240229606628,-130.1114959716797,-0.95928955078125,0.012252202257514,-0.2821585237979889,-4.037197589874268,0.04607519507408142,0.9924631118774414,-0.11355174332857132,39.218658447265625
0.2813863754272461,-0.12142370641231537,-0.9518812894821167,-129.9501953125,-0.958463728427887,0.012580222450196743,-0.28493696451187134,-4.061716079711914,0.0465729795396328,0.9925210475921631,-0.11284030973911285,39.18458557128906
0.28412991762161255,-0.12091881036758423,-0.9511302709579468,-129.78884887695312,-0.9576297402381897,0.012909719720482826,-0.2877127230167389,-4.0858001708984375,0.04706870764493942,0.9925784468650818,-0.1121274083852768,39.15044021606445
0.28687119483947754,-0.12041483074426651,-0.9503710865974426,-129.62745666503906,-0.9567877054214478,0.01324070431292057,-0.2904857099056244,-4.109449863433838,0.0475623682141304,0.9926353693008423,-0.11141305416822433,39.11622619628906
0.28961050510406494,-0.11991176754236221,-0.9496035575866699,-129.4660186767578,-0.9559375047683716,0.013573150150477886,-0.2932561933994293,-4.132664680480957,0.04805397987365723,0.9926917552947998,-0.11069723218679428,39.081939697265625
0.2923476994037628,-0.11940950900316238,-0.9488278031349182,-129.30453491210938,-0.9550792574882507,0.013907087966799736,-0.2960240840911865,-4.155444622039795,0.04854352027177811,0.9927476644515991,-0.10997983813285828,39.04758071899414
0.29508256912231445,-0.11890826374292374,-0.9480438232421875,-129.14300537109375,-0.9542129039764404,0.014242464676499367,-0.29878905415534973,-4.177789688110352,0.04903097078204155,0.9928030967712402,-0.10926109552383423,39.01314926147461
0.29781538248062134,-0.11840794235467911,-0.947251558303833,-128.98143005371094,-0.9533384442329407,0.014579282142221928,-0.30155149102211,-4.199699878692627,0.04951633885502815,0.9928579926490784,-0.10854090005159378,38.978641510009766
0.30054590106010437,-0.11790863424539566,-0.9464511275291443,-128.81980895996094,-0.9524558782577515,0.014917522668838501,-0.3043111264705658,-4.221174716949463,0.04999961331486702,0.9929124116897583,-0.10781937092542648,38.944061279296875
0.3032742142677307,-0.11741023510694504,-0.9456424117088318,-128.65814208984375,-0.9515652656555176,0.015257220715284348,-0.3070680499076843,-4.242214679718018,0.05048080533742905,0.9929662942886353,-0.10709638148546219,38.90940856933594
