0.14122165739536285,-0.10104499012231827,-0.9848077893257141,-142.74038696289062,-0.989978015422821,-0.014414184726774693,-0.14048412442207336,-5.024213790893555,1.580708719473023e-08,0.9947774410247803,-0.10206791013479233,44.8966064453125
0.13928921520709991,-0.10366664081811905,-0.9848105311393738,-142.58253479003906,-0.990249752998352,-0.012579714879393578,-0.13873432576656342,-5.067327499389648,0.0019934854935854673,0.9945325255393982,-0.10440808534622192,44.86498260498047
0.13735099136829376,-0.10628409683704376,-0.9848037362098694,-142.4246826171875,-0.9905144572257996,-0.010740547440946102,-0.1369882971048355,-5.110800266265869,0.0039823465049266815,0.9942777752876282,-0.10675115883350372,44.83384323120117
0.13540711998939514,-0.10889731347560883,-0.9847874045372009,-142.26683044433594,-0.9907720685005188,-0.008896717801690102,-0.13524620234966278,-5.154631614685059,0.005966572090983391,0.9940131902694702,-0.10909709334373474,44.803184509277344
0.13345763087272644,-0.11150635033845901,-0.9847615957260132,-142.10899353027344,-0.9910226464271545,-0.007048265542834997,-0.13350805640220642,-5.1988205909729,0.007946135476231575,0.9937387108802795,-0.11144597083330154,44.77301025390625
0.13150256872177124,-0.11411094665527344,-0.9847262501716614,-141.95115661621094,-0.9912661910057068,-0.0051951841451227665,-0.13177390396595,-5.243366241455078,0.009921010583639145,0.9934544563293457,-0.11379750072956085,44.74332046508789
0.12954184412956238,-0.11671128123998642,-0.9846813678741455,-141.7933349609375,-0.9915026426315308,-0.00333751505240798,-0.1300436407327652,-5.288268089294434,0.011891171336174011,0.9931603074073792,-0.11615189909934998,44.71411895751953
0.12757547199726105,-0.11930708587169647,-0.9846270084381104,-141.63552856445312,-0.9917320609092712,-0.001475248602218926,-0.12831729650497437,-5.33352518081665,0.013856593519449234,0.9928563237190247,-0.11850886791944504,44.685401916503906
0.12560361623764038,-0.12189842015504837,-0.9845631122589111,-141.4777374267578,-0.9919543862342834,0.0003915596171282232,-0.12659502029418945,-5.379136562347412,0.015817249193787575,0.9925425052642822,-0.1208684965968132,44.657169342041016
0.12362606078386307,-0.12448537349700928,-0.9844897389411926,-141.31996154785156,-0.9921696782112122,0.0022628987208008766,-0.12487660348415375,-5.425101280212402,0.017773112282156944,0.9922188520431519,-0.12323085963726044,44.629425048828125
0.12164308875799179,-0.12706789374351501,-0.9844067692756653,-141.16220092773438,-0.9923779368400574,0.004138710908591747,-0.12316230684518814,-5.471418857574463,0.019724149256944656,0.9918853640556335,-0.12559592723846436,44.602169036865234
0.1196545958518982,-0.1296457052230835,-0.9843143820762634,-141.00445556640625,-0.9925790429115295,0.006019023712724447,-0.12145203351974487,-5.518088340759277,0.021670345216989517,0.9915421009063721,-0.12796340882778168,44.575401306152344
0.11766061931848526,-0.1322191059589386,-0.9842123985290527,-140.84674072265625,-0.9927731156349182,0.007903764955699444,-0.11974582076072693,-5.565108776092529,0.02361167035996914,0.9911890029907227,-0.13033361732959747,44.54912185668945
0.11566130071878433,-0.13478772342205048,-0.9841009974479675,-140.6890411376953,-0.9929600954055786,0.009792939759790897,-0.11804381012916565,-5.6124796867370605,0.025548096746206284,0.9908261299133301,-0.1327061653137207,44.52333068847656
0.11365656554698944,-0.13735173642635345,-0.9839800000190735,-140.5313720703125,-0.9931399822235107,0.011686505749821663,-0.11634590476751328,-5.6601996421813965,0.02747960016131401,0.9904534220695496,-0.1350812464952469,44.49803161621094
0.11164643615484238,-0.13991110026836395,-0.9838495850563049,-140.3737335205078,-0.9933128356933594,0.01358445268124342,-0.1146521344780922,-5.708268165588379,0.029406163841485977,0.9900708794593811,-0.13745883107185364,44.47322082519531
0.10963094979524612,-0.14246565103530884,-0.9837096333503723,-140.21612548828125,-0.993478536605835,0.01548675075173378,-0.11296252906322479,-5.756684303283691,0.0313277468085289,0.9896785616874695,-0.13983874022960663,44.44890213012695
0.10761012136936188,-0.14501559734344482,-0.9835601449012756,-140.0585479736328,-0.993637204170227,0.017393356189131737,-0.11127711087465286,-5.805447101593018,0.03324432671070099,0.9892764687538147,-0.14222119748592377,44.425071716308594
0.10558399558067322,-0.14756065607070923,-0.9834011793136597,-139.9010009765625,-0.9937887787818909,0.019304266199469566,-0.1095959022641182,-5.854556083679199,0.03515588119626045,0.9888646006584167,-0.14460588991641998,44.4017333984375
0.10355272144079208,-0.15010090172290802,-0.9832326769828796,-139.7434844970703,-0.9939332008361816,0.021219434216618538,-0.10791905224323273,-5.904009819030762,0.0370623879134655,0.9884429574012756,-0.14699293673038483,44.37888717651367
0.10151608288288116,-0.15263639390468597,-0.9830547571182251,-139.5860137939453,-0.9940705895423889,0.023138849064707756,-0.10624635219573975,-5.953807830810547,0.038963817059993744,0.9880114793777466,-0.14938238263130188,44.35653305053711
0.099474236369133,-0.1551668792963028,-0.9828673005104065,-139.42857360839844,-0.9942008256912231,0.025062503293156624,-0.1045779436826706,-6.003949165344238,0.04086015000939369,0.9875702857971191,-0.15177397429943085,44.33467483520508
0.09742733091115952,-0.157692551612854,-0.9826703071594238,-139.27117919921875,-0.9943240284919739,0.026990322396159172,-0.10291396826505661,-6.0544328689575195,0.04275135323405266,0.9871193170547485,-0.15416789054870605,44.31330871582031
0.09537515044212341,-0.16021323204040527,-0.9824638962745667,-139.11383056640625,-0.9944400787353516,0.028922321274876595,-0.10125421732664108,-6.105257987976074,0.04463740065693855,0.9866586327552795,-0.15656399726867676,44.29243469238281
0.09331785887479782,-0.1627289056777954,-0.9822479486465454,-138.95652770996094,-0.994549036026001,0.030858468264341354,-0.09959883242845535,-6.156423568725586,0.04651827737689018,0.9861881732940674,-0.15896223485469818,44.272056579589844
0.09125547856092453,-0.16523951292037964,-0.9820225834846497,-138.7992706298828,-0.9946509003639221,0.03279873728752136,-0.09794784337282181,-6.207928657531738,0.04839395359158516,0.9857079386711121,-0.16136257350444794,44.252174377441406
0.08918792009353638,-0.16774512827396393,-0.9817876815795898,-138.64205932617188,-0.994745671749115,0.034743111580610275,-0.09630115330219269,-6.259772777557373,0.05026440694928169,0.9852179884910583,-0.1637650728225708,44.2327880859375
0.0871153324842453,-0.1702457219362259,-0.9815433621406555,-138.4849090576172,-0.9948333501815796,0.03669154271483421,-0.09465890377759933,-6.311954498291016,0.05212961137294769,0.9847183227539062,-0.16616973280906677,44.21389389038086
0.08503786474466324,-0.1727411299943924,-0.9812895059585571,-138.3278045654297,-0.9949139356613159,0.03864399716258049,-0.09302123636007309,-6.364473342895508,0.05398954078555107,0.984208881855011,-0.16857635974884033,44.19549560546875
0.08295531570911407,-0.1752314418554306,-0.9810261726379395,-138.17076110839844,-0.9949873685836792,0.04060046747326851,-0.09138794988393784,-6.417327880859375,0.05584416538476944,0.9836897850036621,-0.17098504304885864,44.17759704589844
0.08086783438920975,-0.17771659791469574,-0.9807533621788025,-138.01377868652344,-0.9950537085533142,0.04256091266870499,-0.08975917845964432,-6.470517635345459,0.05769345536828041,0.9831609129905701,-0.17339575290679932,44.160194396972656
0.07877543568611145,-0.18019646406173706,-0.980471134185791,-137.85684204101562,-0.9951128959655762,0.04452532157301903,-0.08813493698835373,-6.524041175842285,0.05953739583492279,0.9826223850250244,-0.17580832540988922,44.143287658691406
0.07667805254459381,-0.18267108500003815,-0.9801794290542603,-137.69996643066406,-0.9951650500297546,0.04649369418621063,-0.0865151509642601,-6.577898025512695,0.06137598305940628,0.9820741415023804,-0.17822283506393433,44.12688064575195
0.07457581907510757,-0.18514034152030945,-0.979878306388855,-137.5431671142578,-0.9952100515365601,0.048465970903635025,-0.08489993959665298,-6.632087230682373,0.0632091537117958,0.9815162420272827,-0.1806391477584839,44.11096954345703
0.07246865332126617,-0.18760429322719574,-0.9795677065849304,-137.3864288330078,-0.9952479600906372,0.05044213682413101,-0.08328922837972641,-6.686607837677002,0.06503690779209137,0.9809486269950867,-0.18305730819702148,44.095558166503906
0.0703568160533905,-0.190063014626503,-0.9792476296424866,-137.22975158691406,-0.9952787160873413,0.052422136068344116,-0.08168327063322067,-6.741458892822266,0.06685922294855118,0.980371356010437,-0.18547742068767548,44.08064651489258
0.06824010610580444,-0.19251635670661926,-0.9789181351661682,-137.07315063476562,-0.9953024387359619,0.054405950009822845,-0.08008185774087906,-6.7966389656066895,0.06867603957653046,0.979784369468689,-0.18789932131767273,44.06623458862305
0.06611867249011993,-0.19496417045593262,-0.9785792231559753,-136.91661071777344,-0.9953189492225647,0.0563935786485672,-0.07848510891199112,-6.852147579193115,0.0704873651266098,0.9791877865791321,-0.1903228610754013,44.05231857299805
0.06399242579936981,-0.19740663468837738,-0.9782308340072632,-136.76014709472656,-0.995328426361084,0.0583849772810936,-0.07689295709133148,-6.907983779907227,0.07229316234588623,0.9785815477371216,-0.19274823367595673,44.03890609741211
0.06186139956116676,-0.19984358549118042,-0.9778730273246765,-136.603759765625,-0.9953307509422302,0.060380127280950546,-0.07530540972948074,-6.964146614074707,0.07409340143203735,0.9779656529426575,-0.19517527520656586,44.02599334716797
0.05972561240196228,-0.2022751271724701,-0.9775058031082153,-136.44744873046875,-0.9953259825706482,0.06237902492284775,-0.07372251152992249,-7.02063512802124,0.07588808983564377,0.9773401021957397,-0.19760407507419586,44.013580322265625
0.05758533999323845,-0.20470111072063446,-0.9771291613578796,-136.2912139892578,-0.9953141212463379,0.06438158452510834,-0.07214449346065521,-7.077447891235352,0.0776771828532219,0.9767048954963684,-0.2000344693660736,44.00166702270508
0.055440373718738556,-0.20712147653102875,-0.9767431020736694,-136.13507080078125,-0.9952951073646545,0.06638781726360321,-0.07057114690542221,-7.134584426879883,0.07946064323186874,0.9760600924491882,-0.2024664282798767,43.990257263183594
0.05329086259007454,-0.20953619480133057,-0.9763476252555847,-135.97900390625,-0.9952690005302429,0.06839771568775177,-0.06900262087583542,-7.192043304443359,0.08123849332332611,0.975405752658844,-0.20489990711212158,43.979347229003906
0.051136717200279236,-0.21194535493850708,-0.9759427309036255,-135.82301330566406,-0.995235800743103,0.07041123509407043,-0.06743881851434708,-7.249824047088623,0.08301068097352982,0.9747416973114014,-0.2073349952697754,43.96894073486328
0.048978082835674286,-0.21434879302978516,-0.9755284190177917,-135.6671142578125,-0.9951954483985901,0.07242833822965622,-0.06587987393140793,-7.307925224304199,0.08477717638015747,0.9740681648254395,-0.2097715437412262,43.95903396606445
0.046814873814582825,-0.2167464643716812,-0.975104808807373,-135.5113067626953,-0.9951480031013489,0.07444901764392853,-0.06432569026947021,-7.36634635925293,0.08653795719146729,0.9733849763870239,-0.21220949292182922,43.94963073730469
0.04464711993932724,-0.21913845837116241,-0.9746717214584351,-135.3555908203125,-0.9950934648513794,0.07647324353456497,-0.06277629733085632,-7.42508602142334,0.08829300850629807,0.9726922512054443,-0.21464893221855164,43.940731048583984
0.04247496649622917,-0.22152474522590637,-0.9742292761802673,-135.19996643066406,-0.9950317740440369,0.07850094884634018,-0.061231836676597595,-7.484143257141113,0.09004229307174683,0.9719899296760559,-0.21708983182907104,43.932334899902344
0.040298327803611755,-0.22390514612197876,-0.9737774729728699,-135.04443359375,-0.9949629902839661,0.08053218573331833,-0.059692200273275375,-7.543517112731934,0.09178581833839417,0.9712780714035034,-0.21953202784061432,43.924442291259766
0.03811734914779663,-0.22627966105937958,-0.9733162522315979,-134.8889923095703,-0.994887113571167,0.08256684988737106,-0.05815751850605011,-7.603206634521484,0.0935235247015953,0.9705566763877869,-0.22197550535202026,43.91705322265625
0.035931944847106934,-0.2286483496427536,-0.972845733165741,-134.73365783691406,-0.9948041439056396,0.08460496366024017,-0.05662771686911583,-7.663210868835449,0.09525541216135025,0.9698257446289062,-0.22442030906677246,43.9101676940918
0.033742256462574005,-0.23101107776165009,-0.9723658561706543,-134.5784149169922,-0.994714081287384,0.08664644509553909,-0.05510290712118149,-7.7235283851623535,0.09698142856359482,0.9690852761268616,-0.22686631977558136,43.903785705566406
0.03154831752181053,-0.23336802423000336,-0.9718765616416931,-134.42327880859375,-0.9946168661117554,0.08869127184152603,-0.053583137691020966,-7.784158706665039,0.09870156645774841,0.9683352708816528,-0.2293137162923813,43.89790725708008
0.02935003861784935,-0.23571893572807312,-0.971377968788147,-134.26824951171875,-0.9945125579833984,0.09073949605226517,-0.05206830054521561,-7.845100402832031,0.10041583329439163,0.9675757884979248,-0.23176223039627075,43.89253234863281
0.0271474476903677,-0.23806387186050415,-0.9708700180053711,-134.1133270263672,-0.9944011569023132,0.09279104322195053,-0.050558414310216904,-7.906352519989014,0.1021241769194603,0.9668068289756775,-0.23421195149421692,43.887664794921875
0.024940693750977516,-0.24040281772613525,-0.9703527688980103,-133.95851135253906,-0.9942826628684998,0.09484584629535675,-0.0490536130964756,-7.96791410446167,0.10382656008005142,0.9660283327102661,-0.2366628348827362,43.88330078125
0.02272968553006649,-0.2427356094121933,-0.9698261618614197,-133.80380249023438,-0.994157075881958,0.096903957426548,-0.04755380004644394,-8.029784202575684,0.1055229976773262,0.9652404189109802,-0.23911473155021667,43.87944030761719
0.02051457017660141,-0.24506235122680664,-0.9692902565002441,-133.64920043945312,-0.9940243363380432,0.09896530956029892,-0.04605911672115326,-8.091961860656738,0.10721345990896225,0.964443027973175,-0.2415677160024643,43.8760871887207
0.018295258283615112,-0.2473829835653305,-0.9687450528144836,-133.49472045898438,-0.9938845634460449,0.10102985799312592,-0.044569458812475204,-8.15444564819336,0.10889790207147598,0.9636361598968506,-0.24402175843715668,43.87324142456055
0.016071897000074387,-0.2496974915266037,-0.9681904911994934,-133.34034729003906,-0.9937376976013184,0.10309760272502899,-0.04308497533202171,-8.21723461151123,0.110576331615448,0.9628198146820068,-0.24647682905197144,43.87089920043945
0.013844397850334644,-0.252005934715271,-0.9676266312599182,-133.18609619140625,-0.9935836791992188,0.10516848415136337,-0.04160556197166443,-8.280327796936035,0.11224868148565292,0.9619940519332886,-0.24893300235271454,43.86906433105469
0.011612906120717525,-0.2543080747127533,-0.9670535326004028,-133.03196716308594,-0.9934226274490356,0.10724250972270966,-0.0401313453912735,-8.343724250793457,0.11391497403383255,0.9611589312553406,-0.2513900101184845,43.86773681640625
0.009377331472933292,-0.25660398602485657,-0.9664711356163025,-132.87796020507812,-0.9932544827461243,0.10931962728500366,-0.03866222873330116,-8.40742301940918,0.1155751422047615,0.9603143334388733,-0.2538479268550873,43.866912841796875
0.007137822452932596,-0.258893758058548,-0.9658794403076172,-132.7240753173828,-0.9930792450904846,0.1113998219370842,-0.037198372185230255,-8.47142219543457,0.11722922325134277,0.9594603180885315,-0.25630685687065125,43.86659622192383
0.00489428685978055,-0.26117709279060364,-0.9652785062789917,-132.5703125,-0.9928969144821167,0.11348307132720947,-0.03573963791131973,-8.535721778869629,0.11887714266777039,0.95859694480896,-0.2587665021419525,43.86678695678711
0.0026468727737665176,-0.2634541094303131,-0.9646682739257812,-132.4166717529297,-0.9927074909210205,0.11556931585073471,-0.034286171197891235,-8.600319862365723,0.12051889300346375,0.9577242136001587,-0.26122698187828064,43.86748504638672
0.0003956071159336716,-0.265724778175354,-0.9640488624572754,-132.26316833496094,-0.9925110340118408,0.11765855550765991,-0.03283800557255745,-8.665215492248535,0.12215446680784225,0.9568421244621277,-0.26368823647499084,43.868690490722656
-0.001859599957242608,-0.26798906922340393,-0.9634201526641846,-132.1097869873047,-0.9923074841499329,0.11975076049566269,-0.031395021826028824,-8.73040771484375,0.12378381937742233,0.9559506177902222,-0.26615023612976074,43.87040328979492
-0.0041186027228832245,-0.27024680376052856,-0.9627822637557983,-131.95654296875,-0.9920968413352966,0.12184588611125946,-0.029957352206110954,-8.79589557647705,0.12540693581104279,0.9550498723983765,-0.2686128318309784,43.872623443603516
-0.006381372921168804,-0.2724981904029846,-0.9621351361274719,-131.80343627929688,-0.9918791651725769,0.12394391745328903,-0.028525039553642273,-8.861678123474121,0.1270238161087036,0.9541397094726562,-0.2710762023925781,43.87535095214844
-0.008648001588881016,-0.27474310994148254,-0.9614787697792053,-131.6504669189453,-0.9916543960571289,0.1260448396205902,-0.02709796652197838,-8.927754402160645,0.12863440811634064,0.9532203078269958,-0.2735402286052704,43.87858581542969
-0.010918342508375645,-0.27698150277137756,-0.9608132243156433,-131.4976348876953,-0.9914225339889526,0.12814860045909882,-0.025676270946860313,-8.994122505187988,0.13023872673511505,0.9522915482521057,-0.2760048806667328,43.882328033447266
-0.013192369602620602,-0.2792132496833801,-0.9601384997367859,-131.34494018554688,-0.9911836385726929,0.13025522232055664,-0.024259960278868675,-9.060782432556152,0.13183675706386566,0.9513535499572754,-0.278469979763031,43.88657760620117
-0.015470054000616074,-0.28143852949142456,-0.9594545364379883,-131.1923828125,-0.9909377098083496,0.13236460089683533,-0.022849062457680702,-9.127732276916504,0.1334284245967865,0.9504061937332153,-0.28093573451042175,43.89133834838867
-0.017751367762684822,-0.2836571931838989,-0.95876145362854,-131.03997802734375,-0.9906846880912781,0.1344767063856125,-0.021443579345941544,-9.194971084594727,0.13501371443271637,0.9494496583938599,-0.2834019958972931,43.8966064453125
-0.020036404952406883,-0.2858693599700928,-0.9580591320991516,-130.88771057128906,-0.990424633026123,0.1365915834903717,-0.02004343830049038,-9.262497901916504,0.13659262657165527,0.9484837651252747,-0.2858688533306122,43.902381896972656
-0.022325018420815468,-0.2880747318267822,-0.9573476910591125,-130.735595703125,-0.9901575446128845,0.1387091875076294,-0.01864873431622982,-9.330310821533203,0.13816514611244202,0.947508692741394,-0.28833603858947754,43.90866470336914
-0.024617182090878487,-0.2902732789516449,-0.9566271305084229,-130.58363342285156,-0.9898834228515625,0.1408294439315796,-0.01725947856903076,-9.398409843444824,0.13973122835159302,0.946524441242218,-0.29080355167388916,43.91545867919922
-0.0269128680229187,-0.2924652397632599,-0.9558973908424377,-130.43182373046875,-0.989602267742157,0.1429523378610611,-0.015875717625021935,-9.466793060302734,0.14129085838794708,0.945530891418457,-0.2932715117931366,43.922760009765625
-0.02921205200254917,-0.2946505844593048,-0.9551584720611572,-130.28016662597656,-0.9893140196800232,0.14507783949375153,-0.014497464522719383,-9.535459518432617,0.14284400641918182,0.9445281624794006,-0.2957399785518646,43.93056869506836
-0.03151470422744751,-0.2968290150165558,-0.9544104933738708,-130.128662109375,-0.9890187978744507,0.14720596373081207,-0.013124717399477959,-9.604408264160156,0.14439071714878082,0.9435162544250488,-0.298208624124527,43.93888854980469
-0.03382091969251633,-0.29900062084198,-0.9536533951759338,-129.97731018066406,-0.9887164831161499,0.14933671057224274,-0.0117573831230402,-9.673638343811035,0.1459309160709381,0.9424951672554016,-0.3006775379180908,43.947715759277344
-0.03613043203949928,-0.30116552114486694,-0.9528871774673462,-129.82611083984375,-0.9884071946144104,0.15146994590759277,-0.010395718738436699,-9.743147850036621,0.1474646031856537,0.941464900970459,-0.3031468391418457,43.95705032348633
-0.03844333812594414,-0.30332356691360474,-0.9521118402481079,-129.67507934570312,-0.9880908727645874,0.15360572934150696,-0.009039619006216526,-9.812936782836914,0.14899176359176636,0.9404255151748657,-0.3056163489818573,43.966896057128906
-0.040759604424238205,-0.3054746091365814,-0.9513274431228638,-129.5242156982422,-0.9877675175666809,0.15574398636817932,-0.00768906157463789,-9.883003234863281,0.15051233768463135,0.939376950263977,-0.30808594822883606,43.97724914550781
-0.04307921603322029,-0.3076188266277313,-0.9505339860916138,-129.37350463867188,-0.9874371886253357,0.1578846573829651,-0.006344094406813383,-9.953346252441406,0.15202629566192627,0.9383192658424377,-0.3105558156967163,43.98810958862305
-0.04540202021598816,-0.3097561299800873,-0.9497314095497131,-129.22296142578125,-0.987099826335907,0.16002777218818665,-0.005004846025258303,-10.023963928222656,0.1535336971282959,0.9372525215148926,-0.3130258023738861,43.999481201171875
-0.04772811383008957,-0.3118864595890045,-0.9489198327064514,-129.0725860595703,-0.9867554903030396,0.16217327117919922,-0.0036711953580379486,-10.094856262207031,0.15503442287445068,0.936176598072052,-0.31549590826034546,44.01136016845703
-0.05005746707320213,-0.3140096664428711,-0.9480992555618286,-128.92239379882812,-0.9864041209220886,0.16432112455368042,-0.0023431419394910336,-10.166021347045898,0.156528502702713,0.9350916743278503,-0.31796592473983765,44.02375030517578
