1.0000000294105207,-4.855939822587713e-09,3.010761889798985e-09,0.0,-4.855939822587713e-09,1.0000000275380008,-7.377122436048266e-10,0.0,3.010761889798985e-09,-7.377122436048266e-10,1.000000015921967,0.0
0.9999957674311153,-0.0017377945059159055,0.002349109158342244,0.14616947850441875,0.0017326445848920781,0.9999961391066046,0.002186317941395211,0.06497376854815684,-0.002352895372134692,-0.002182239888643356,0.9999948418035569,0.04678740524892788
0.9999829390379918,-0.003480760294476609,0.004694428232545372,0.29233796349527097,0.0034602150201315054,0.9999844713208857,0.004376694753318592,0.13030299700655235,-0.004709586193198931,-0.004360377260338721,0.9999793927183773,0.09308769856644972
0.9999615634559669,-0.005228764505428682,0.0070359211808018185,0.438505132602387,0.005182544179736023,0.9999649841128562,0.006571088349380639,0.195987213316819,-0.007070030031414334,-0.006534371832033481,0.999953664659487,0.13890468160055747
0.9999317098426526,-0.0069817888956410085,0.009373658346483113,0.5846564821857783,0.006899625729351663,0.9999377406985368,0.008769467962521867,0.26202331849093063,-0.009434302177606574,-0.008704194815817357,0.9999176049268116,0.18423303149872794
0.9998932961209176,-0.008739792102402916,0.011707369837650708,0.7308071731958137,0.008611406996041151,0.9999027473910271,0.010971803220245595,0.32841252328376314,-0.011802118955051608,-0.01086981575378404,0.9998713056635588,0.229074303831581
0.9998463296906166,-0.010502856462513921,0.014037249741306643,0.8769426350044398,0.010317991242561804,0.9998599325568387,0.01317807834644898,0.39515220076558855,-0.014173696805681577,-0.013031216880064034,0.9998146669486481,0.27342316887335727
0.9997908430190134,-0.012270978146212613,0.016363026470272463,1.0230626122295803,0.012019357382731665,0.9998093573076259,0.015388265028165392,0.4622414068197429,-0.016548732810389544,-0.015188373460196136,0.9997477208337806,0.317283435145292
0.9997268074663379,-0.014043990209161375,0.018684766532942557,1.1691672388472796,0.01371534948086556,0.9997509857841338,0.01760231665165063,0.5296791973296155,-0.018927319784079355,-0.01734124027870282,0.9996704741429674,0.3606551163938079
0.9996542600290882,-0.015822116470799105,0.021002559507140778,1.315257038191902,0.015406182479939197,0.999684846480333,0.019820235067359807,0.5974646281786633,-0.021309528827728533,-0.019489814086364632,0.9995829360672305,0.4035344315905718
0.9995731169012567,-0.017605081532406502,0.02331636215114999,1.4613320772514555,0.0170915813881339,0.9996109793791899,0.02204195568907505,0.6655972273085808,-0.02369533858136899,-0.021634032922602797,0.9994851021698058,0.4459213876087986
0.9994835109151087,-0.01939297289135858,0.02562589302998547,1.6073924900020131,0.01877166734468816,0.9995292517355615,0.024267466842307905,0.7340760506027593,-0.026084443317760553,-0.023773890785587393,0.9993770034919727,0.48781599819491817
0.9993853031462682,-0.02118577364957973,0.027931461862753887,1.75342338344538,0.02044637821765178,0.9994397868249403,0.026496739160255186,0.8028979990731138,-0.028477171858304257,-0.025909355982725923,0.9992586118945086,0.5292167352711914
0.9992786500349782,-0.022983338874901754,0.03023269497664513,1.8994398515439457,0.02211559911710994,0.9993425456315209,0.02872972510468774,0.8720647555328203,-0.030873118687446993,-0.02804038555707239,0.999129948954744,0.5701251475350091
0.9991633816490305,-0.024785744412734595,0.03252978050577576,2.045427457645701,0.023779400677508448,0.9992375176334699,0.0309664079775129,0.9415727489355472,-0.03327249597297058,-0.030166962949139342,0.9989909740583789,0.6105359190070772
0.9990396752306729,-0.026592978335461842,0.034822675865003344,2.191385879380533,0.025437778647603024,0.9991247649946249,0.033206771323753013,1.011421507222929,-0.03567525557036863,-0.03228907008329124,0.9988416828360168,0.6504528513353804
0.9989073993172571,-0.028404991391680345,0.037111217734783764,2.337315640082693,0.027090686688813422,0.9990041749613259,0.035450762491729675,1.0816100862784221,-0.038081231215498404,-0.03440666071282189,0.9986821184480255,0.6898721634915788
0.9987665798628037,-0.03022178793501873,0.039395617711325326,2.483216484370132,0.028738102673410204,0.9988758676525152,0.03769836760909934,1.1521375419853577,-0.04049064493626281,-0.03651971281533983,0.9985123026049725,0.7287976639968932
0.998617246766958,-0.03204331784902739,0.04167559736632348,2.6290888685890366,0.03038001289112216,0.9987397903740046,0.03994954392692843,1.2230034022854905,-0.042903179097609934,-0.03862819877962115,0.9983322067390646,0.7672255649497544
0.9984593744318103,-0.033869428293799436,0.04395123661547812,2.774932993703601,0.03201626140626459,0.9985959051621727,0.042204255867606656,1.2942062510039136,-0.045318956161121624,-0.04073208045462812,0.9981418390499532,0.8051558869698283
0.9982930555111167,-0.03570035184251269,0.04622260181166166,2.920733899727537,0.03364707157927946,0.9984442995182778,0.044462500784735196,1.3657434612108403,-0.04773801155834667,-0.0428313517444589,0.9979411464281238,0.8425870951061398
0.9981181666379012,-0.03753591956413152,0.0484894323628659,3.0665071369694488,0.035272286432920436,0.9982848775235941,0.04672423552816759,1.4376162436612034,-0.05016010329753669,-0.04492597659191433,0.997730221970992,0.8795169501545388
0.997934745950406,-0.039376004879965815,0.05075193559183028,3.212237423072935,0.036891765824881496,0.9981177782363636,0.0489894136955617,1.5098214993668577,-0.05258540721827282,-0.047015908305909515,0.9975090270330821,0.9159477188120349
0.9977428678512223,-0.041220806488935474,0.053009927224101305,3.357924892014097,0.03850573311560176,0.9979428531286932,0.05125802478633841,1.5823582842111925,-0.055013780872035845,-0.04910114105976793,0.9972776026247097,0.9518794148250862
0.9975424287454694,-0.04307017286290146,0.05526340311704614,3.503570067127214,0.040114031327837966,0.9977601843559042,0.05353003534851025,1.6552256540776629,-0.0574451749704844,-0.051181644326738385,0.9970358884032559,0.9873082571653455
0.9973335471762764,-0.04492408503155512,0.057512308234955345,3.649173082388387,0.04171664779287913,0.9975697750745459,0.055805411148922034,1.7284226648496634,-0.0598795473918628,-0.053257386201611356,0.996783878721849,1.0222342595792497
0.9971160982221803,-0.04678263332496971,0.05975671222305412,3.794734004785653,0.04331366156263566,0.9973716126584181,0.05808414611360647,1.8019488444688871,-0.06231697087115111,-0.055328353483504455,0.9965216406439202,1.0566574289399995
0.9968902191684954,-0.04864567365697725,0.06199659253525713,3.940237618950704,0.04490494932973211,0.997165718151187,0.06036618809040876,1.8758006218888834,-0.064757431322361,-0.057394505174697574,0.9962491718561555,1.0905800388178761
0.9966557927319675,-0.05051306194140978,0.06423179854280747,4.08569940820405,0.04649035411692313,0.9969521125965192,0.06265148073969687,1.9499796799228903,-0.06720074604710011,-0.059455800277470605,0.9959663969859072,1.1239998431354792
0.9964128584767133,-0.052384990956146515,0.06646240717362806,4.231104935893711,0.04807008349127365,0.9967307085781759,0.06494002931175802,2.0244824475245764,-0.06964700086229089,-0.06151222861277694,0.9956734437614078,1.1569115259135003
0.9961614322012615,-0.05426132536875841,0.06868837765282909,4.376453879649546,0.04964400468638534,0.9965015861471116,0.0672317848216169,2.0993084526355776,-0.07209616418816256,-0.06356374633621409,0.9953701881638616,1.1893188887999457
0.9959015579678728,-0.056142043651889906,0.07090956730998343,4.521761467410073,0.05121211136790034,0.9962646884004046,0.06952671726610503,2.174458433952463,-0.07454806673044723,-0.065610336259603,0.9950567353898825,1.2212234942386573
0.9956331742151978,-0.05802722896929452,0.07312602625315145,4.667013128547154,0.05277446887746303,0.9960201238829807,0.07182483295832336,2.249929764545511,-0.07700278970253113,-0.06765200317100822,0.9947330306631778,1.2526200125038827
0.9953563427009942,-0.05991673896489719,0.07533763937388105,4.812193580704388,0.05433096761796213,0.9957677935195632,0.07412605605604958,2.3257193454265703,-0.07946019195330781,-0.06968866880174512,0.994399122090754,1.2835107102926457
0.9950709988220516,-0.061810662723492116,0.07754447354838878,4.957318374190436,0.05588167293104154,0.9955077447434233,0.07643038022492937,2.4018283873505784,-0.0819203250494854,-0.07172034229224833,0.9940549566167942,1.3138933484008106
0.9947771888122848,-0.0637087373443253,0.07974660391701338,5.102387642981313,0.05742633403572917,0.9952399553736896,0.07873776066746273,2.4782559462009246,-0.08438328910303944,-0.07374697419882248,0.9937006018685481,1.3437679405747929
0.9944749253333058,-0.06561118376765573,0.08194389243240097,5.247386561066918,0.058965165874996936,0.9949645150159868,0.08104815790020632,2.554998450931219,-0.08684891804152342,-0.07576852727320005,0.993335983764268,1.3731329656100684
0.9941642099228235,-0.06751782936470307,0.08413618017931235,5.392329833051377,0.060498050434266606,0.9946812676921181,0.08336155087949144,2.6320575843545786,-0.0893170619132426,-0.0777849912927166,0.992961205833789,1.4019937669788263
0.9938449942336197,-0.06942879110698996,0.08632365561895416,5.537203344652909,0.06202504567927345,0.9943903777977465,0.08567792060225327,2.709430247483036,-0.09178792041090113,-0.07979634081060782,0.9925762274963716,1.430341227053752
0.993517321281267,-0.07134402227111036,0.0885061599454714,5.682006840489379,0.06354615265157061,0.9940917320531207,0.0879972254806808,2.787115496199922,-0.09426132434762524,-0.08180254107409371,0.9921810324579364,1.4581791543560598
0.9931812064714775,-0.0732635121266309,0.09068379640566548,5.826740454536889,0.06506132709569354,0.9937853920959875,0.09031947655738531,2.865112386388633,-0.09673736201908464,-0.08380359847188651,0.9917756313119941,1.4855075626322005
0.9928366655213539,-0.07518699375291987,0.09285643028865564,5.971404387759634,0.06657034035839887,0.9934713968571294,0.0926445679657236,2.9434195018742546,-0.09921586703933495,-0.08579944067874704,0.9913600102366995,1.5123264725018188
0.9924836660817633,-0.07711466802571149,0.09502399524156946,6.115984069529475,0.06807339896519392,0.9931496578681241,0.09497250235209445,3.0220342157270643,-0.10169681276873141,-0.08779005085680303,0.9909342223415668,1.5386305542391625
0.9921222245236805,-0.07904639428932037,0.09718645687781446,6.260494338426724,0.06957035539785814,0.9928202551799272,0.09730326813185258,3.1009572666435723,-0.10418015258937613,-0.08977543704333849,0.9904983240159705,1.5644251650628576
0.9917523363657399,-0.08098226591568053,0.09934392777736267,6.404935650797597,0.07106130554323584,0.9924831761663377,0.09963683367573496,3.1801881825655354,-0.10666597683742571,-0.09175555639079302,0.9900521470583332,1.589706517071349
0.991374005239027,-0.08292213449404517,0.10149622741619369,6.5492927912737855,0.07254611663492679,0.9921383823376423,0.10197313895614935,3.2597233924465012,-0.10915413534639729,-0.09373036371288135,0.9895959126164845,1.6144768838348824
0.9909873288511093,-0.08486609505929898,0.10364333106782153,6.693566216201475,0.0740249013947064,0.9917859206010199,0.10431217028408754,3.339562424228225,-0.11164455817355601,-0.0956998462914515,0.9891294384006872,1.6387324774518959
0.990592144416967,-0.08681411978281312,0.10578531880023401,6.837756126544832,0.07549760506653196,0.9914257951652039,0.10665391078210376,3.4197038617357975,-0.1141373518976119,-0.09766398629178913,0.9886528524613559,1.662473318542041
0.9901885861800537,-0.08876606101430595,0.10792217676778804,6.981862656279958,0.07696410434302756,0.9910579675404809,0.10899828985826666,3.500146760852612,-0.11663247278589862,-0.09962273111593942,0.9881660934603056,1.685699420851762
0.989776622233155,-0.09072201074680142,0.11005371546258869,7.125885939382954,0.07842450617490002,0.9906824846340304,0.11134533389155207,3.580890177462061,-0.11912975933890083,-0.10157609769242842,0.9876692018708816,1.7084107981274812
0.9893562106732672,-0.0926818319849198,0.11217994953827204,7.269826109829921,0.07987867306623998,0.9902993669634267,0.1136949396192061,3.661933167447538,-0.12162920087663447,-0.10352401204744521,0.9871621791966005,1.73060746411565
0.9889274629945354,-0.09464560910864389,0.11430093455389168,7.413668274622637,0.08132669561109156,0.9899086024285614,0.11604713758642844,3.743272631820952,-0.1241308308975555,-0.10546648283869398,0.986645031138031,1.7522878907385149
0.9884903240307225,-0.09661320803082368,0.11641654995000228,7.557427661699592,0.08276845475332123,0.9895102110209171,0.11840182771889804,3.824909309278878,-0.126634535226792,-0.1074034438804552,0.9861177453253185,1.773453640439925
0.9880447601373484,-0.09858458812016391,0.11852697496402409,7.701089311074469,0.08420389413204364,0.9891041384680309,0.12075901314128208,3.906840572891527,-0.1291404970691014,-0.10933488351410972,0.9855803401488973,1.7941031782689052
0.9875908461589231,-0.10055984503838339,0.1206319467141641,7.844653423711463,0.0856331375328974,0.9886904311509905,0.12311870971072301,3.9890650064839885,-0.13164843911609392,-0.11126081904460552,0.9850328485536743,1.8142365248451071
0.9871285351386311,-0.10253895659352669,0.1227315343664237,7.9881205229448256,0.08705615809863973,0.9882690930154828,0.12548085208557763,4.0715816659397195,-0.1341584560620691,-0.1131811957670917,0.984475277636341,1.8338498991401906
0.9866579000531889,-0.10452177984012362,0.12482573874993941,8.131490353392508,0.08847283148033876,0.9878401451051739,0.12784537177828126,4.154389607142049,-0.13667049548116647,-0.11509596156634387,0.9839075675643998,1.8529471096753767
0.9861788533872264,-0.10650840314026894,0.12691437894787438,8.27476304903061,0.08988324514736831,0.9874035745308183,0.13021229727217545,4.237487885974373,-0.1391844165588693,-0.11700514048803813,0.98332981961024,1.8715281701971023
0.9856914813315917,-0.10849867624886839,0.12899757318760208,8.417939133193386,0.09128726737488743,0.9869593430657484,0.132581576914629,4.320875558320141,-0.141700285348635,-0.11890868715767822,0.9827419859868658,1.8895892996770272
0.9851957661907877,-0.11049270852440346,0.13107526905013378,8.561003779870674,0.09268500142564955,0.9865075560983394,0.13495315803270921,4.404549053132962,-0.14421807370730222,-0.12080656785767796,0.9821440613158907,1.9071289769105988
0.9846916671576013,-0.11249034591945395,0.13314745186068988,8.703971760654724,0.0940762913639676,0.9860481754019245,0.13732703852204942,4.488509581167653,-0.14673775586306279,-0.1226987742718886,0.9815360440916271,1.9241525522432568
0.9841792358821665,-0.1144916740362042,0.13521418260817364,8.84682857190549,0.09546124887006341,0.9855811294745372,0.13970316779282743,4.572754043436182,-0.1492594014133776,-0.12458524777615293,0.9809180004893339,1.9406547028224423
0.983658521480556,-0.11649656426117005,0.13727521936570142,8.989574347599074,0.09683975697091254,0.9851065568483293,0.14208151955108644,4.657281495821945,-0.15178273568969514,-0.1264659976433292,0.9802899656039703,1.9566354423945995
0.9831294592513554,-0.11850510403088332,0.13933065500143238,9.132208832353399,0.0982119031358924,0.9846243857582885,0.14446205268728476,4.742090994208272,-0.1543078402275837,-0.12834096543747117,0.9796518291290208,1.9720985794809565
0.9825920823448757,-0.12051714325380877,0.14138057357369926,9.274732683478845,0.09957752878291826,0.9841346371823209,0.14684476507579958,4.82718065036201,-0.15683481648144437,-0.1302101732071022,0.979003659606756,1.9870403467996027
0.9820463996778943,-0.12253278033479717,0.14342467864325315,9.417145900975413,0.10093677878380551,0.9836372980996563,0.1492295925015633,4.912550464283161,-0.1593633639485362,-0.13207355615196986,0.9783454865389599,2.0014607443505312
0.9814923851291575,-0.1245518702036913,0.14546309598183726,9.559448752795305,0.10228950089082495,0.9831323894224386,0.15161649279222147,4.998198547738507,-0.16189360514413806,-0.1339310918976333,0.9776773228302866,2.015359799626623
0.9809301547232779,-0.12657439548240965,0.1474957962398924,9.701626345940298,0.10363567874730961,0.9826199739597901,0.15400546173904073,5.084121801739961,-0.16442546824611926,-0.13578277117133877,0.9769991654693606,2.0287359845501243
0.9803595712731453,-0.12860044083883992,0.149522760338334,9.843693841360817,0.10497541353290148,0.9820999800165704,0.15639646562964465,5.1703214370424,-0.16695893737160802,-0.13762855772215501,0.9763109525810268,2.0415908546916626
0.97978075554641,-0.1306298642848861,0.1515438002087719,9.98563634605864,0.10630859116011149,0.9815724281720061,0.15878943495616432,5.256794354657732,-0.16949385033546854,-0.13946842200217616,0.9756128446214654,2.0539228819734916
0.9791936731135755,-0.13266264636356423,0.15355914164266182,10.12745399400987,0.10763516079998756,0.9810373814242834,0.16118438442791408,5.343539610469351,-0.17203039042300378,-0.14130236201504137,0.9749046850050237,2.065732080142034
0.9785982953218585,-0.13469887367835603,0.15556865108397888,10.269146919190604,0.10895523862312594,0.9804947679097484,0.1635812824581357,5.430556260360651,-0.174568440738958,-0.14313033421872248,0.9741866397810565,2.077018462943741
0.97799469719225,-0.13673840071205617,0.1575722893278657,10.410715389553047,0.1102686965926395,0.9799446082774995,0.16598006899798734,5.517842416098416,-0.1771079636271126,-0.1449523386619981,0.9734585850918595,2.087782057871493
0.9773828615202735,-0.13878121167823704,0.15956992366857747,10.5521594050972,0.11157552733261443,0.979386965217466,0.1683807493402667,5.605398077682649,-0.17964878110000548,-0.14676835874572816,0.9727206271564608,2.0980228649252695
0.9767627548249171,-0.14082728574916503,0.16156175702454867,10.693479623133442,0.11287569476592109,0.9788218428068572,0.1707832454746219,5.693221356880192,-0.1821911063044058,-0.1485783174359477,0.9719726669599175,2.1077371168231807
0.9761344795567862,-0.14287658855705243,0.16354762858357175,10.834660761305372,0.11416921388351281,0.9782491859840725,0.17318750685373935,5.781309154702898,-0.18473477893457352,-0.150382196227001,0.9712148677549969,2.1169270802622506
0.9754979172380152,-0.14492922110995188,0.16552766771491845,10.975717980563417,0.11545613976558973,0.9776690404725851,0.17559359456802126,5.869662681905643,-0.18727990102313608,-0.15218000548269395,0.9704470630627681,2.1255943108131063
0.9748531712353696,-0.14698504001534507,0.16750156895196167,11.116636521885454,0.11673639520421591,0.9770814270530158,0.17800142227466526,5.958277895383729,-0.18982619233521586,-0.15397171551102157,0.9696694012939097,2.1337372941444386
0.9742002431188821,-0.14904402415515883,0.1694693134120251,11.257416774629661,0.11800996913552488,0.9764863494080055,0.180410912005828,6.047154795137217,-0.19237365270972184,-0.1557572792070135,0.9688818805109868,2.141352235481449
0.9735390928986791,-0.15110614753511176,0.17143115015240218,11.398058617390063,0.11927680704260804,0.9758838114832414,0.18282208267955635,6.136291492932832,-0.194922406084904,-0.15753667892416628,0.9680844064330785,2.1484429570918167
0.9728697284901866,-0.15317138097704142,0.17338704184284381,11.538562184142762,0.12053689601762214,0.9752737576910313,0.18523490058347106,6.22568704465397,-0.19747251156617873,-0.15930988170990706,0.9672770950650975,2.1550094727219715
0.972192233569501,-0.1552397073156101,0.17533669289438114,11.678927998222036,0.12179025473947318,0.9746563102546847,0.18764933838206047,6.31534050618408,-0.20002363102143503,-0.16107693074118223,0.9664599160785021,2.1610480013435662
0.9715065454794825,-0.15731121096017708,0.17728019135569184,11.81915580424581,0.12303696698958326,0.9740313377442873,0.1900654087015247,6.4052509334064975,-0.20257586075588324,-0.16283775978175102,0.9656328785074184,2.166562351477822
0.9708127124983204,-0.15938564634606944,0.17921767346540207,11.959245870166285,0.124276778299025,0.9733989957899694,0.19248299561039928,6.4954164380880055,-0.20512931565114081,-0.1645923436357508,0.9647959963304407,2.171552550617612
0.9701107015903776,-0.1614631020067787,0.18114897801848784,12.099183558367315,0.12550979285253838,0.972759211706059,0.19490213707230444,6.585834865357185,-0.20768381934408062,-0.16634067640766012,0.9639493129248957,2.17601326216397
0.9694005561472651,-0.1635435510077723,0.18307397481775745,12.238968747442925,0.12673604119532117,0.9721119902273806,0.19732273828446437,6.676504326980762,-0.21023924754742201,-0.16808269541632573,0.9630927550144911,2.179948308384546
0.968682301158203,-0.16562699008963766,0.18499284225035106,12.378616598343541,0.1279554758449492,0.9714573924655884,0.19974476549199038,6.76742603371361,-0.21279577744988393,-0.16981837036853428,0.9622264008199874,2.1833592448499743
0.9679558807701422,-0.16771325437865592,0.18690548199711632,12.518112741405218,0.12916796114948878,0.9707953809831534,0.20216823557232538,6.8585959424510925,-0.21535326498827972,-0.17154774426519065,0.9613503001710384,2.1862407624541547
0.9672213953726349,-0.16980245980184394,0.18881185589988414,12.65745678726978,0.13037363380242697,0.9701260011089787,0.20459308110071658,6.9500140531931525,-0.21791169986226117,-0.17327070916570514,0.9604643293173336,2.188596655971871
0.9664788236072376,-0.1718945655942754,0.19071180314644698,12.796634366273281,0.13157249426475492,0.9694491980445099,0.2070192515298504,7.0416763228351495,-0.22047087455179443,-0.17498729084622802,0.9595686515116404,2.190421616297023
