1.0000000294105207,-4.855939822587713e-09,3.010761889798985e-09,0.0,-4.855939822587713e-09,1.0000000275380008,-7.377122436048266e-10,0.0,3.010761889798985e-09,-7.377122436048266e-10,1.000000015921967,0.0
0.999999614678454,-0.00011779595209883724,0.0008838659118693692,0.1474703857146551,0.00011823113800815308,0.9999999037542011,-0.0005067387110013669,0.07626534653782002,-0.0008838087000179184,0.0005068419941118146,0.999999509036639,0.01455197474825809
0.9999984378126283,-0.00023523450928083448,0.0017677098112360845,0.29494857530039553,0.00023702361998579192,0.9999994701183732,-0.0010133624665923846,0.15254155041806783,-0.0017674589383078476,0.001013778734379328,0.999997921685425,0.029012716817661044
0.9999964126106584,-0.00035221147045739077,0.0026516350120068255,0.44243456875724974,0.0003562377404859949,0.9999988024727384,-0.0015198830896079483,0.22882861164074697,-0.002651098853025169,0.001520820354657143,0.9999953240773743,0.04338222620820886
0.999993656282762,-0.00046871833735835297,0.0035356487207353626,0.5899284330732826,0.0004758755826198698,0.9999978418100088,-0.0020262986058758436,0.30512605814754856,-0.003534693948871806,0.0020279664981205925,0.9999917169519065,0.05766050979312354
0.9999900920498965,-0.000584866230711887,0.004419755451110785,0.7374150742860479,0.0005960614953186863,0.9999966324069055,-0.0025325979515286386,0.38143220712530024,-0.004418259593360813,0.0025352059974181884,0.9999870408545742,0.07184601887499298
0.999985682539526,-0.0007004412706857251,0.005303832506190875,0.884909519369927,0.0007165510319620576,0.9999951447172742,-0.0030388034934339674,0.4577492134454797,-0.005301679785921484,0.0030425602122932105,0.999981343113778,0.08594029527800018
0.9999805398098525,-0.0008155313396057892,0.006187989478170675,1.0324117683249199,0.0008374790420610871,0.9999933661149149,-0.0035449060329573664,0.5340770771080887,-0.006185055374399562,0.0035500184873168417,0.9999745750565207,0.09994333900215935
0.9999745937547795,-0.0009301742793603254,0.007072114943150631,1.1799067271886088,0.0009588371081472843,0.999991351398382,-0.004050901860889061,0.6104141152999496,-0.007068281206503282,0.00405757811003471,0.9999667851678596,0.11385360135005129
0.9999678113429862,-0.0010443322005320131,0.00795644107031207,1.3274094899234115,0.0010806020609355907,0.999989045769121,-0.0045567915511449675,0.6867620108342383,-0.00795159285194981,0.004565241329671843,0.9999579972692271,0.1276726310190952
0.9999602667974341,-0.001158145407056485,0.008840724744366923,1.474919989541263,0.0012029235017535602,0.9999864892951198,-0.0050625600383751735,0.76312123576926,-0.008834743024906458,0.005072992346198679,0.9999481264985105,0.1414004211360549
0.9999519303334605,-0.0012714882222486477,0.00972509541103922,1.6224382930302284,0.0013256749985604641,0.9999836398040237,-0.0055682226270623615,0.8394913180467114,-0.009717854616531255,0.005580844990727751,0.9999371861373284,0.15503697857417365
0.9999428032839768,-0.001384345923799813,0.01060954037954176,1.7699493064278897,0.0014488417995341984,0.9999804994001996,-0.006073775629252919,0.9158705748534128,-0.01060092000036661,0.006088800305717401,0.9999252947186957,0.16858075463601807
0.9999328235235765,-0.0014967560921883179,0.011494057404210056,1.9174680567086,0.0015724449908521298,0.9999771228822021,-0.00657922299328939,0.9922611610608474,-0.011483953040408945,0.006596853030951866,0.9999123321770613,0.18203329114579248
0.9999220850557056,-0.0016088066335046211,0.012378546127207235,2.0649945438723876,0.0016965751665556342,0.999973497623831,-0.007084543361977984,1.068663076669015,-0.012366816766715721,0.007104992742617,0.9998982882153334,0.19539458810348975
0.9999105639830143,-0.001720386545843243,0.01326321297687233,2.2125137409448996,0.001821150150071826,0.9999695793483653,-0.007589757061585313,1.1450741668064328,-0.013249753301521242,0.007613231766137651,0.9998832439314056,0.2086631036849269
0.9998982548110059,-0.0018313783834381994,0.014147842290508139,2.360040674900432,0.0019460371749990605,0.9999653848907382,-0.00809487432167302,1.2214965863445837,-0.014132523538308683,0.008121581683785961,0.9998671771974726,0.22184037971429404
0.9998851282324084,-0.0019420168477051608,0.01503242129030341,2.5075753457390135,0.0020714427668451444,0.999960880581083,-0.008599867742962872,1.2979303352834677,-0.015015130484111308,0.008630017478100271,0.9998500267849149,0.23492641619158405
0.9998712061210823,-0.0020521781440757877,0.015917065477526693,2.6551026594983114,0.0021972931665019133,0.9999561443659877,-0.009104749994166335,1.374373730809907,-0.01589768424003117,0.009138550914658705,0.9998318644621657,0.24791966441938484
0.999856492663781,-0.0021618833436611237,0.016801782189567793,2.802637643152565,0.002323558870325395,0.999951113029431,-0.00960952002310007,1.4508289277953814,-0.01678018437649209,0.009647180767696939,0.999812690982069,0.2608216662219007
0.9998410452267112,-0.0022711111852338275,0.01768656257369655,2.950180363689867,0.002450263047604417,0.9999458497874343,-0.010114178090152066,1.5272954541815889,-0.017662632497200917,0.010155906410061921,0.9997924455187329,0.2736324284723395
0.9998247281436935,-0.0023799938368685714,0.01857141947298807,3.0977157271478575,0.0025775068779811863,0.9999403357006974,-0.010618709183111403,1.60377162715535,-0.018545027542624853,0.010664715217023168,0.9997711293899051,0.28635040247330323
0.9998076083077225,-0.00248839715331578,0.01945620812363863,3.2452587605008603,0.0027051660125229013,0.999934469589578,-0.011123128553324601,1.6802596015881495,-0.019427257793547342,0.011173620952386887,0.9997488475774117,0.29897713004896787
0.9997897651384959,-0.002596337881588119,0.02034118779872429,3.3927944367745226,0.0028332636205218057,0.9999283694686517,-0.011627436514316754,1.7567572226085026,-0.02030953979209074,0.011682621897848355,0.999725506848509,0.3115110693751504
0.9997710422492547,-0.002703918459968438,0.021226108775891317,3.5403377829431975,0.0029618861297945865,0.999922020607352,-0.012131614312783399,1.8332666450878907,-0.021191649913849156,0.012191704734217712,0.9997010815807436,0.3239537622760409
0.9997516006063276,-0.0028109103932561982,0.022111082827735384,3.6878887320187914,0.0030908290979467824,0.9999153955638912,-0.01263569121323668,1.9097883410846208,-0.022073691478211754,0.012700892905962602,0.9996757030775415,0.3363052018784174
0.99973130682493,-0.0029174309846301608,0.02299612611204449,3.8354323240150734,0.0032201937046209537,0.9999084775033358,-0.013139652463851783,1.9863196836689045,-0.022955685660654243,0.013210173441122852,0.9996491932440469,0.3485638532313189
0.9997102667083023,-0.0030234884174803606,0.023881100362696417,3.9829831295601252,0.0033499820329264416,0.9999013254329736,-0.013643496459787501,2.0628632997704663,-0.02383748679083604,0.013719543627628727,0.9996217176463409,0.36073504606049056
0.999688373692739,-0.0031290746985330603,0.02476613068637412,4.1305416050001895,0.003480191999753787,0.999893880345517,-0.014147227702047072,2.1394187173310666,-0.024719233127428228,0.014229008030467338,0.999593169285703,0.3728149924643702
0.9996657297623758,-0.003234300639577442,0.025651215720025156,4.2780926563728485,0.003610943702790222,0.9998861865176868,-0.014650826698670615,2.215984253537524,-0.02560090671677645,0.014738552471296462,0.9995636079398478,0.3848021437455458
0.9996422908717303,-0.003339069723371342,0.026536355780013676,4.4256513106524835,0.003742125461815121,0.9998781975683954,-0.01515430556570702,2.2925620632613217,-0.02648251207811482,0.015248185916935886,0.9995329737236666,0.39669804172820733
0.9996180585417329,-0.003443352505297384,0.027421545305962303,4.573202540864713,0.0038737372768287187,0.999869917706376,-0.015657667991112723,2.3691499916309784,-0.027364064034782337,0.015757910452302293,0.9995013259842124,0.4085011445881719
0.9995930150768868,-0.003547289526936573,0.02830678220449445,4.720761373983919,0.004005882410584448,0.9998613869996166,-0.01616089922306574,2.4457501935179735,-0.02824553444361763,0.01626771259351284,0.9994686645066971,0.42021299414962243
0.999567166577692,-0.003650748810330534,0.0291919619751404,4.868312783035719,0.004138442848504769,0.9998526243874172,-0.016664011356359736,2.5223605140508276,-0.029126817822942977,0.016777606818215385,0.99943491865141,0.431832048588376
0.9995405331922813,-0.003753727712897323,0.030077302842625997,5.015871728006431,0.004271448094237425,0.9998435097508354,-0.017167002329139418,2.5989835801593237,-0.030008151775758565,0.017287587780274838,0.9994001707265987,0.44335984285539354
0.9995131120919808,-0.003856140638424904,0.03096255932604275,5.16343827588409,0.004404735877736562,0.9998341758350137,-0.017669893163815426,2.675618919785162,-0.030889281942632393,0.017797668007035028,0.9993643356274282,0.4547963838239042
0.9994848787119391,-0.003958192843711572,0.03184786947274454,5.310997332706336,0.004538586483622274,0.9998245931788186,-0.018172644376944415,2.7522648501151608,-0.03177036063792818,0.01830782456595098,0.9993274874356465,0.46614012279648875
0.9994559102156261,-0.004059758366897787,0.032733220701328336,5.458563925447436,0.004672846059318729,0.9998147196098958,-0.01867527282471505,2.8289235260208017,-0.03265133500620919,0.018818068508759167,0.9992896248603539,0.4773926015973444
0.9994260859665357,-0.004160866557542775,0.033618613535138286,5.606123027133151,0.004807542025358911,0.9998045509195116,-0.019177782195082826,2.905592792630607,-0.03353224738401918,0.019328396824084215,0.9992507479552475,0.4885522784022882
0.9993954992076486,-0.004261614218063148,0.034503931949561695,5.753689275379571,0.004942764975784076,0.9997941334887541,-0.019680156131380785,2.9822748048159937,-0.034412953389746107,0.0198388033244824,0.9992107848981964,0.4996244898102802
0.9993640709568038,-0.004361889491030085,0.0353894109374806,5.90124803257055,0.005078409564732865,0.9997834230409023,-0.02018240521920893,3.058967407705543,-0.03529371577692593,0.020349291997250385,0.9991698197179241,0.5106038992223461
0.9993318912354914,-0.004461701700531409,0.03627480292460994,6.048814325680468,0.005214492627134486,0.9997724785832437,-0.02068453572915592,3.1356727561707345,-0.03617425567995515,0.02085987124782268,0.9991277670948076,0.5214920484626901
0.9992989186472733,-0.004561041522479298,0.03716023599362128,6.196373127734915,0.0053509909937025845,0.9997612411084906,-0.021186543473744556,3.2123886953400884,-0.03705472714018643,0.021370532670764775,0.9990847000881802,0.5322873957071153
0.9992651455707191,-0.004660019673604784,0.03804581182128364,6.3439393987202095,0.005488022679014463,0.9997497548933644,-0.021688406346497078,3.2891178521433897,-0.03793522081595849,0.021881261161275756,0.9990406291304615,0.5429914759065824
0.9992305653664396,-0.004758525817409431,0.03893131479959189,6.491513205624415,0.00562548442031292,0.9997379756611436,-0.022190144849046273,3.3658597545223348,-0.03881552767700869,0.022392075529991284,0.9989954721818896,0.5536042959343277
0.9991951938329633,-0.004856442175423734,0.039816726263421476,6.639079454485142,0.005763243451199609,0.9997259202467619,-0.022691775837581744,3.442612719663744,-0.03969561614356622,0.022902984116578096,0.9989492872449204,0.5641243070929249
0.999159036464787,-0.004953885955768303,0.04070228257927866,6.786653172276715,0.0059014325380761755,0.9997135718152858,-0.023193276706103088,3.519378902439101,-0.0405757253221479,0.02341397302261733,0.9989020985716482,0.5745530512065784
0.9991221260884342,-0.005050977579494589,0.04158788449070694,6.934218942666632,0.006040178112983818,0.999701033650724,-0.023694643745398647,3.5961561479768633,-0.041455761968273705,0.02392503925457734,0.9988538360604181,0.5848927812258822
0.9990843595832661,-0.005147587681695917,0.04247349656442556,7.081792181987396,0.006179330574590507,0.9996881434617801,-0.024195881164202723,3.6729466111485713,-0.04233569172433531,0.02443618110639001,0.9988045559932106,0.595141244200228
0.9990457886161955,-0.005243733769850142,0.04335901398360065,7.229357863264681,0.006318883588539568,0.9996750192630298,-0.0246969889412601,3.7497481370827455,-0.04321541941275987,0.024947404271420115,0.9987542476154239,0.6052968983054399
0.9990064716731542,-0.005339533052077877,0.04424469544327203,7.3769309464847765,0.006459007842343104,0.9996616442195394,-0.02519795343006924,3.8265633527091705,-0.04409516372355066,0.025458694851248798,0.9987028775525748,0.615361278492486
0.9989663481748337,-0.005434844511507372,0.04513026096655459,7.524496471661394,0.006599547400310998,0.9996479782633214,-0.025698786693543803,3.9033896310980616,-0.04497470618149249,0.025970061697465463,0.9986505369131178,0.6253328498103841
0.9989254272468163,-0.005529683203150837,0.04601586401769431,7.6720693987807635,0.006740502262444662,0.9996340192900091,-0.026199491920113817,3.980229599179202,-0.04585413572661938,0.026481507010217176,0.998597061690356,0.6352131472101235
0.9988837286779756,-0.005623940862742885,0.04690147481081186,7.819634767856712,0.006881754414168679,0.9996198431418235,-0.026700093341881767,4.057080630022808,-0.046733480287304605,0.02699304938752256,0.9985426285808522,0.6450006357407148
0.9988412138390488,-0.005717842962669514,0.04778711338465602,7.967207149517236,0.007023554636456341,0.9996053571416103,-0.027200540911057634,4.133945350558603,-0.047612713868267695,0.027504656332944133,0.9984871198055205,0.6547006451279316
0.9987979030913555,-0.005811257049681606,0.048672762120790525,8.114771906146245,0.00716577016291001,0.9995905802286693,-0.02770085885974202,4.21082160591517,-0.04849184935975484,0.028016337691836313,0.9984305934742116,0.6643078387727854
0.9987537943415192,-0.0059042212270773164,0.04955844177771651,8.26234399773,0.0073084157453516705,0.9995755672015553,-0.0282010450835673,4.287712023022289,-0.04937088697655413,0.02852809329950612,0.998372991799257,0.6738237516262444
0.9987088896829165,-0.005996697581674787,0.050444110315087554,8.409908531270275,0.007451476631959338,0.9995602632617135,-0.02870110010331323,4.364613502891872,-0.05024982650387748,0.029039925173563907,0.9983144303022963,0.6832468556105766
0.9986632295467227,-0.006088812455566153,0.051329828438374636,8.557465372790972,0.0075950792547753885,0.9995447105814986,-0.02920100654201044,4.441526989640531,-0.05112864881393986,0.02955182596810796,0.9982547354592335,0.6925771369793239
0.9986167132817136,-0.006180468285869614,0.05221553491876263,8.705029683242515,0.007739088764290486,0.9995288627798228,-0.029700778088672802,4.518453694023135,-0.052007364233938036,0.030063794458912496,0.9981940807404678,0.7018161513031274
0.9985694409666673,-0.006271762635466971,0.05310125555178591,8.8525859123163,0.00788365476183619,0.9995127662377736,-0.030200405263020758,4.595392405284752,-0.05288597747480234,0.030575831870203296,0.9981323489575805,0.7109661377861372
0.9985213712219242,-0.006362592400668332,0.053987000498535,9.00014947634483,0.008028636063547662,0.9994964356859182,-0.03069989702455505,4.6723452782969215,-0.05376447780285169,0.031087945035959408,0.9980696010707066,0.7200248434777592
0.9984725187011203,-0.006452808191095616,0.054872728351391786,9.147705348353782,0.008173929406671004,0.9994797720489805,-0.031199278126153213,4.749310158188164,-0.05464286371456947,0.0316001436669226,0.9980058328312682,0.7289907265538034
0.9984228586765531,-0.006542573121325029,0.05575836554004998,9.295268555317477,0.008319623302136245,0.9994628722978699,-0.03169851483418174,4.8262891998299615,-0.05552101791197221,0.03211240728207654,0.9979409767731063,0.7378653288384669
0.9983723945493429,-0.006631967626993113,0.05664411456776752,9.442824070261594,0.008465865268167016,0.9994456647990982,-0.032197599815241035,4.903280248350832,-0.05639917971636482,0.032624735118116976,0.997875113591387,0.7466471085075455
0.9983211795241113,-0.0067208969779163075,0.05752975374281777,9.590386530802277,0.008612530955828398,0.9994282232905203,-0.032696553570964806,4.980285458622195,-0.05727710399847974,0.0331371331498706,0.9978082205397036,0.7553414021600275
0.9982691205375074,-0.0068093385060412626,0.05841552152508356,9.737941299323381,0.008759603530190709,0.9994104908692146,-0.033195368247174645,5.057302675772631,-0.05815503997724246,0.03364960744801221,0.9977403220849386,0.7639428731969247
0.9982163085595055,-0.006897329554200943,0.05930115514215606,9.885488375824906,0.008907114578005618,0.999392522333736,-0.0336940485308704,5.13433189980214,-0.059032738648515576,0.03416215043617932,0.9976713313480841,0.772451521618251
0.9981626930513068,-0.006984950558031888,0.06018691631975581,10.033042653305074,0.009055158944563836,0.9993742460505961,-0.034192582359141216,5.211376229698809,-0.05991042988865147,0.03467476135106767,0.9976013351007538,0.7808688755017528
0.9981082685184144,-0.007072105646652754,0.06107256607465583,10.180589238765663,0.009203603863463717,0.9993557357576501,-0.034690973898210034,5.288432566474551,-0.06078787459113333,0.035187435049999716,0.9975303088223685,0.7891934067696695
0.9980530712835277,-0.007158647140732138,0.061958323787654423,10.328142769822819,0.009352375575599337,0.9993368923796219,-0.03518924900627481,5.365503065000787,-0.061665323678783704,0.035700197919973586,0.997458215104655,0.7974304520209898
0.9979970650239474,-0.0072447457678873894,0.06284395540317367,10.475688474884294,0.00950154784007662,0.9993178718947088,-0.03568738392950427,5.442586514522704,-0.06254252622878004,0.0362130212091511,0.997385089850199,0.8055746609102954
0.9979403133608424,-0.007330465216742382,0.06372969885775226,10.623226487926189,0.00965127659258616,0.9992984846548466,-0.036185367125764485,5.519681970923692,-0.0634197303630155,0.036725905872532716,0.9973109574721853,0.8136260471840302
0.9978826903596184,-0.007415719130619891,0.06461531569150736,10.770771701946728,0.009801412231792388,0.9992788634051782,-0.036683206449233875,5.596792533191842,-0.06429667937379675,0.03723885702579277,0.997235793503732,0.8215861389199262
0.9978243407952591,-0.007500492834740302,0.06550103734329615,10.91830883458951,0.009951971592632997,0.9992590102500702,-0.03718090721396626,5.673915102339002,-0.06517362803572432,0.03775187617461895,0.9971595617737685,0.8294572028150426
0.9977651618448864,-0.00758490888791602,0.06638664338563205,11.065853168210936,0.010103064272212909,0.9992388472429348,-0.03767843618585266,5.751052777353326,-0.06605031726975166,0.038264939509470186,0.9970822995831737,0.8372369721723274
0.9977051854648169,-0.007668859786346849,0.06727224439213453,11.21338967583668,0.010254572255958593,0.999218450225993,-0.03817583395365877,5.828203403363329,-0.06692689359096406,0.03877807304003461,0.997004018277217,0.8449239051676045
0.9976444505652956,-0.007752453794298175,0.06815781993123837,11.360918491442845,0.010406621975912187,0.9991977433570236,-0.038673062054240794,5.905366036252403,-0.06780332304823748,0.0392912581682936,0.9969247157595432,0.8525180155472967
0.9975828869304844,-0.00783545687576137,0.06904350395178493,11.508454118669476,0.01055896056799059,0.9991767603058933,-0.03917017741177429,5.98254377500858,-0.06867974766051499,0.039804526396919615,0.9968443458562385,0.8600246261639484
0.9975205672624143,-0.007917979367234873,0.06992904059300686,11.655981919900427,0.010711737633521118,0.9991555453493236,-0.03966715100088458,6.059734464760435,-0.06955590531862489,0.040317858915277005,0.9967630021501623,0.8674384004185924
0.9974574021120417,-0.008000027950224559,0.07081469620369796,11.803501895135696,0.01086492158575234,0.9991340373756596,-0.040163980238935686,6.136938105507971,-0.0704320598500436,0.04083125878266519,0.9966805921345666,0.8747593383112147
0.9973934851151635,-0.008081609477306378,0.07170020140438371,11.951029071349609,0.011018514507791715,0.9991122953921896,-0.04066066612497289,6.214156852122667,-0.07130794699771852,0.041344710316592814,0.9965970881701028,0.8819889816660123
0.9973287609737814,-0.008162819439129082,0.0725858102670307,12.098548032209663,0.01117265550039615,0.9990902456610586,-0.04115718553221981,6.291388549732984,-0.0721838121057053,0.041858214953902684,0.9965126361606493,0.8891295834335864
0.9972632844134476,-0.008243554351770183,0.07347128130107539,12.246059167074037,0.01132722021463096,0.9990679029128336,-0.04165354473126416,6.36863319833898,-0.0730594248680754,0.0423717758227391,0.9964270914932274,0.8961773488391387
0.9971969608498807,-0.008323823349201204,0.07435685159277639,12.393577368940953,0.011482191815566228,0.9990453261548025,-0.04214976905952794,6.445893896928743,-0.0739350196804153,0.0428853994756192,0.9963405384113482,0.9031338059604295
0.9971298955138748,-0.008403618438148408,0.07524239955714362,12.54108735545401,0.011637587138133522,0.999022456379677,-0.042645845848300626,6.523167546514127,-0.0748104659105115,0.0433990904775301,0.9962529644399343,0.9100012214944968
0.9970619694862624,-0.008482932176640728,0.07612791764980731,12.688589515971387,0.011793389347399154,0.9989993546991122,-0.04314178457785894,6.60045414709519,-0.07568576078052651,0.04391283835750287,0.9961643088873358,0.9167758006665423
0.9969933032071412,-0.00856178630119625,0.07701339769366933,12.836098743491306,0.011949615278297045,0.9989759578970866,-0.043637570496381846,6.677756797660022,-0.07656092189163682,0.044426648374984,0.9960746308321207,0.9234590715543263
0.9969238181885194,-0.008640276473533798,0.07789886799160062,12.983599755657366,0.012106374527935889,0.9989523123546881,-0.044133192019224984,6.755072399220472,-0.07743592733821991,0.04494050322502552,0.9959839331782704,0.9300533008548797
0.9968535913974584,-0.008718277302142724,0.07878430024073024,13.131092807851644,0.012263557499206757,0.9989283758995621,-0.04462866073103271,6.832401895893209,-0.07831078420255931,0.04545441951811602,0.9958922130218035,0.9365546800469815
