-0.14122174680233002,-0.10104487091302872,-0.9848077893257141,-142.74038696289062,-0.989978015422821,0.014414179138839245,0.14048421382904053,9.024218559265137,-1.3415722754928083e-08,0.9947774410247803,-0.10206779092550278,44.8966064453125
-0.14202135801315308,-0.10146840661764145,-0.9846492409706116,-142.57925415039062,-0.9898635149002075,0.014177809469401836,0.14131242036819458,9.023850440979004,-0.0003785763983614743,0.9947377443313599,-0.10245342552661896,44.85403060913086
-0.14282074570655823,-0.10189206153154373,-0.9844898581504822,-142.41810607910156,-0.9897482991218567,0.013941789977252483,0.14214064180850983,9.023365020751953,-0.000757452507968992,0.9946977496147156,-0.1028386652469635,44.8115234375
-0.14361976087093353,-0.10231583565473557,-0.9843296408653259,-142.25692749023438,-0.9896323084831238,0.013706108555197716,0.1429687738418579,9.0227632522583,-0.0011366411345079541,0.9946575164794922,-0.1032235249876976,44.76908874511719
-0.14441856741905212,-0.1027398556470871,-0.9841685891151428,-142.09573364257812,-0.9895155429840088,0.013470795936882496,0.14379693567752838,9.022045135498047,-0.0015161419287323952,0.9946170449256897,-0.10360810905694962,44.726722717285156
-0.14521712064743042,-0.10316398739814758,-0.9840067028999329,-141.9345245361328,-0.9893980026245117,0.013235833495855331,0.14462511241436005,9.021210670471191,-0.001895954366773367,0.9945762753486633,-0.10399231314659119,44.68442916870117
-0.1460154503583908,-0.10358824580907822,-0.983843982219696,-141.77330017089844,-0.9892796874046326,0.013001222163438797,0.1454532891511917,9.020258903503418,-0.0022760783322155476,0.9945352673530579,-0.10437612980604172,44.64220428466797
-0.14681342244148254,-0.104012630879879,-0.9836804270744324,-141.612060546875,-0.9891606569290161,0.012766949832439423,0.1462813913822174,9.019190788269043,-0.0026565135922282934,0.9944940209388733,-0.10475955903530121,44.60004806518555
-0.14761127531528473,-0.10443724691867828,-0.9835160374641418,-141.4508056640625,-0.9890407919883728,0.012533058412373066,0.14710961282253265,9.01800537109375,-0.0030372589826583862,0.9944524765014648,-0.10514272004365921,44.55796432495117
-0.148408904671669,-0.10486198216676712,-0.9833507537841797,-141.28952026367188,-0.9889201521873474,0.012299519032239914,0.1479378491640091,9.016703605651855,-0.0034183149691671133,0.9944106936454773,-0.10552549362182617,44.51594924926758
-0.149206280708313,-0.10528707504272461,-0.9831846952438354,-141.1282196044922,-0.9887987971305847,0.012066367082297802,0.14876610040664673,9.015284538269043,-0.003799681318923831,0.9943686723709106,-0.1059081107378006,44.47400665283203
-0.15000329911708832,-0.10571229457855225,-0.9830177426338196,-140.96690368652344,-0.9886766672134399,0.011833555065095425,0.1495942622423172,9.013749122619629,-0.004181357100605965,0.9943263530731201,-0.10629034787416458,44.432132720947266
-0.1507999747991562,-0.10613762587308884,-0.9828500151634216,-140.80557250976562,-0.9885537624359131,0.011601082049310207,0.15042230486869812,9.012096405029297,-0.004563342314213514,0.9942837953567505,-0.10667219012975693,44.39032745361328
-0.15159651637077332,-0.10656319558620453,-0.9826814532279968,-140.64422607421875,-0.9884300827980042,0.011368992738425732,0.15125048160552979,9.010326385498047,-0.004945636261254549,0.994240939617157,-0.10705377161502838,44.348594665527344
-0.1523926854133606,-0.10698888450860977,-0.9825119972229004,-140.4828643798828,-0.9883056879043579,0.01113724336028099,0.1520785540342331,9.008440017700195,-0.005328238941729069,0.9941978454589844,-0.1074349582195282,44.30693054199219
-0.15318863093852997,-0.10741469264030457,-0.9823417663574219,-140.3214874267578,-0.9881804585456848,0.010905846953392029,0.1529066264629364,9.006436347961426,-0.005711149889975786,0.9941545128822327,-0.10781574994325638,44.26533508300781
-0.15398432314395905,-0.10784061998128891,-0.9821706414222717,-140.16009521484375,-0.9880545139312744,0.010674802586436272,0.1537347137928009,9.004315376281738,-0.006094369105994701,0.9941108822822571,-0.10819616168737411,44.223812103271484
-0.15477965772151947,-0.10826678574085236,-0.9819987416267395,-139.99868774414062,-0.9879277944564819,0.01044411864131689,0.15456269681453705,9.002077102661133,-0.006477895192801952,0.9940670132637024,-0.10857630521059036,44.18235778808594
-0.1555747538805008,-0.1086931824684143,-0.9818260073661804,-139.83726501464844,-0.9878003001213074,0.010213805362582207,0.1553906798362732,8.99972152709961,-0.006861728150397539,0.9940228462219238,-0.10895616561174393,44.14097213745117
-0.15636959671974182,-0.10911969840526581,-0.9816523790359497,-139.67581176757812,-0.9876720309257507,0.009983845986425877,0.15621867775917053,8.997249603271484,-0.007245868910104036,0.9939785003662109,-0.10933564603328705,44.09965896606445
-0.15716418623924255,-0.10954645276069641,-0.9814779758453369,-139.51434326171875,-0.987542986869812,0.009754258207976818,0.15704667568206787,8.994660377502441,-0.007630317006260157,0.9939337968826294,-0.10971485078334808,44.058414459228516
-0.15795841813087463,-0.10997331887483597,-0.9813027381896973,-139.3528594970703,-0.987413227558136,0.009525012224912643,0.15787456929683685,8.99195384979248,-0.008015070110559464,0.9938889145851135,-0.11009366810321808,44.01723861694336
-0.15875251591205597,-0.11040031164884567,-0.981126606464386,-139.1913604736328,-0.9872826933860779,0.009296133182942867,0.1587025672197342,8.989130020141602,-0.008400129154324532,0.9938437342643738,-0.11047209799289703,43.976131439208984
-0.1595463752746582,-0.11082740873098373,-0.9809496402740479,-139.02984619140625,-0.9871513247489929,0.009067609906196594,0.15953058004379272,8.986188888549805,-0.008785492740571499,0.9937983155250549,-0.11085013300180435,43.935096740722656
-0.16033996641635895,-0.1112547442317009,-0.9807718992233276,-138.86831665039062,-0.9870192408561707,0.008839460089802742,0.16035859286785126,8.98313045501709,-0.009171160869300365,0.9937525987625122,-0.11122789233922958,43.89413070678711
-0.16113319993019104,-0.11168219894170761,-0.9805932641029358,-138.70677185058594,-0.9868863821029663,0.008611653000116348,0.16118648648262024,8.97995376586914,-0.009557133540511131,0.9937066435813904,-0.11160526424646378,43.853233337402344
-0.16192618012428284,-0.11210976541042328,-0.9804138541221619,-138.5452117919922,-0.9867527484893799,0.008384199813008308,0.16201439499855042,8.976659774780273,-0.009943410754203796,0.9936604499816895,-0.11198224872350693,43.81240463256836
-0.16271890699863434,-0.1125376895070076,-0.9802335500717163,-138.38363647460938,-0.9866183996200562,0.008157140575349331,0.1628422886133194,8.973248481750488,-0.010329991579055786,0.9936139583587646,-0.11235906928777695,43.77164840698242
-0.163511261343956,-0.11296572536230087,-0.9800524711608887,-138.2220458984375,-0.9864832758903503,0.007930424995720387,0.16367006301879883,8.969719886779785,-0.010716875083744526,0.9935672283172607,-0.11273550987243652,43.730960845947266
-0.16430334746837616,-0.1133938729763031,-0.9798704981803894,-138.06044006347656,-0.9863473773002625,0.007704063784331083,0.16449783742427826,8.966073989868164,-0.01110406219959259,0.9935202598571777,-0.11311154812574387,43.69034194946289
-0.16509519517421722,-0.11382225155830383,-0.9796877503395081,-137.89881896972656,-0.9862107038497925,0.007478078827261925,0.1653256118297577,8.962309837341309,-0.01149155106395483,0.9934729933738708,-0.11348731815814972,43.6497917175293
-0.1658867746591568,-0.11425074934959412,-0.9795041084289551,-137.7371826171875,-0.9860732555389404,0.007252448238432407,0.16615337133407593,8.958428382873535,-0.011879345402121544,0.9934254884719849,-0.11386269330978394,43.60931396484375
-0.16667799651622772,-0.11467936635017395,-0.97931969165802,-137.57553100585938,-0.9859350919723511,0.007027161307632923,0.1669810265302658,8.954429626464844,-0.012267440557479858,0.993377685546875,-0.11423768103122711,43.568904876708984
-0.16746895015239716,-0.11510808765888214,-0.9791344404220581,-137.41387939453125,-0.9857960939407349,0.006802230142056942,0.1678086668252945,8.950312614440918,-0.012655836530029774,0.9933297038078308,-0.11461227387189865,43.528564453125
-0.1682596355676651,-0.11553704738616943,-0.9789483547210693,-137.25221252441406,-0.9856563806533813,0.006577673833817244,0.168636292219162,8.946078300476074,-0.013044537045061588,0.993281364440918,-0.11498658359050751,43.4882926940918
-0.16905006766319275,-0.11596623808145523,-0.9787614345550537,-137.0905303955078,-0.9855158925056458,0.006353495176881552,0.16946391761302948,8.941725730895996,-0.013433536514639854,0.9932328462600708,-0.11536062508821487,43.448089599609375
-0.16984012722969055,-0.11639553308486938,-0.9785736799240112,-136.9288330078125,-0.9853746891021729,0.0061296625062823296,0.17029142379760742,8.937255859375,-0.013822834007441998,0.9931840300559998,-0.1157342791557312,43.407955169677734
-0.17062991857528687,-0.11682494729757309,-0.9783850908279419,-136.76712036132812,-0.9852327108383179,0.005906186066567898,0.17111890017986298,8.93266773223877,-0.014212433248758316,0.9931349754333496,-0.1161075308918953,43.36789321899414
-0.17141956090927124,-0.1172545924782753,-0.9781956076622009,-136.6053924560547,-0.985089898109436,0.005683101247996092,0.17194649577140808,8.927962303161621,-0.01460233237594366,0.9930856227874756,-0.1164805069565773,43.32789993286133
-0.17220883071422577,-0.11768434941768646,-0.9780053496360779,-136.4436492919922,-0.9849463701248169,0.005460357293486595,0.17277397215366364,8.923138618469238,-0.01499253325164318,0.9930360317230225,-0.11685309559106827,43.2879753112793
-0.1729978322982788,-0.11811421811580658,-0.977814257144928,-136.28189086914062,-0.9848020672798157,0.005237970035523176,0.1736014187335968,8.918197631835938,-0.015383034013211727,0.9929862022399902,-0.1172252893447876,43.24811935424805
-0.17378658056259155,-0.11854419857263565,-0.977622389793396,-136.1201171875,-0.9846569895744324,0.005015944130718708,0.17442886531352997,8.913138389587402,-0.015773830935359,0.9929361343383789,-0.1175970807671547,43.20833206176758
-0.1745750457048416,-0.11897440999746323,-0.9774296283721924,-135.9583282470703,-0.9845111966133118,0.004794297274202108,0.17525628209114075,8.907960891723633,-0.016164924949407578,0.9928857684135437,-0.1179686039686203,43.16861343383789
-0.17536312341690063,-0.11940473318099976,-0.9772360324859619,-135.79653930664062,-0.9843645691871643,0.0045729936100542545,0.17608357965946198,8.902665138244629,-0.01655631884932518,0.9928351044654846,-0.11833972483873367,43.128963470458984
-0.17615094780921936,-0.1198352798819542,-0.9770416021347046,-135.63473510742188,-0.9842172861099243,0.004352068994194269,0.176910862326622,8.897252082824707,-0.01694800890982151,0.9927842617034912,-0.11871057003736496,43.08938217163086
-0.1769385039806366,-0.12026594579219818,-0.9768463969230652,-135.47291564941406,-0.9840691685676575,0.004131505265831947,0.17773811519145966,8.89172077178955,-0.01733999513089657,0.9927331209182739,-0.1190810278058052,43.04987335205078
-0.17772577702999115,-0.12069682776927948,-0.9766502976417542,-135.3110809326172,-0.9839202761650085,0.00391132477670908,0.1785653531551361,8.88607120513916,-0.017732275649905205,0.9926816821098328,-0.11945120245218277,43.010433197021484
-0.17851266264915466,-0.12112782895565033,-0.976453423500061,-135.14923095703125,-0.9837706685066223,0.0036914849188178778,0.17939245700836182,8.880303382873535,-0.018124856054782867,0.9926300644874573,-0.1198209822177887,42.97106170654297
-0.1792992800474167,-0.12155893445014954,-0.9762557148933411,-134.98736572265625,-0.983620285987854,0.0034720050171017647,0.18021954596042633,8.874417304992676,-0.018517732620239258,0.9925781488418579,-0.12019035965204239,42.931758880615234
-0.18008574843406677,-0.1219901517033577,-0.9760571122169495,-134.82550048828125,-0.9834691286087036,0.0032528992742300034,0.181046724319458,8.868412971496582,-0.018910903483629227,0.9925259947776794,-0.12055934965610504,42.89252471923828
-0.18087194859981537,-0.12242159992456436,-0.9758577346801758,-134.6636199951172,-0.9833171963691711,0.003034173510968685,0.1818738877773285,8.862290382385254,-0.019304370507597923,0.9924735426902771,-0.12092805653810501,42.85335922241211
-0.18165786564350128,-0.12285327166318893,-0.9756574630737305,-134.50172424316406,-0.9831644892692566,0.002815830986946821,0.1827010214328766,8.856049537658691,-0.0196981318295002,0.9924208521842957,-0.1212964877486229,42.81426239013672
-0.18244338035583496,-0.12328504770994186,-0.9754564166069031,-134.33981323242188,-0.9830110669136047,0.002597833750769496,0.18352802097797394,8.849690437316895,-0.020092187449336052,0.9923679232597351,-0.12166452407836914,42.77523422241211
-0.18322862684726715,-0.12371693551540375,-0.9752545356750488,-134.17788696289062,-0.9828568696975708,0.002380196237936616,0.1843549907207489,8.843213081359863,-0.020486539229750633,0.9923146963119507,-0.12203215807676315,42.73627471923828
-0.1840134859085083,-0.12414905428886414,-0.9750518202781677,-134.01596069335938,-0.9827018976211548,0.0021629235707223415,0.18518182635307312,8.836617469787598,-0.020881185308098793,0.9922612309455872,-0.12239951640367508,42.697383880615234
-0.18479806184768677,-0.12458126991987228,-0.9748482704162598,-133.85401916503906,-0.9825462102890015,0.0019460137700662017,0.18600863218307495,8.829903602600098,-0.021276123821735382,0.9922075271606445,-0.12276647239923477,42.65856170654297
-0.18558235466480255,-0.12501360476016998,-0.9746439456939697,-133.6920623779297,-0.9823896884918213,0.0017294668359681964,0.1868354082107544,8.823071479797363,-0.02167135290801525,0.992153525352478,-0.12313303351402283,42.619808197021484
-0.18636637926101685,-0.12544603645801544,-0.9744387269020081,-133.53009033203125,-0.9822324514389038,0.0015132789267227054,0.18766215443611145,8.816121101379395,-0.0220668762922287,0.9920992851257324,-0.12349919974803925,42.58112335205078
-0.1871500015258789,-0.12587882578372955,-0.9742327332496643,-133.3681182861328,-0.982074499130249,0.0012974815908819437,0.18848875164985657,8.809051513671875,-0.022462693974375725,0.9920448064804077,-0.12386520206928253,42.54250717163086
-0.18793345987796783,-0.12631170451641083,-0.9740258455276489,-133.2061309814453,-0.9819157123565674,0.0010820619063451886,0.18931545317173004,8.801863670349121,-0.02285880036652088,0.9919900298118591,-0.12423080205917358,42.50395965576172
-0.18871651589870453,-0.12674470245838165,-0.9738181829452515,-133.04412841796875,-0.9817562103271484,0.0008669878588989377,0.19014199078083038,8.794557571411133,-0.023255199193954468,0.9919350147247314,-0.124596007168293,42.46548080444336
-0.1894994080066681,-0.1271779090166092,-0.9736096262931824,-132.8821258544922,-0.9815959334373474,0.0006523157935589552,0.1909686177968979,8.787132263183594,-0.023651888594031334,0.9918797016143799,-0.12496092915534973,42.42707061767578
-0.19028189778327942,-0.12761111557483673,-0.973400354385376,-132.72010803222656,-0.9814348816871643,0.0004379644524306059,0.19179509580135345,8.77958869934082,-0.02404887042939663,0.991824209690094,-0.12532533705234528,42.388729095458984
-0.19106410443782806,-0.12804454565048218,-0.973190188407898,-132.55807495117188,-0.9812731146812439,0.0002239925233880058,0.19262152910232544,8.771926879882812,-0.024446148425340652,0.9917684197425842,-0.12568946182727814,42.35045623779297
-0.19184602797031403,-0.12847808003425598,-0.9729791879653931,-132.39602661132812,-0.9811105132102966,1.0387981092208065e-05,0.19344794750213623,8.764145851135254,-0.024843713268637657,0.9917123317718506,-0.12605318427085876,42.312252044677734
-0.1926276534795761,-0.12891171872615814,-0.9727673530578613,-132.23397827148438,-0.9809471964836121,-0.00020286023209337145,0.19427432119846344,8.756246566772461,-0.02524157240986824,0.9916560649871826,-0.12641651928424835,42.27411651611328
-0.19340889155864716,-0.1293455809354782,-0.9725547432899475,-132.07191467285156,-0.9807831645011902,-0.00041573899216018617,0.19510053098201752,8.748228073120117,-0.025639720261096954,0.9915995001792908,-0.12677955627441406,42.236045837402344
-0.19418983161449432,-0.129779651761055,-0.9723412990570068,-131.9098358154297,-0.9806183576583862,-0.0006282202084548771,0.1959267258644104,8.740091323852539,-0.026038147509098053,0.991542637348175,-0.12714232504367828,42.19804382324219
-0.19497047364711761,-0.13021384179592133,-0.9721269607543945,-131.7477569580078,-0.9804527759552002,-0.0008403416723012924,0.1967528611421585,8.73183536529541,-0.02643686532974243,0.991485595703125,-0.12750467658042908,42.16011047363281
-0.19575084745883942,-0.13064813613891602,-0.9719118475914001,-131.58566284179688,-0.9802864193916321,-0.0010521035874262452,0.19757896661758423,8.72346019744873,-0.02683587558567524,0.9914282560348511,-0.12786664068698883,42.12224578857422
-0.19653090834617615,-0.13108253479003906,-0.9716958999633789,-131.42355346679688,-0.9801192879676819,-0.0012635006569325924,0.19840502738952637,8.714966773986816,-0.02723517268896103,0.991370677947998,-0.12822820246219635,42.084449768066406
-0.1973106861114502,-0.13151726126670837,-0.9714791178703308,-131.26144409179688,-0.9799514412879944,-0.0014744892250746489,0.19923105835914612,8.706354141235352,-0.02763475850224495,0.9913128018379211,-0.12858960032463074,42.046722412109375
-0.19809018075466156,-0.13195209205150604,-0.9712615013122559,-131.0993194580078,-0.9797828197479248,-0.0016851165564730763,0.2000570446252823,8.697623252868652,-0.02803463488817215,0.9912546873092651,-0.1289505958557129,42.009063720703125
-0.1988692432641983,-0.13238702714443207,-0.9710431098937988,-130.93719482421875,-0.9796134233474731,-0.0018953913822770119,0.20088285207748413,8.688773155212402,-0.028434792533516884,0.9911962747573853,-0.1293111890554428,41.971473693847656
-0.19964802265167236,-0.13282208144664764,-0.9708238840103149,-130.77505493164062,-0.9794433116912842,-0.0021053017117083073,0.20170864462852478,8.679803848266602,-0.0288352370262146,0.991137683391571,-0.1296713799238205,41.9339485168457
-0.20042651891708374,-0.13325722515583038,-0.9706038236618042,-130.61289978027344,-0.9792724251747131,-0.0023148497566580772,0.20253436267375946,8.67071533203125,-0.029235968366265297,0.991078794002533,-0.13003116846084595,41.89649200439453
-0.20120470225811005,-0.13369245827198029,-0.9703829288482666,-130.45074462890625,-0.97910076379776,-0.002524035284295678,0.20336005091667175,8.661507606506348,-0.029636988416314125,0.9910196661949158,-0.13039055466651917,41.85910415649414
-0.20198258757591248,-0.13412781059741974,-0.9701611995697021,-130.28857421875,-0.9789283871650696,-0.002732858993113041,0.20418569445610046,8.652181625366211,-0.030038295313715935,0.9909602999687195,-0.13074953854084015,41.82178497314453
-0.20275995135307312,-0.13456349074840546,-0.9699386954307556,-130.12640380859375,-0.9787552356719971,-0.002941296435892582,0.2050110548734665,8.642736434936523,-0.03043988160789013,0.9909006357192993,-0.1311083436012268,41.7845344543457
-0.203537255525589,-0.13499927520751953,-0.9697152972221375,-129.96421813964844,-0.9785813093185425,-0.0031493327114731073,0.20583659410476685,8.633172035217285,-0.030841749161481857,0.9908406734466553,-0.13146676123142242,41.747352600097656
-0.20431412756443024,-0.13543516397476196,-0.9694911241531372,-129.80203247070312,-0.9784066677093506,-0.003357019741088152,0.20666198432445526,8.623488426208496,-0.03124389983713627,0.9907805323600769,-0.1318247765302658,41.710235595703125
-0.20509082078933716,-0.1358712613582611,-0.9692661166191101,-129.63983154296875,-0.9782311916351318,-0.003564294893294573,0.20748741924762726,8.613685607910156,-0.031646326184272766,0.9907200932502747,-0.1321825087070465,41.673187255859375
-0.20586709678173065,-0.1363074630498886,-0.9690402746200562,-129.4776153564453,-0.9780550003051758,-0.0037712245248258114,0.20831269025802612,8.603763580322266,-0.03204904496669769,0.9906594157218933,-0.13253982365131378,41.636207580566406
-0.20664305984973907,-0.13674376904964447,-0.9688135981559753,-129.31539916992188,-0.9778780341148376,-0.003977801650762558,0.2091379165649414,8.593722343444824,-0.0324520543217659,0.9905984401702881,-0.13289673626422882,41.59929656982422
-0.20741873979568481,-0.13718028366565704,-0.9685860872268677,-129.15316772460938,-0.9777003526687622,-0.004183976445347071,0.20996308326721191,8.583561897277832,-0.032855335623025894,0.9905372858047485,-0.13325338065624237,41.56245040893555
-0.20819410681724548,-0.13761690258979797,-0.9683578014373779,-128.99093627929688,-0.9775218963623047,-0.004389787558466196,0.21078820526599884,8.573282241821289,-0.03325890377163887,0.9904758334159851,-0.1336096078157425,41.525672912597656
-0.20896904170513153,-0.13805361092090607,-0.9681286811828613,-128.8286895751953,-0.9773427248001099,-0.004595245234668255,0.21161314845085144,8.562883377075195,-0.03366275131702423,0.9904140830039978,-0.13396543264389038,41.48896408081055
-0.2097436785697937,-0.13849054276943207,-0.9678987264633179,-128.66644287109375,-0.9771627187728882,-0.004800321999937296,0.21243803203105927,8.55236530303955,-0.03406688570976257,0.9903520941734314,-0.13432097434997559,41.45232391357422
-0.2105180025100708,-0.13892757892608643,-0.9676679968833923,-128.50418090820312,-0.976982057094574,-0.005005025304853916,0.2132628709077835,8.541727066040039,-0.034471295773983,0.9902898669242859,-0.13467609882354736,41.415748596191406
-0.21129202842712402,-0.13936470448970795,-0.9674363732337952,-128.3419189453125,-0.9768005609512329,-0.005209355149418116,0.21408763527870178,8.530969619750977,-0.034875981509685516,0.9902274012565613,-0.1350308358669281,41.379241943359375
