1.0000000000000004,-1.6067806238960874e-17,1.7464857331110546e-18,0.0,-1.6067806238960874e-17,1.0000000000000004,1.2850116480758243e-18,0.0,1.7464857331110546e-18,1.2850116480758243e-18,1.0000000000000004,0.0
1.0000000000000004,-1.6067806238960874e-17,1.7464857331110546e-18,0.0,-1.6067806238960874e-17,1.0000000000000004,1.2850116480758243e-18,0.0,1.7464857331110546e-18,1.2850116480758243e-18,1.0000000000000004,0.0
1.0000000000000004,-1.6067806238960874e-17,1.7464857331110546e-18,0.0,-1.6067806238960874e-17,1.0000000000000004,1.2850116480758243e-18,0.0,1.7464857331110546e-18,1.2850116480758243e-18,1.0000000000000004,0.0
0.9999860447105887,0.005254971775793346,-0.000543742318125037,0.1297520180023235,-0.005252399900625382,0.9999754968990651,0.004627947358434794,0.001060672305967847,0.0005680487275005765,-0.004625026821992339,0.9999891431648344,0.006654086902755374
0.9999822585721305,0.005450907586625662,-0.0024021131245587656,0.1774302315640957,-0.005442481610701748,0.9999790630035206,0.0035004211916332077,0.00026983678350733786,0.0024211433039545965,-0.0034872856326558853,0.9999909884114049,0.008548663631041897
0.9999895698514442,0.004373436967845373,-0.0013165247480376931,0.2107657665316253,-0.004372194058928262,0.9999899949381017,0.0009454854874237766,-0.00044226826483084736,0.0013206465973093545,-0.0009397195241878779,0.9999986864090278,0.009432038822022815
0.9999875421472268,0.004391378867248641,-0.0023730448778786065,0.2537256089725938,-0.0044057047298140875,0.9999718976009159,-0.00606578719187782,-0.0027986117835661073,0.00234634101993676,0.006076166560236563,0.9999787872168843,0.010417230868364324
0.9999821944137149,0.004696952261992008,-0.0036809638656353605,0.2869992644224257,-0.0047316326297438885,0.9999439622703222,-0.009470162183722465,-0.004932719724726864,0.00363627669308703,0.009487410530668117,0.9999483819344047,0.010990619160128112
0.9999780605632497,0.00449388539205503,-0.004866557946347557,0.3248827214116804,-0.00457017041336154,0.9998650535045065,-0.01577936382823396,-0.007132689257954294,0.00479499056880397,0.015801258637020595,0.9998636548504659,0.011580296812315094
0.9999787530422711,0.005570931993319841,-0.0033849934638947522,0.36275134913199736,-0.005622190371723674,0.9998667301048851,-0.015326871983198886,-0.009242854247538568,0.003299157384682133,0.0153455774114588,0.9998768068189503,0.01174329454424683
0.9999851843323376,0.004200274259514721,-0.003462486384982715,0.39608232306309216,-0.004245549368465683,0.9999042068028127,-0.013173933679755317,-0.01089697167875825,0.003406820567810054,0.013188438656017194,0.9999072250261202,0.01178106831767245
0.9999737469895111,0.006532043060785258,-0.0031365180072362854,0.43407183546680456,-0.0065610983495290025,0.9999348151075557,-0.00934438463821203,-0.012348720615604214,0.0030752756308139954,0.009364718323104653,0.9999514211853114,0.01208932436610155
0.9999737469895111,0.006532043060785258,-0.0031365180072362854,0.43407183546680456,-0.0065610983495290025,0.9999348151075557,-0.00934438463821203,-0.012348720615604214,0.0030752756308139954,0.009364718323104653,0.9999514211853114,0.01208932436610155
0.9999737469895111,0.006532043060785258,-0.0031365180072362854,0.43407183546680456,-0.0065610983495290025,0.9999348151075557,-0.00934438463821203,-0.012348720615604214,0.0030752756308139954,0.009364718323104653,0.9999514211853114,0.01208932436610155
0.9999860750031409,-0.004519625660056188,0.0027244786117774254,0.5300891051062319,0.004545793318936818,0.9999428516552252,-0.009676217583230893,-0.013419680521852495,-0.002680590031052925,0.009688467758602444,0.999949472738286,0.013178342960319611
0.9999512260282633,-0.009243428495739347,0.003479165735843541,0.5645062633165523,0.009306078966607957,0.9997865877327824,-0.018443857619993894,-0.01436463309820002,-0.0033079387600998245,0.018475335430879296,0.9998238442455131,0.01330070100783498
0.999947543638238,-0.01002089463097033,0.002119349581760082,0.6081678410497755,0.010066804851376654,0.9996872596317735,-0.022891971736835593,-0.015943378369313144,-0.0018892887389215095,0.022912105985936137,0.9997356980659193,0.013277904946971564
0.9999283190158831,-0.011847321166708433,0.0017314188527130824,0.6421542803851293,0.011885424044036856,0.9996421916677838,-0.023962999247246854,-0.017336033558675967,-0.001446901988421304,0.02398186020314075,0.9997113467675723,0.013121868116223734
0.9999279464076906,-0.01189629962627066,0.0016062528135720928,0.68109745827736,0.011934774109692525,0.9995760396404606,-0.026557525179190498,-0.01898891886049303,-0.0012896355491878533,0.026574781878591525,0.9996459962447987,0.012946255373530668
0.9999319818488404,-0.011431870712781908,0.002311711023803579,0.7151035427025813,0.011495268698032473,0.9994964079924368,-0.029576835662008315,-0.020437644030865454,-0.0019724283032269063,0.029601397639700242,0.9995598365202386,0.012790700628523943
0.9998978942070424,-0.014020475136701694,0.0027617815380645808,0.749086559743234,0.014096949352316243,0.9994519496587638,-0.02995123273347455,-0.021635449026707,-0.002340337428896979,0.029987107233570492,0.999547545752818,0.01246576651857545
0.9999945138777788,0.0015574310062056106,0.0029234607926246284,0.7875331122211126,-0.0015169657913758914,0.9999037199662094,-0.013793100178152577,-0.024433955115227945,-0.002944661123609883,0.013788589717504353,0.9999005969417508,0.012661585449988522
0.9998703613112879,-0.015918933534030122,0.0024182899689655485,0.8219228621802808,0.015982154425991452,0.9994553628109477,-0.028871239813019187,-0.02338999269116271,-0.001957373530686048,0.028906146467079168,0.9995802135823244,0.011887626096946935
0.9999974095226504,-0.0008903396925546654,0.0020948134096548045,0.8505901879522695,0.0009154432854501937,0.9999274173820221,-0.01201340631591758,-0.02536849870878166,-0.0020839653501274974,0.012015292878330763,0.999925642148189,0.012249981540134236
0.9999855390989135,-0.0010669755593987111,0.005270972985265963,0.8939783641258477,0.0011340749548994476,0.9999181559723299,-0.012743438738909825,-0.025504090826243053,-0.005256944649930008,0.01274923213575326,0.999904906285041,0.011853499871388173
0.9999768494156317,-0.0008811724444627056,0.0067471599884929,0.9275623435495789,0.0009502706163852949,0.9999470698748127,-0.010244727157531207,-0.025678823907171466,-0.006737775489197783,0.010250901613991932,0.9999247578680897,0.011399889708214594
0.9999859758207942,-0.001625509371499353,0.005040424686248882,0.9657951262684901,0.0016746177339418686,0.9999510260171729,-0.00975403622347546,-0.02530913454129846,-0.005024322559285661,0.00976234021568967,0.999939724631607,0.010930775599239162
0.9999996645875766,0.0006639326542135363,-0.0004796020905030695,1.0037631128876714,-0.000670542227966909,0.9999029534374083,-0.013915246324411074,-0.025317661282957538,0.0004703167603425857,0.013915563250518886,0.9999030632524165,0.010684912387373569
0.999997962338777,0.0009307892727286098,-0.0017913541313018151,1.0368609682927152,-0.0009533445431066413,0.9999197612608773,-0.01263179219955488,-0.024489261388355943,0.0017794528586303085,0.012633474237927588,0.9999186111260275,0.010372560936391384
0.9999979542890695,0.0014554822960742596,-0.0014046312549520154,1.07482745509044,-0.0014727140054453215,0.9999227040332493,-0.012345730933950125,-0.023401517495306723,0.0013865536898147737,0.012347774298275063,0.9999228019896058,0.009717321946856927
0.999997043673554,0.002431411967721472,2.9664722285196848e-05,1.1080354197896602,-0.002431045581405832,0.9999563813302981,-0.009018062663170541,-0.022394402862593865,-5.1590053834368996e-05,0.009017963886541362,0.9999593360061235,0.008847282720853222
0.9999938875391594,0.003405518736611213,-0.0007920394268314729,1.1460202843734095,-0.0034112009861432804,0.9999676307643176,-0.0072870523141874395,-0.021124610138071653,0.0007671975959299667,0.0072897095780393995,0.9999731354102053,0.007557082030764661
0.9999917869510693,0.0031983778627460435,-0.00248925881637211,1.1840420499307105,-0.0032086582047193,0.9999862951790747,-0.004136903014873493,-0.019949534116862733,0.0024759933225026974,0.00414485621901143,0.9999883447440732,0.006305845374040331
0.999984763026937,0.004246498697932871,-0.0035271748992174536,1.2173521710707087,-0.00426569926199914,0.9999760283253104,-0.0054540429540766875,-0.019304807472474206,0.0035039297606252384,0.005469005718335644,0.9999789060038646,0.0054394828149484376
0.9999935509013443,0.0026742042836253657,-0.0023972457468262524,1.2507540476313728,-0.002689057214191383,0.9999770762718764,-0.006214169457768383,-0.01867389884499293,0.00238057283443337,0.006220575712946179,0.9999778184093788,0.004519507943356871
0.9999837121137679,0.004953693057700048,-0.0028348601834424433,1.2842310083011337,-0.004975315450023397,0.9999581940723061,-0.007671788828286282,-0.018656730881597028,0.0027967379824237635,0.007685768194731984,0.9999665530526086,0.003604644708494309
0.9999884936336757,0.003153987239381242,-0.0036145490377871695,1.3180105791806151,-0.0032038330324455334,0.9998986946772064,-0.013868519629710528,-0.01843339024859647,0.0035704417307889313,0.013879940465047947,0.9998972943250394,0.0025396245075182122
0.9999860670305379,0.0044130951122756746,-0.00289660772746062,1.3565999301604053,-0.004454616056204303,0.999885121554466,-0.014487929106784364,-0.018648741555939985,0.0028323383605394245,0.014500630522201822,0.9998908488299463,0.0011563304475221692
0.9999902423235743,0.003172453370380348,-0.0030742149001890067,1.3760894097546983,-0.0032243071843125796,0.9998500899840195,-0.017011801848416407,-0.01886948113962883,0.0030197848964739404,0.017021548065947346,0.999850562734561,0.0005849642026878321
0.9999794121486897,0.00412631865720284,-0.004914140118131184,1.424914658497322,-0.004205601917370741,0.9998593725511837,-0.01623416256128911,-0.019071009014726692,0.004846461727282545,0.016254495251867188,0.9998561412487467,-0.0010227239793008103
0.9999792619976848,0.004635672658840568,-0.004470583134882424,1.4445444288934697,-0.004701794342207938,0.999878007413782,-0.014895080402901644,-0.019365611547495387,0.004400989039908937,0.014915791271179724,0.9998790679208288,-0.0016347929410831519
0.9999947153398797,0.0008398687553218984,-0.0031406866744629015,1.498924737631344,-0.0008913748033237079,0.9998645498645441,-0.01643433525072699,-0.019028453294173797,0.0031264585833358457,0.016437047929817636,0.999860014558078,-0.0032688213207769934
0.9999862953418837,0.005210888528697412,-0.000505736252273241,1.5335991847070578,-0.005218864503193552,0.9998364721719589,-0.017314513219530578,-0.020158170881156567,0.0004154295520067081,0.017316915299021417,0.9998499646761079,-0.004547899724084203
0.9999818103640417,0.005690661050986103,0.0019988291215470087,1.5636086308656605,-0.005658526827699759,0.9998602614660523,-0.015730181663865517,-0.020396955261809624,-0.002088064940215442,0.015718585109379228,0.9998742751301112,-0.005680349063831525
0.9999861239285142,0.004971674502694275,0.00174195380692423,1.6035455906016447,-0.0049420549687213145,0.9998497609247333,-0.016614200896813872,-0.020889657308608256,-0.0018242924963764542,0.016605361525507758,0.9998604572266546,-0.007066020842717791
0.9999886006118867,0.004724193533141263,0.0006932833060935684,1.6534112735097561,-0.004711410124031116,0.9998373657193615,-0.017408179859234433,-0.021434400647777796,-0.0007754101651765517,0.01740471507464872,0.9998482257984191,-0.008878921153216979
0.9999841144791325,0.005500125941146095,0.0012326410740379538,1.6885418646612824,-0.005476309446299611,0.9998128094323679,-0.01855683512360566,-0.021679781166245804,-0.0013344752655045302,0.018549790014656415,0.9998270472767671,-0.01011168192948908
0.9999909688519528,0.003099915387333567,0.0029073594762903158,1.7238032137518704,-0.0030542697711715234,0.9998740342958923,-0.015575203915910017,-0.021989311175518722,-0.00295527506298658,0.015566183393775223,0.9998744722633205,-0.011289212616179878
0.9999826585907324,0.002516169832995582,0.005324603946020396,1.7639626467059164,-0.002430077209548622,0.9998672081396867,-0.016113994281501377,-0.022295687612906123,-0.005364442428257143,0.016100775643432513,0.9998559835201837,-0.012578522346017529
0.9999837480993905,0.002286337137861286,0.005222662116861361,1.8039931875603232,-0.002196817989842063,0.9998516714138813,-0.01708242259130247,-0.022873670440645255,-0.0052609436239489295,0.017070671731375157,0.9998404445904484,-0.014018719648702938
0.9999651984970448,-0.006776820789046172,0.004865849849645739,1.8237774170340173,0.006860705557115738,0.9998244621254931,-0.017434897611610788,-0.0236215690418069,-0.004746842532116212,0.01746767401407359,0.9998361605035666,-0.01494424215122736
0.9999900123122901,0.0018326771120301092,0.004076342756597599,1.868711887364916,-0.0017581370285518298,0.9998325465764357,-0.01821504215391196,-0.023234146064890493,-0.0041090424498975145,0.01820769345861786,0.9998257826586904,-0.016634482680844886
0.9999827661967342,0.0015635074361223442,0.0056588650827781965,1.9035963827412186,-0.0014656849839218592,0.9998501395593669,-0.017249643203351733,-0.023311307992701757,-0.005684986988182307,0.01724105181281649,0.9998351999481376,-0.01788978526054885
0.9999721437129847,0.000326867568873157,0.007456873047790177,1.9335183088835095,-0.00019930808304866838,0.9998537536533535,-0.017100631028932355,-0.023310248978735126,-0.007461372149040152,0.017098668453773575,0.9998259665875667,-0.01894441026004623
0.9999716385954672,-0.0002558304700419313,0.007527054899958926,1.9783063396545215,0.0003888894497657868,0.999843598326821,-0.01768127964459986,-0.023220596049153275,-0.0075213542458960414,0.017683705370913606,0.9998153408478301,-0.020443463577251908
0.9999614011331399,0.001919985496061188,0.008573791433376178,2.008038213895049,-0.0017612468277504677,0.9998276099691538,-0.01848373211724695,-0.02272413557131303,-0.008607801894784696,0.01846791810316805,0.9997923993247175,-0.021518722599035645
0.9999612791665509,0.000133097659287647,0.008799002932664153,2.0574666281424916,2.7243411343781716e-05,0.9998340014683114,-0.018220010034624326,-0.022256569089178724,-0.008799967351784814,0.01821954425550664,0.9997952834364291,-0.023444617682193414
0.9999341042103598,0.008501041708003492,0.007714889947658607,2.0967545300520385,-0.0083770383571659,0.999837447859707,-0.01596568463144242,-0.020846772495481836,-0.007849360826734207,0.015900004631033634,0.999842776334032,-0.025050763439574908
0.9999626568454368,0.0005882549292439854,0.008621999231820552,2.116512648111394,-0.00045060714432101066,0.9998725618775327,-0.015957974735572186,-0.02120412189618026,-0.008630287817725488,0.01595349368000294,0.9998354885537848,-0.025770228154028185
0.9999453902112615,0.009515663347413548,0.004320734463869852,2.1506715972362054,-0.009444190320865284,0.9998230080742806,-0.01627144106958362,-0.019750661078377307,-0.004474803284151996,0.016229746651021625,0.9998582756867158,-0.02716269426653506
