0.054407257586717606,0.16490454971790314,-0.9848077893257141,-142.74038696289062,-0.9985188245773315,0.008985176682472229,-0.05366019532084465,-0.6830098628997803,-1.387211767678309e-07,0.9862685799598694,0.16514916718006134,58.2574577331543
0.05632108077406883,0.16753391921520233,-0.9842562079429626,-142.5887451171875,-0.9984105229377747,0.01152508333325386,-0.05516928806900978,-0.6157014966011047,0.0021009081974625587,0.9857989549636841,0.16791673004627228,58.2733154296875
0.0582403801381588,0.17015714943408966,-0.9836943745613098,-142.43719482421875,-0.9982937574386597,0.01406895462423563,-0.056671131402254105,-0.5480678677558899,0.004196552559733391,0.9853165149688721,0.17068621516227722,58.288612365722656
0.060165006667375565,0.17277419567108154,-0.9831221699714661,-142.2857208251953,-0.9981686472892761,0.01661672815680504,-0.05816558748483658,-0.48011043667793274,0.00628676125779748,0.9848212599754333,0.173457533121109,58.303348541259766
0.062094930559396744,0.1753850132226944,-0.982539713382721,-142.13433837890625,-0.9980351328849792,0.019168362021446228,-0.05965263023972511,-0.4118306338787079,0.008371501229703426,0.9843133091926575,0.17623065412044525,58.317527770996094
0.0640302374958992,0.17798951268196106,-0.9819470047950745,-141.98306274414062,-0.997893214225769,0.021723834797739983,-0.06113234534859657,-0.34322988986968994,0.010450738482177258,0.9837925434112549,0.17900551855564117,58.331146240234375
0.06597089022397995,0.1805880069732666,-0.9813438653945923,-141.83187866210938,-0.9977429509162903,0.02428312972187996,-0.06260471045970917,-0.2743096351623535,0.012524440884590149,0.9832590222358704,0.18178239464759827,58.344200134277344
0.06791674345731735,0.18318010866641998,-0.9807305335998535,-141.6807861328125,-0.9975842833518982,0.026846157386898994,-0.06406957656145096,-0.2050713300704956,0.014592574909329414,0.9827127456665039,0.1845608949661255,58.356693267822266
0.06986787915229797,0.1857656091451645,-0.9801069498062134,-141.52980041503906,-0.9974172115325928,0.029412891715765,-0.0655270516872406,-0.1355164349079132,0.016655106097459793,0.9821537733078003,0.1873408406972885,58.36862564086914
0.07182414829730988,0.18834473192691803,-0.9794731140136719,-141.37892150878906,-0.9972417950630188,0.031983278691768646,-0.06697698682546616,-0.06564640998840332,0.0187120009213686,0.9815820455551147,0.19012239575386047,58.3799934387207
0.07378564029932022,0.19091738760471344,-0.978829026222229,-141.22813415527344,-0.9970579743385315,0.03455730900168419,-0.06841947138309479,0.0045372843742370605,0.020763229578733444,0.980997622013092,0.19290553033351898,58.39080047607422
0.07575219869613647,0.19348353147506714,-0.9781746864318848,-141.07745361328125,-0.9968657493591309,0.03713490441441536,-0.06985437124967575,0.07503317296504974,0.022808754816651344,0.9804005026817322,0.19569015502929688,58.40104293823242
0.07772402465343475,0.1960432231426239,-0.9775100946426392,-140.9268798828125,-0.9966651797294617,0.03971609100699425,-0.07128188014030457,0.14583978056907654,0.02484855242073536,0.9797906279563904,0.19847635924816132,58.41072082519531
0.07970086485147476,0.1985963135957718,-0.976835310459137,-140.77642822265625,-0.9964562654495239,0.042300768196582794,-0.07270175963640213,0.21695563197135925,0.026882583275437355,0.9791681170463562,0.20126394927501678,58.41983413696289
0.08168266713619232,0.20114260911941528,-0.976150393486023,-140.62608337402344,-0.9962390065193176,0.044888876378536224,-0.07411397993564606,0.2883792519569397,0.028910815715789795,0.9785329103469849,0.20405276119709015,58.428382873535156
0.08366952836513519,0.20368242263793945,-0.9754552245140076,-140.47586059570312,-0.996013343334198,0.04748043045401573,-0.07551863044500351,0.3601091206073761,0.030933216214179993,0.9778850078582764,0.2068430781364441,58.43636703491211
0.08566141873598099,0.20621533691883087,-0.9747499227523804,-140.32574462890625,-0.9957793354988098,0.050075359642505646,-0.0769156888127327,0.4321437478065491,0.03294975683093071,0.9772244691848755,0.20963449776172638,58.44378662109375
0.08765818178653717,0.2087416648864746,-0.9740343689918518,-140.17575073242188,-0.9955369234085083,0.05267362669110298,-0.07830502092838287,0.5044816732406616,0.03496040031313896,0.9765512943267822,0.2124273180961609,58.45064163208008
0.0896599069237709,0.2112611085176468,-0.9733086824417114,-140.02587890625,-0.995286226272583,0.05527518317103386,-0.0796867161989212,0.5771213173866272,0.03696511313319206,0.9758654832839966,0.21522124111652374,58.45692825317383
0.0916665568947792,0.21377362310886383,-0.972572922706604,-139.87612915039062,-0.9950271844863892,0.05787999927997589,-0.08106075972318649,0.6500612497329712,0.03896386921405792,0.9751670360565186,0.21801622211933136,58.462650299072266
0.09367810189723969,0.2162792682647705,-0.97182697057724,-139.72650146484375,-0.994759738445282,0.06048804149031639,-0.08242711424827576,0.7232999205589294,0.040956635028123856,0.9744560122489929,0.22081232070922852,58.467803955078125
0.0956943929195404,0.21877801418304443,-0.9710709452629089,-139.57701110839844,-0.994484007358551,0.06309923529624939,-0.08378566056489944,0.7968357801437378,0.042943377047777176,0.9737323522567749,0.22360947728157043,58.472389221191406
0.09771551191806793,0.22126977145671844,-0.9703047871589661,-139.42764282226562,-0.9941999316215515,0.06571357697248459,-0.08513647317886353,0.8706673383712769,0.044924069195985794,0.9729961156845093,0.22640763223171234,58.476409912109375
0.09974143654108047,0.22375452518463135,-0.9695284962654114,-139.27841186523438,-0.9939075112342834,0.06833101809024811,-0.086479552090168,0.9447931051254272,0.046898677945137024,0.972247302532196,0.22920672595500946,58.479862213134766
0.1017720028758049,0.22623243927955627,-0.9687421321868896,-139.12930297851562,-0.9936068058013916,0.07095149159431458,-0.08781472593545914,1.0192115306854248,0.04886716231703758,0.9714858531951904,0.2320069521665573,58.48274612426758
0.10380742698907852,0.2287030965089798,-0.9679456949234009,-138.98033142089844,-0.9932977557182312,0.07357501238584518,-0.08914224058389664,1.0939210653305054,0.050829511135816574,0.970711886882782,0.23480790853500366,58.48506164550781
0.10584743320941925,0.23116672039031982,-0.9671392440795898,-138.8314971923828,-0.9929803609848022,0.07620147615671158,-0.09046182036399841,1.1689201593399048,0.05278567597270012,0.9699254035949707,0.23760974407196045,58.48680877685547
0.1078919917345047,0.23362313210964203,-0.9663227200508118,-138.6828155517578,-0.9926546812057495,0.07883084565401077,-0.09177346527576447,1.2442071437835693,0.05473563075065613,0.9691264033317566,0.24041230976581573,58.48798751831055
0.10994130373001099,0.23607225716114044,-0.9654961228370667,-138.53427124023438,-0.992320716381073,0.08146312087774277,-0.09307737648487091,1.319780707359314,0.05667934566736221,0.9683148264884949,0.24321554601192474,58.48859405517578
0.11199510842561722,0.23851419985294342,-0.964659571647644,-138.3858642578125,-0.9919784069061279,0.084098219871521,-0.09437330067157745,1.395639181137085,0.05861677601933479,0.9674907922744751,0.24601952731609344,58.48863220214844
0.11405348777770996,0.24094876646995544,-0.9638130068778992,-138.23760986328125,-0.9916278123855591,0.08673611283302307,-0.09566134959459305,1.4717808961868286,0.06054791063070297,0.9666543006896973,0.24882405996322632,58.488101959228516
0.11611640453338623,0.24337604641914368,-0.962956428527832,-138.08950805664062,-0.9912689328193665,0.0893767848610878,-0.09694147855043411,1.5482044219970703,0.062472715973854065,0.9658052921295166,0.2516292333602905,58.48699951171875
0.11818359792232513,0.2457960993051529,-0.9620898962020874,-137.94154357910156,-0.9909018278121948,0.09202012419700623,-0.09821344166994095,1.624908208847046,0.06439115107059479,0.9649438261985779,0.25443506240844727,58.485328674316406
0.12025526911020279,0.2482086420059204,-0.9612133502960205,-137.79373168945312,-0.9905263781547546,0.09466612339019775,-0.09947746247053146,1.7018905878067017,0.06630317866802216,0.9640699028968811,0.25724130868911743,58.48308563232422
0.12233138829469681,0.2506137490272522,-0.9603269100189209,-137.64608764648438,-0.9901427030563354,0.09731477499008179,-0.10073352605104446,1.7791500091552734,0.06820878386497498,0.963183581829071,0.2600480318069458,58.48027420043945
0.1244119256734848,0.2530113756656647,-0.9594305157661438,-137.49859619140625,-0.9897507429122925,0.09996600449085236,-0.10198160260915756,1.856684923171997,0.07010793685913086,0.9622848033905029,0.2628551721572876,58.476890563964844
0.12649673223495483,0.25540146231651306,-0.958524227142334,-137.35125732421875,-0.9893505573272705,0.10261976718902588,-0.10322156548500061,1.9344936609268188,0.07200059294700623,0.9613736271858215,0.26566264033317566,58.47293472290039
0.12858588993549347,0.257783979177475,-0.9576079845428467,-137.20408630371094,-0.9889420866966248,0.10527601838111877,-0.10445351153612137,2.0125746726989746,0.07388672232627869,0.9604501128196716,0.26847043633461,58.46841049194336
0.13067923486232758,0.2601589858531952,-0.9566819071769714,-137.05706787109375,-0.988525390625,0.10793473571538925,-0.1056772917509079,2.0909264087677,0.07576631009578705,0.9595141410827637,0.27127858996391296,58.463314056396484
0.1327768862247467,0.26252642273902893,-0.9557458758354187,-136.91021728515625,-0.9881004095077515,0.11059588938951492,-0.10689301043748856,2.1695473194122314,0.07763932645320892,0.9585658311843872,0.2740870416164398,58.457645416259766
0.13487868010997772,0.2648862898349762,-0.9547999501228333,-136.76353454589844,-0.9876672625541687,0.11325940489768982,-0.1081005334854126,2.2484354972839355,0.07950573414564133,0.9576051235198975,0.27689579129219055,58.4514045715332
0.1369846910238266,0.2672382593154907,-0.9538443088531494,-136.6170196533203,-0.9872258305549622,0.11592524498701096,-0.10929998755455017,2.327589750289917,0.08136549592018127,0.956632137298584,0.2797044813632965,58.4445915222168
0.1390947848558426,0.2695827782154083,-0.9528786540031433,-136.47067260742188,-0.9867762327194214,0.11859339475631714,-0.11049118638038635,2.407008171081543,0.08321859687566757,0.9556467533111572,0.2825135886669159,58.43720626831055
0.1412089318037033,0.2719195485115051,-0.951903223991394,-136.3245086669922,-0.9863184094429016,0.1212637722492218,-0.11167413741350174,2.4866890907287598,0.08506499975919724,0.9546490907669067,0.28532278537750244,58.42924880981445
0.14332720637321472,0.2742484509944916,-0.9509180188179016,-136.1785125732422,-0.9858523607254028,0.12393635511398315,-0.11284895986318588,2.5666310787200928,0.08690466731786728,0.9536391496658325,0.2881319224834442,58.420719146728516
0.14544957876205444,0.2765694856643677,-0.949923038482666,-136.03269958496094,-0.9853781461715698,0.12661112844944,-0.1140156239271164,2.6468324661254883,0.08873758465051651,0.9526168704032898,0.290941059589386,58.411617279052734
0.14757581055164337,0.27888259291648865,-0.9489182829856873,-135.88705444335938,-0.9848957061767578,0.1292879581451416,-0.11517389863729477,2.7272915840148926,0.09056371450424194,0.9515824317932129,0.2937500476837158,58.40194320678711
0.14970606565475464,0.2811877727508545,-0.9479037523269653,-135.74159240722656,-0.9844051599502563,0.13196690380573273,-0.11632397770881653,2.808006763458252,0.09238304197788239,0.9505357146263123,0.2965589165687561,58.39169692993164
0.1518402248620987,0.28348487615585327,-0.9468795657157898,-135.5963134765625,-0.9839063882827759,0.13464784622192383,-0.11746576428413391,2.888976573944092,0.09419551491737366,0.9494768381118774,0.2993675470352173,58.38087844848633
0.1539783477783203,0.28577399253845215,-0.9458456039428711,-135.4512176513672,-0.9833994507789612,0.1373307853937149,-0.11859933286905289,2.9701991081237793,0.09600111842155457,0.9484057426452637,0.30217596888542175,58.36948776245117
0.15612031519412994,0.28805530071258545,-0.9448018670082092,-135.3063201904297,-0.9828843474388123,0.14001570641994476,-0.11972451955080032,3.05167293548584,0.09779981523752213,0.947322428226471,0.30498436093330383,58.35752487182617
0.1582660973072052,0.2903284430503845,-0.9437485337257385,-135.16160583496094,-0.9823611378669739,0.14270250499248505,-0.1208413690328598,3.1333963871002197,0.09959159046411514,0.946226954460144,0.3077923357486725,58.34498596191406
0.16041575372219086,0.2925933003425598,-0.9426854848861694,-135.01708984375,-0.9818297028541565,0.14539118111133575,-0.12194997072219849,3.215367555618286,0.10137641429901123,0.945119321346283,0.31059983372688293,58.33187484741211
0.16256916522979736,0.2948501408100128,-0.9416127800941467,-134.8727569580078,-0.9812902212142944,0.1480816900730133,-0.12305017560720444,3.2975850105285645,0.1031542494893074,0.9439995884895325,0.3134070634841919,58.31819152832031
0.16472627222537994,0.2970987856388092,-0.9405304789543152,-134.72862243652344,-0.9807425737380981,0.15077395737171173,-0.12414198368787766,3.380047082901001,0.10492506623268127,0.9428676962852478,0.31621384620666504,58.30393600463867
0.16688695549964905,0.2993392050266266,-0.93943852186203,-134.58468627929688,-0.9801868200302124,0.15346790850162506,-0.1252252608537674,3.462752103805542,0.10668884217739105,0.9417237639427185,0.3190201222896576,58.28910827636719
0.1690514236688614,0.3015713095664978,-0.9383370280265808,-134.44094848632812,-0.9796229600906372,0.15616363286972046,-0.12630023062229156,3.5456981658935547,0.10844558477401733,0.9405677318572998,0.32182586193084717,58.273704528808594
0.17121949791908264,0.3037952184677124,-0.937225878238678,-134.2974090576172,-0.9790509939193726,0.158860981464386,-0.12736675143241882,3.6288838386535645,0.11019521206617355,0.9393996000289917,0.32463112473487854,58.257728576660156
0.1733911633491516,0.30601075291633606,-0.9361051917076111,-134.15408325195312,-0.9784709811210632,0.16155992448329926,-0.12842483818531036,3.7123074531555176,0.11193769425153732,0.9382194876670837,0.3274357318878174,58.241180419921875
0.17556630074977875,0.3082180619239807,-0.9349749088287354,-134.01095581054688,-0.9778828620910645,0.1642603874206543,-0.12947434186935425,3.7959673404693604,0.11367300897836685,0.9370272755622864,0.33023974299430847,58.22406005859375
0.17774495482444763,0.31041690707206726,-0.9338351488113403,-133.8680419921875,-0.977286696434021,0.1669623702764511,-0.13051536679267883,3.87986159324646,0.11540114879608154,0.9358231425285339,0.33304303884506226,58.206363677978516
0.17992712557315826,0.31260737776756287,-0.9326858520507812,-133.72532653808594,-0.9766824841499329,0.1696658432483673,-0.13154791295528412,3.963988780975342,0.11712207645177841,0.9346069097518921,0.3358456492424011,58.18809509277344
0.18211276829242706,0.314789354801178,-0.9315270185470581,-133.58282470703125,-0.9760701656341553,0.17237074673175812,-0.1325719654560089,4.048346996307373,0.11883577704429626,0.9333788156509399,0.33864739537239075,58.169254302978516
0.18430185317993164,0.316962867975235,-0.9303587079048157,-133.44053649902344,-0.9754498600959778,0.17507706582546234,-0.13358749449253082,4.1329345703125,0.12054220587015152,0.9321386814117432,0.34144842624664307,58.14984130859375
0.18649426102638245,0.3191278278827667,-0.9291809797286987,-133.2984619140625,-0.9748215079307556,0.17778469622135162,-0.1345944106578827,4.217750072479248,0.12224133312702179,0.9308866858482361,0.3442484736442566,58.12985610961914
0.1886901706457138,0.3212842345237732,-0.9279937744140625,-133.15660095214844,-0.9741851091384888,0.18049366772174835,-0.13559290766716003,4.302791595458984,0.12393312901258469,0.9296227693557739,0.34704768657684326,58.10929870605469
0.19088932871818542,0.32343199849128723,-0.9267971515655518,-133.0149688720703,-0.973540723323822,0.18320384621620178,-0.13658277690410614,4.388057231903076,0.12561756372451782,0.9283469915390015,0.34984588623046875,58.088165283203125
0.19309170544147491,0.325571209192276,-0.9255911707878113,-132.87355041503906,-0.9728882908821106,0.18591523170471191,-0.13756398856639862,4.473545551300049,0.1272946298122406,0.9270592927932739,0.35264310240745544,58.06645965576172
0.1952972710132599,0.3277015686035156,-0.9243758320808411,-132.73236083984375,-0.972227931022644,0.18862780928611755,-0.13853654265403748,4.5592546463012695,0.12896433472633362,0.9257597923278809,0.35543912649154663,58.04418182373047
0.1975061148405075,0.32982337474823,-0.9231510758399963,-132.59140014648438,-0.9715595841407776,0.19134148955345154,-0.13950054347515106,4.645183086395264,0.13062655925750732,0.9244484901428223,0.3582341969013214,58.021331787109375
0.19971810281276703,0.3319365084171295,-0.9219169616699219,-132.45065307617188,-0.9708832502365112,0.19405628740787506,-0.14045581221580505,4.731328964233398,0.1322813630104065,0.9231252670288086,0.36102816462516785,57.99790954589844
0.20193330943584442,0.33404067158699036,-0.9206735491752625,-132.3101348876953,-0.9701989889144897,0.19677215814590454,-0.14140254259109497,4.817690372467041,0.13392871618270874,0.9217904210090637,0.36382076144218445,57.973915100097656
0.2041514813899994,0.33613622188568115,-0.9194207787513733,-132.1698455810547,-0.9695067405700684,0.19948896765708923,-0.14234045147895813,4.904265880584717,0.1355685293674469,0.9204437136650085,0.3666122853755951,57.94934844970703
0.20637282729148865,0.3382229506969452,-0.918158769607544,-132.02980041503906,-0.9688065648078918,0.2022067755460739,-0.14326974749565125,4.991053581237793,0.13720080256462097,0.9190852046012878,0.36940261721611023,57.92420959472656
0.2085970789194107,0.3403007686138153,-0.9168874621391296,-131.88998413085938,-0.968098521232605,0.20492544770240784,-0.14419025182724,5.078052043914795,0.13882552087306976,0.9177150726318359,0.37219151854515076,57.89849853515625
0.21082432568073273,0.34236976504325867,-0.9156069159507751,-131.7504119873047,-0.967382550239563,0.2076449692249298,-0.14510202407836914,5.16525936126709,0.1404426395893097,0.9163331985473633,0.3749791383743286,57.87221908569336
0.21305455267429352,0.344429612159729,-0.91431725025177,-131.61106872558594,-0.9666586518287659,0.21036532521247864,-0.14600509405136108,5.252673625946045,0.14205217361450195,0.9149397015571594,0.37776514887809753,57.845367431640625
0.2152877300977707,0.3464805483818054,-0.9130182862281799,-131.4719696044922,-0.9659268856048584,0.21308650076389313,-0.14689943194389343,5.3402934074401855,0.14365407824516296,0.9135345816612244,0.38054975867271423,57.81794357299805
0.21752381324768066,0.34852251410484314,-0.9117102026939392,-131.33311462402344,-0.9651871919631958,0.21580840647220612,-0.1477850377559662,5.428116321563721,0.14524830877780914,0.9121177792549133,0.3833329379558563,57.789947509765625
0.2197626829147339,0.350555419921875,-0.9103929400444031,-131.1945037841797,-0.9644396901130676,0.21853096783161163,-0.1486617922782898,5.516141414642334,0.1468348503112793,0.9106893539428711,0.3861145079135895,57.761383056640625
0.22200442850589752,0.35257938504219055,-0.9090664386749268,-131.05613708496094,-0.9636843204498291,0.22125422954559326,-0.14952977001667023,5.604366302490234,0.14841367304325104,0.9092493057250977,0.388894647359848,57.73224639892578
0.22424888610839844,0.3545941114425659,-0.9077309370040894,-130.9180145263672,-0.9629210829734802,0.22397804260253906,-0.1503889262676239,5.692789554595947,0.14998477697372437,0.9077978134155273,0.3916729688644409,57.70254135131836
0.22649617493152618,0.35659974813461304,-0.9063863158226013,-130.7801513671875,-0.9621500372886658,0.2267024964094162,-0.1512393057346344,5.78140926361084,0.1515481323003769,0.9063346982002258,0.39444971084594727,57.672264099121094
0.22874611616134644,0.3585962951183319,-0.9050325751304626,-130.6425323486328,-0.961371123790741,0.22942744195461273,-0.15208081901073456,5.8702239990234375,0.15310369431972504,0.9048600792884827,0.3972247540950775,57.64141845703125
0.23099872469902039,0.3605835735797882,-0.9036697745323181,-130.5051727294922,-0.9605844616889954,0.23215286433696747,-0.15291346609592438,5.959231376647949,0.1546514481306076,0.9033739566802979,0.3999980092048645,57.61000061035156
0.23325395584106445,0.36256173253059387,-0.9022979736328125,-130.36807250976562,-0.9597899913787842,0.23487873375415802,-0.15373721718788147,6.0484299659729,0.1561913788318634,0.9018763899803162,0.4027695059776306,57.5780143737793
0.2355118840932846,0.36453041434288025,-0.9009171724319458,-130.23121643066406,-0.9589877128601074,0.237605020403862,-0.15455223619937897,6.137818336486816,0.15772344172000885,0.9003673791885376,0.40553900599479675,57.54545974731445
0.23777228593826294,0.3664899170398712,-0.899527370929718,-130.09461975097656,-0.9581777453422546,0.24033159017562866,-0.15535825490951538,6.227394104003906,0.15924760699272156,0.8988469839096069,0.40830668807029724,57.51233673095703
0.24003523588180542,0.368440181016922,-0.8981285691261292,-129.9582977294922,-0.9573599696159363,0.2430584877729416,-0.15615537762641907,6.317155838012695,0.16076385974884033,0.8973150849342346,0.4110724925994873,57.47864532470703
0.24230071902275085,0.37038105726242065,-0.896720826625824,-129.82223510742188,-0.9565344452857971,0.2457856386899948,-0.1569436490535736,6.407101631164551,0.1622721552848816,0.8957719206809998,0.413836270570755,57.44438552856445
