1.000000045898739,-1.1814229603041599e-09,3.203019904862714e-09,0.0,-1.1814229603041599e-09,0.9999999927134224,5.622162025575446e-10,0.0,3.203019904862714e-09,5.622162025575446e-10,0.9999999557337369,0.0
0.9999994083129603,0.0010637641534343364,0.0002867366235647095,0.13781681514583966,-0.001064458287862891,0.9999964942231359,0.0024257433645846213,0.08845159384855705,-0.0002841586340976976,-0.00242604620305667,0.9999969660230944,0.031010196252282185
0.9999976238101551,0.0021267371783147346,0.0005759333322771509,0.27573470688497537,-0.002129505122225834,0.9999859715138439,0.0048511512939468536,0.17683132405696966,-0.0005656052815421475,-0.00485236497060923,0.9999880642997865,0.06176753113238931
0.9999945445508315,0.003189126193143231,0.0008678034072941987,0.4137537135981404,-0.003195360197429384,0.9999684359357874,0.007276240231036852,0.26513847642891974,-0.0008445688303860832,-0.007278973104072023,0.9999731549520581,0.09227199821360443
0.9999903219726781,0.004250794171524283,0.0011621279263204498,0.5518738736661817,-0.004261871956460767,0.9999438797870209,0.009700975696249944,0.3533723367680892,-0.0011208177920599138,-0.009705833022106924,0.9999522746381139,0.12252359106923905
0.9999848549413329,0.005311722177431422,0.001459129010048188,0.6900952318665645,-0.005329032482962915,0.99991230185145,0.012125332652830962,0.4415320718454412,-0.001394592078369894,-0.012132922668126156,0.9999253861641909,0.15252230220146856
0.9999781702027206,0.006372004158440872,0.0017586839293688428,0.8284178169849099,-0.006396927331684494,0.9998737071961472,0.014549313103637562,0.5296171460137353,-0.001665760190257215,-0.014560244081316898,0.9998925705155821,0.1822681267902766
0.999970276311884,0.007431382251936,0.0020606828158149793,0.9668416737987684,-0.00746530355807758,0.9998280814306338,0.016972861156613648,0.6176267260439348,-0.0019341875826754396,-0.0169877380300682,0.9998537856551065,0.21176105733783857
0.9999612019264854,0.008490071703135565,0.0023653407600588705,1.1053668342920844,-0.008534377385828962,0.9997754363105162,0.019395991881778398,0.7055602167724411,-0.0022001359008733123,-0.01941542544823749,0.9998090560006552,0.2410010884885807
0.9999508894090225,0.009548049454773333,0.0026726731365294687,1.2439933432424368,-0.009604126019454404,0.9997158301360589,0.021818693070659412,0.7934167849702165,-0.0024635803849198945,-0.02184328925488388,0.9997583789778055,0.26998821274468554
0.9999393091779998,0.010605186030801128,0.0029824271605863317,1.3827212326337985,-0.010674407630721052,0.9996491361725978,0.02424092013347294,0.8811958354736626,-0.0027242894521084526,-0.024271286050779328,0.9997016760459736,0.2987224247505651
0.9999265694633623,0.011661558206627426,0.003294710668172024,1.52155054724372,-0.011745319887420504,0.9995754779118766,0.026662676074737168,0.9688965350537417,-0.0029823718771027075,-0.026699413583241238,0.9996390500171847,0.327203717008409
0.9999126469174823,0.012717163688945071,0.003609647487844009,1.6604813190561742,-0.012816840470936425,0.9994947954321717,0.029083938432845742,1.0565182885468563,-0.0032379597279921235,-0.029127660136782918,0.9995704197220475,0.3554320841626364
0.9998974510879473,0.013772087188027776,0.0039271151903434165,1.7995135928487116,-0.013889065141640495,0.9994070931925085,0.03150470363099759,1.1440602627239667,-0.003490901881036068,-0.03155601534449637,0.9994958660956464,0.38340751871542267
0.9998810732888854,0.014826190523926391,0.004247223529147581,1.9386474006052765,-0.014961868380979047,0.9993123634909407,0.03392493723753756,1.2315218624214754,-0.0037413344956489514,-0.033984448514049914,0.9994153103254426,0.4111300153111941
0.9998634913972109,0.01587945920722167,0.004569747751339892,2.077883410700764,-0.016035201355029408,0.9992106650330995,0.036344622561000406,1.3189023734435938,-0.0039890121293867375,-0.036412936444863764,0.9993288504804603,0.43860332983929595
0.9998446724350876,0.016931986945902533,0.00489491380923579,2.2172210315218024,-0.01710918309654433,0.9991019431670152,0.03876375397421644,1.4062010815934753,-0.004234170998119402,-0.03884147971956475,0.9992363882908408,0.4658236935569917
0.9998246892538711,0.017983629760701503,0.0052226010726746375,2.356660301449182,-0.018183661571680353,0.9989861897853767,0.04118229442243218,1.4934172726748,-0.004476687323104578,-0.041270037231844636,0.999138004390417,0.49279110003756443
0.9998034275916048,0.019034491605533055,0.005552774579862474,2.4962018952545577,-0.01925874741991978,0.9988634105633044,0.043600254254217236,1.5805501134590605,-0.004716557079962103,-0.043698618834314806,0.9990335837644984,0.5195093040992589
0.9997810053084416,0.020084536901651406,0.005885495410228758,2.6358452149277696,-0.020334396957685127,0.9987336629903334,0.04601759417356166,1.6675990087821289,-0.004953784895575186,-0.0461271921292864,0.9989232974889153,0.5459745380704462
0.9997573436181488,0.021133763970977992,0.006220808006398626,2.7755909288437124,-0.02141060598837321,0.9985968871447404,0.048434307074779755,1.7545632444482155,-0.005188478446298661,-0.04855574172713595,0.9988069568183391,0.5721905578404716
0.9997324610086424,0.02218213797224955,0.006558654650265949,2.9154384453890145,-0.022487352193332547,0.9984530809996985,0.050850373214418466,1.8414421062604749,-0.005420519958921455,-0.050984250462279945,0.9986847527210609,0.5981535946665844
0.9997063562805235,0.023229644723661125,0.006898977660697997,3.0553733931706404,-0.023564613253928206,0.9983023032608396,0.053265768652355425,1.9282342878996896,-0.005649909232609218,-0.05341269329707021,0.99855651355222,0.6238699228241131
0.9996790757041054,0.024276376087515872,0.007241914523046178,3.1954102203432058,-0.024642475201789152,0.998144499276192,0.0556804924349127,2.01493966729244,-0.0058767597756060885,-0.055841081836543904,0.9984223371590939,0.6493332551843309
0.9996505706102773,0.025322196960007592,0.007587363713252027,3.335549595281492,-0.02572080736801654,0.9979796613438118,0.05809451656833616,2.1015575302429363,-0.00610095767799923,-0.05826936701768548,0.9982822405417333,0.6745473476365902
0.9996208422605545,0.02636707344046907,0.007935301912277315,3.4757915563663175,-0.026799587433973353,0.9978079068749578,0.060507817923251266,2.1880871625548624,-0.006322488042407204,-0.06069753183242954,0.9981361671703848,0.6995121937542024
0.9995899288671415,0.02741100414068287,0.00828582901145522,3.6161354991907615,-0.027878797277660915,0.9976290565098223,0.06292036416632929,2.274528088096808,-0.006541478136394274,-0.06312555338536097,0.9979841607528971,0.7242240269366391
0.9995578046737386,0.02845418552760154,0.008638859794232179,3.756567077948887,-0.02895864100970034,0.9974433001477234,0.06533218844163027,2.3608785244186796,-0.006757787669468662,-0.06555346079743807,0.9978261751241522,0.7486891171747558
0.9995244511653302,0.029496373341661497,0.00899435423426545,3.897101345202259,-0.030038865685566445,0.9972505045681489,0.06774321392151049,2.447138825578465,-0.006971443758601925,-0.0679811753961973,0.99766221698651,0.772904943940361
0.9994898631095042,0.030537779136709964,0.009352467323810176,4.037738352125189,-0.0311196944916231,0.9970506815267017,0.07015347847147126,2.5333080393144067,-0.007182551287967187,-0.07040874016031673,0.9974923208212454,0.7968714986645082
0.9994541073606218,0.031578141720602915,0.009713040438887877,4.178477494310783,-0.03220086380085213,0.9968438759465832,0.07256292109665327,2.619385689495097,-0.007390985474650336,-0.07283607358202338,0.9973165131897068,0.8205850147466833
0.9994171335532398,0.03261767449287334,0.010076107360380337,4.3193044131595855,-0.03328257772389534,0.9966300995833979,0.07497155166878716,2.7053702317358796,-0.007596752993630496,-0.07526320761758498,0.9971347280008429,0.8440517643199854
0.9993789176643643,0.03365624370242615,0.010441752905041513,4.460234174026624,-0.03436470978850253,0.9964092852188406,0.07737934448335788,2.791261782029303,-0.007799955582675988,-0.07769010476195459,0.9969470114867165,0.8672692247139793
0.9993395368810297,0.03469382094029816,0.010809860074434102,4.601266815292689,-0.035447234433096955,0.9961815506695341,0.0797862856149699,2.87705962617905,-0.008000485297652848,-0.08011676025811176,0.996753383238537,0.890237389501948
0.9992989348407986,0.03573050557378954,0.011180439330401665,4.742387348364218,-0.036530244175145714,0.9959467817671505,0.08219236180597939,2.962762219799936,-0.008198347809368456,-0.0825431605276945,0.9965537206354996,0.9129587685009426
0.9992571064083927,0.03676616725331561,0.011553477778776133,4.883610838596326,-0.03761359766329212,0.9957050307314721,0.08459754086603725,3.0483696788845087,-0.008393527149324842,-0.08496925352662688,0.9963482071401981,0.935430839040535
0.9992141243380337,0.03780100851725521,0.011928985081801846,5.024937954363821,-0.038697507401413256,0.9954562489910127,0.08700182441658959,3.133881289236979,-0.008586020391450733,-0.08739506561532884,0.9961367202657172,0.9576573570100635
0.9991698985248658,0.03883489089579806,0.012307075005992374,5.16635306428546,-0.0397818501601904,0.9952005482819105,0.08940519581412895,3.219295744537073,-0.008775963534078612,-0.08982057360726037,0.995919301396526,0.9796370720527534
0.9991244298306052,0.0398678049258544,0.012687739306888712,5.307871246509961,-0.04086659618144157,0.9949378083553537,0.09180762530046713,3.3046129227119003,-0.008963341612882259,-0.09224573814626635,0.9956958914786569,1.001367459355933
0.9990777954422865,0.040899713630614065,0.013070855755131783,5.449477512443735,-0.04195171990359002,0.9946681466225984,0.09420910557903057,3.389831279376275,-0.009148046683727706,-0.09467056059496526,0.9954665714137219,1.022851028736639
0.9990299443191002,0.04193071883829158,0.013456425949920026,5.5911875446423664,-0.04303732128364368,0.9943914489153189,0.09660960689163936,3.474951168588715,-0.009330055091272937,-0.097095012678448,0.9952313409339417,1.0440890219827281
0.99898086600414,0.04296068818600929,0.013844464965832665,5.732985724518244,-0.04412325153070503,0.9941078273750178,0.0990091226094798,3.559971045963506,-0.009509380193169381,-0.09951907978708274,0.9949901975151024,1.065080186595182
0.9989305656948008,0.043989712473220366,0.014234934009452638,5.8748871302199746,-0.0452096073588588,0.9938171674280009,0.10140764367153605,3.6448907894277576,-0.009686022859699217,-0.1019427544621464,0.9947430872186094,1.0858219977613288
0.998879094893808,0.0450176471231819,0.014627858798615834,6.016892417328876,-0.046296251613370094,0.9935195804050411,0.10380514856991273,3.72970992285112,-0.009859991714933458,-0.10436600494019077,0.9944900661725473,1.1063182135127576
0.9988264423717552,0.04604459441172981,0.015023343655977989,6.158985954463674,-0.04738329588742808,0.9932150120595353,0.10620161322154914,3.814427139913319,-0.010031390638873483,-0.10678882568420378,0.9942311169082522,1.1265675834926867
0.9987725453694112,0.04707053970943775,0.015421391380136373,6.301168422792813,-0.048470713665780166,0.9929034611753929,0.1085969855496304,3.8990414883531255,-0.010200224231210142,-0.10921116891864024,0.9939662389571104,1.146573861448239
0.9987174244358068,0.04809545731276477,0.015821872730198583,6.443454270470909,-0.049558475190227824,0.9925849265365138,0.11099129626602265,3.98355284609712,-0.01036635995524049,-0.11163305300241688,0.9936953935258119,1.1663307602506876
0.998661132148833,0.0491193097972793,0.016224807793279117,6.585829100517714,-0.05064655489921499,0.9922594656324314,0.11338453793119742,4.067960382956965,-0.010529836832301465,-0.11405445656025515,0.9934186981197886,1.1858445584598272
0.9986036219897095,0.05014221534405405,0.016630178881061136,6.728308016669047,-0.05173504531020049,0.9919270250272749,0.11577667334741329,4.152263500728891,-0.010690601747012085,-0.1164753691641387,0.9931360348319397,1.2051127269785198
0.9985449384782186,0.051164026467810375,0.01703796768704169,6.870875991950584,-0.0528238167080006,0.9915876561300933,0.11816767857458094,4.236461369224031,-0.010848707480029418,-0.11889575100926941,0.9928474671621579,1.224137782050505
0.9984850073501562,0.05218471337136765,0.01744832295801496,7.013547474516969,-0.053912857456463015,0.9912412973977013,0.12055752452228863,4.320553866368966,-0.011004232247669332,-0.12131557444321173,0.9925529702030265,1.242913436547056
0.9984239113897515,0.0532043996052487,0.017861098345984427,7.156308118562265,-0.055002246147640724,0.9908879553159547,0.12294619564367823,4.404539209713601,-0.011157069043024825,-0.12373482238275213,0.9922525684602934,1.2614459604590351
0.9983615818407792,0.054222911197798096,0.01827630772613048,7.299157949673656,-0.05609184467310644,0.9905277399995237,0.12533370762857102,4.4884169231270565,-0.011307221461615002,-0.12615350346817977,0.991946259610579,1.2797353495019763
0.9982980829995519,0.05524038178770396,0.018693939622070388,7.4421120204126225,-0.05718175394356462,0.9901605389015472,0.12772000014987583,4.57218736066732,-0.011454700269743934,-0.12857157964257704,0.9916340455755943,1.2977790831476739
0.9982333545677531,0.05625675144539066,0.019114007908984543,7.585155354979236,-0.058271947443760595,0.989786348779099,0.13010508889741396,4.655848739883768,-0.01159949537055538,-0.13098904842514036,0.9913159240319596,1.3155796690709352
0.998167456106217,0.057272016234978795,0.01953649871169255,7.728287978960623,-0.059362392172587125,0.9894052886649007,0.1324889581813641,4.739400584645522,-0.011741601628800225,-0.13340589404820613,0.9909918973030545,1.333137102987294
0.9981003328517046,0.05828627552376853,0.019961427504573248,7.871524970505476,-0.06045321040569122,0.9890172443906248,0.13487159393336765,4.822842772879691,-0.01188102498306498,-0.13582210293341235,0.9906619627977202,1.3504488600840787
0.998032016219827,0.059299397731717995,0.02038889617795786,8.01485195822076,-0.06154425754880953,0.9886222681760525,0.13725292662237093,4.906173998267059,-0.0120178915628526,-0.13823763038495662,0.9903261638890817,1.3675212146366178
0.9979625054109846,0.06031134080242806,0.020818893288990503,8.158268337699496,-0.0626355187228521,0.9882202980726286,0.1396329860065456,4.989393784676217,-0.012152201234273519,-0.14065247691486293,0.9899844420587296,1.38435040004439
0.9978917678722847,0.061322213276427506,0.021251329189795054,8.30177416011611,-0.06372707156617538,0.9878114595989216,0.14201179697968372,5.07250117984541,-0.012283812568774644,-0.14306667580671606,0.9896368123180588,1.4009364077384632
0.9978198750693337,0.06233198417143182,0.021686060330972257,8.445384478032054,-0.06481887563811682,0.9873956908063859,0.14438929191811223,5.155496537832623,-0.012412646881426626,-0.14548016143807807,0.9892832987042037,1.4172767171906315
0.9977467321888969,0.06334063152062486,0.02212332470739281,8.589084945641446,-0.06591094906072263,0.986972990073565,0.1467654242771724,5.238378076187764,-0.012538914925248279,-0.14789288480476914,0.9889238613652978,1.4333775983917576
0.9976724281093314,0.06434803300394099,0.02256289496744268,8.732874958537394,-0.06700311748149995,0.9865433509146042,0.14914022572244132,5.321145318779422,-0.012662389844833255,-0.15030485564172924,0.9885585988055063,1.4492352847413201
0.9975969491403168,0.06535427667005789,0.023004855746462716,8.876755197888315,-0.06809549249364001,0.9861067781938916,0.1515136721708417,5.40379731334637,-0.012783190216730023,-0.15271608869257403,0.9881873759837887,1.464853529986442
0.9975202224926141,0.06635945967382817,0.023449386521618265,9.020725059287287,-0.06918818149371432,0.985663336292185,0.1538857122133517,5.486333583757201,-0.01290142472146516,-0.15512652468262544,0.9878103441504589,1.480228567526602
0.9974423353832653,0.06736343600493822,0.023896215735543347,9.164800225289923,-0.07028102500832205,0.9852129575858095,0.15625637670479228,5.568754484070432,-0.013016881334068975,-0.15753615427129608,0.9874274279083866,1.4953616391496496
0.9973631957355165,0.06836630838684532,0.024345566708329047,9.30896572009624,-0.07137413787359623,0.9847556477498843,0.15862561828977334,5.651058231835438,-0.013129786374389552,-0.15994499465947087,0.9870385898629743,1.510255252530392
0.9972829350998416,0.06936793745449643,0.024797347359774735,9.453220939299314,-0.07246736481276811,0.9842913986771026,0.160993416414094,5.7332443509208115,-0.013240025892761631,-0.16235297718481578,0.9866439058674059,1.5249056410683082
0.9972014581019992,0.07036840559725799,0.025251414174008002,9.597566538480407,-0.07356080158621353,0.9838202747482097,0.16335979353934404,5.815312365196203,-0.013347478158538761,-0.1647601307519353,0.9862433395186956,1.539316562794987
0.9971187434554765,0.0713677030621791,0.0257078861484642,9.74200256881386,-0.07465441843576912,0.9833422751524785,0.16572472639319408,5.897261322399855,-0.013452260476318534,-0.16716642351046596,0.98583687089091,1.5534880091414962
0.9970348498593917,0.07236581837287703,0.026166800044035488,9.886529081474066,-0.07574821211850957,0.9828573395628183,0.16808817114912208,5.979090270270008,-0.013554382675178056,-0.16957185353869675,0.9854246146974879,1.5674199715389037
0.9969497757145462,0.07336271415027351,0.026628097779789528,10.031146102048154,-0.076842152876255,0.9823655250634026,0.17045011130655066,6.060798732675788,-0.013653844487338196,-0.17197635414307322,0.9850063993605132,1.5811124457027432
0.9968635358485433,0.0743583707977602,0.027091720838020972,10.175853656123309,-0.07793619607172103,0.9818668308434965,0.17281054200111673,6.142386233486312,-0.013750542635300622,-0.17437995225942027,0.9845824159821666,1.5945654273485488
0.996776113034982,0.07535276634852095,0.02755772450451144,10.320651769286712,-0.07903034170492217,0.9813612552816432,0.17516943752828038,6.223852296570703,-0.013844579994894968,-0.17678259888355807,0.9841525344359459,1.6077789121918542
0.9966874453142306,0.07634588932617303,0.028026141434687013,10.465540492712734,-0.08012457813969576,0.9808487380507517,0.17752678422505694,6.305195969667204,-0.013935961299701649,-0.17918429209377562,0.9837168096882459,1.6207528916637273
0.9965976050407108,0.077337943702666,0.028497000978106923,10.610520481982604,-0.0812191104403739,0.9803294095337842,0.179882583712909,6.386416776645464,-0.014024683556704609,-0.18158503582763208,0.9832752368245282,1.633491123795757
0.9965065917875238,0.07832867665058929,0.028970128529144268,10.755591158276559,-0.08231365590423498,0.9798031361048616,0.1822367522729684,6.467513765243197,-0.01411065604271955,-0.1839847575323028,0.9828277846477532,1.645989837702956
0.9964143979855761,0.07931818203569208,0.02944567014346594,10.900752547181867,-0.08340834844310102,0.9792700424718205,0.1845893571235507,6.548486459329525,-0.014193968142035107,-0.18638348803410332,0.9823744891356094,1.6582490291008583
0.9963209576151231,0.08030643616772637,0.029923639662725487,11.046005304279674,-0.08450314666263155,0.9787300674968407,0.18694032386921441,6.629334382774098,-0.014274639016999657,-0.18878120825750622,0.9819154084048374,1.6702724560210527
0.9962264061625181,0.08129340969713295,0.03040389600337501,11.19134885075033,-0.08559801431877957,0.9781832095584594,0.18928972041954226,6.710056583314628,-0.01435257048561156,-0.19117791328797296,0.9814504452106624,1.682056347578552
0.9961306090031237,0.08227911246756925,0.030886558928922225,11.336768840787897,-0.08669295789741009,0.977629468656685,0.19163741853785207,6.790651278501023,-0.014427845765546232,-0.19357354433931517,0.9809796399333818,1.6936069737642185
0.9960336247118248,0.08326359997975685,0.03137165789639634,11.482279671372652,-0.08778806343014176,0.9770689075508026,0.19398346407751899,6.871119298521617,-0.01450050488231236,-0.1959681107050517,0.9805030480749487,1.7049180560182577
0.9959354746993683,0.08424687051026392,0.03185906155843693,11.62788202367301,-0.08888327140059402,0.976501466724448,0.19632788071622148,6.9514596911151845,-0.014570400334880773,-0.19836164231383502,0.9800205707602851,1.7159933480877925
0.9958361826609391,0.08522865680536706,0.032348840023491476,11.773575923276127,-0.08997838513769282,0.9759271902900988,0.19867055185345042,7.031671980150846,-0.014637687177235126,-0.20075400376270802,0.9795323171188435,1.7268328456883566
0.995735662142121,0.0862091887397114,0.03284091250632898,11.919360791362323,-0.09107357479725967,0.9753460912194516,0.20101151888353383,7.111755213366314,-0.014702214955082615,-0.20314526376107334,0.9790381798089928,1.7374327779349628
0.9956339685815189,0.087188450005792,0.03333529375567218,12.065222256538476,-0.09216882225728137,0.9747581083746922,0.20335073676385274,7.191708084442373,-0.014764008060157874,-0.2055353591437623,0.9785382772300757,1.7477994191029396
0.9955310790313042,0.08816638599813009,0.03383210116975799,12.211175371366096,-0.0932641126386866,0.9741632988399808,0.20568821198025766,7.271530947437012,-0.014823198627495149,-0.20792432609305012,0.978032589723938,1.7579302486640813
0.9954270173010215,0.0891430065603831,0.034331183787854214,12.35722018701955,-0.0943594310623647,0.9735616626153251,0.20802392235706027,7.351222850088471,-0.01487963955773397,-0.2103121058227484,0.977521021699737,1.7678252580494558
0.9953217571823285,0.09011826520729782,0.03483268603290246,12.503356729085993,-0.09545474777015645,0.9729531972685292,0.21035787478549325,7.430783316265873,-0.01493347754856611,-0.2126987056575964,0.9770036698430604,1.7774844429745968
0.9952153762620595,0.09109216686070298,0.03533648636767289,12.64957002176547,-0.09655004464003006,0.9723379027995974,0.21269000285798065,7.510210563518594,-0.014984604722802386,-0.21508409620449997,0.9764805545051389,1.7869103111143119
