1.0000000301961758,5.5622772274975245e-09,4.702948808166241e-09,0.0,5.5622772274975245e-09,1.000000052790409,6.277215923685918e-10,0.0,4.702948808166241e-09,6.277215923685918e-10,0.9999999916698874,0.0
0.9999974999396131,0.002121973666694955,-0.0006863226775897235,0.16137323252513625,-0.002122038913578243,0.9999977900042355,-0.00012774282290738408,0.03753022230281111,0.0006860559129035076,0.00012920043446780494,0.9999997354518354,0.018160396152332225
0.999990083581294,0.004243766620857629,-0.0013729763277989804,0.32280942306806537,-0.0042441244134709686,0.9999910153923972,-0.0002540231940511203,0.07471654127822802,0.0013718903994522774,0.0002598478065410671,0.9999990263343352,0.036434624311965536
0.9999776038705604,0.006365531117489286,-0.002059832111547033,0.4843084376526008,-0.0063663141959182075,0.9999797079112139,-0.0003788527107101507,0.11155801280964539,0.0020573776305936597,0.0003919583375465163,0.9999978171366395,0.05482267073247016
0.9999602254978033,0.00848722310403073,-0.002747009389612587,0.6458698869210195,-0.008488633513334619,0.9999638738737898,-0.0005022283677734819,0.14805463689711296,0.0027426468496010714,0.0005255277854688475,0.9999960956118972,0.07332833018863028
0.9999378613121512,0.010608739799098675,-0.0034343797629575734,0.8074941602310446,-0.01061093276437972,0.9999435280107009,-0.0006241422366807501,0.18420641354058098,0.003427576769036794,0.0006605461750674585,0.9999938749343174,0.0919478079056617
0.9999104999066397,0.01273005182045769,-0.004122083350854733,0.9691807342487664,-0.01273321194905201,0.9999186745306832,-0.0007445892079521491,0.22001239862349387,0.0041122785639433335,0.0007970108134407045,0.9999912006447191,0.11068488491191175
0.9998781542091622,0.014851159111667067,-0.004809979641522966,1.1309301323080945,-0.014855471067353191,0.9998893134337365,-0.0008635716251008627,0.25547353626240543,0.004796626235939183,0.0009349222506734312,0.9999880272425564,0.1295357801790331
0.9998408531373063,0.016972281764715373,-0.005498085588641732,1.2927422204328423,-0.01697791768635193,0.9998554131543411,-0.0009811133296416864,0.29058888234071034,0.005480637731468896,0.0010743033615726177,0.9999844129058872,0.148500479960596
0.9997985582718827,0.019093184953423156,-0.006186510936700085,1.4546164752891002,-0.019100314735333787,0.9998170073623849,-0.0010971864227648244,0.325357492741853,0.006164428943714925,0.0012151303446820555,0.9999802864569595,0.16758276528494065
0.9997513430470559,0.021213845581970116,-0.00687512277297897,1.616553030853055,-0.02122266325586162,0.9997740391549479,-0.0012117940397772028,0.3597803115824387,0.006847872592763926,0.0013574012983931516,0.9999756016155352,0.186782649898511
0.9996991333495981,0.02333439044634443,-0.007563948386881014,1.7785521425062427,-0.023345058093217182,0.9997266107638461,-0.0013249471143477794,0.3938563947458089,0.007530968564025714,0.0015011293494616162,0.9999705353343245,0.20609632528009314
0.9996419348057928,0.025454678004484782,-0.008253087056335984,1.9406134208909407,-0.02546737385691199,0.9996746220616316,-0.0014366297335237223,0.4275857422320186,0.008213837269910332,0.0016463005602898456,0.9999648976743475,0.225527586204457
0.9995797616764464,0.027574702961539434,-0.008942424250604208,2.1027220944143608,-0.027589595795125658,0.9996181942194323,-0.0015468459545984316,0.4609695647972494,0.008896360338493808,0.0017929146801713702,0.9999588202220104,0.24507108232803176
0.9995126139615589,0.029694447445246304,-0.009631961223361074,2.264892934669291,-0.029711723907858183,0.9995571491632005,-0.0016555947253887005,0.49400665168531965,0.009578537769776116,0.0019409707530480824,0.9999522429311142,0.26473216399438826
0.9994405207667336,0.031814149402032664,-0.010321693646447527,2.4271261970372677,-0.03183398051400052,0.9994916334014637,-0.001762898303822641,0.5266960587795673,0.010260365060405313,0.002090492783496073,0.999945166245744,0.28450702268231964
0.9993634431985411,0.03393356560250176,-0.011011750900007389,2.5894064651862436,-0.03395612116692704,0.9994216215968224,-0.0018687286608937259,0.5590399409528892,0.010941973034296865,0.0022414564004254456,0.9999376368085926,0.304397911344239
0.9992813959920277,0.036052672950833295,-0.011701994249279424,2.7517486321143565,-0.036078138490728544,0.9993470568463563,-0.0019730907758874284,0.5910351992158347,0.011623228388793788,0.0023938597022276076,0.9999295490192174,0.32440635805608053
0.9991943804801072,0.03817146511011256,-0.012392449151960583,2.914138127193098,-0.038200017733582954,0.9992680002617217,-0.002075982674628469,0.6226844604995012,0.012304138750353577,0.0025477023897906848,0.999921080018268,0.344527033093911
0.9991023817229094,0.040290051081300286,-0.013083091458715113,3.076589521050977,-0.04032186953415525,0.9991843760006863,-0.0021774155511808686,0.6539850978727895,0.012984695096396659,0.002702995881064596,0.9999120525308522,0.3647652661816636
0.999005415993218,0.04240832286391083,-0.013773933151449924,3.239087786713668,-0.04244356850195837,0.9990963199649544,-0.0022773782114822055,0.6849392662085467,0.013664914075960127,0.002859729211830503,0.9999025252451502,0.38511951549697443
0.998903487665804,0.04452623327771076,-0.014464972714817392,3.4016328571930785,-0.04456509988517062,0.9990036582892139,-0.002375869863737938,0.7155464934484677,0.014344773668823474,0.0030178980093328034,0.9998925582342093,0.40558977416662145
0.9987965955059631,0.04664380740758831,-0.015156211533329023,3.564225121846931,-0.0466864563078807,0.9989065679953287,-0.0024728903777537343,0.7458067795925025,0.01502429621738921,0.0031775051984495872,0.9998820914384063,0.4261722474158134
0.9986847260947541,0.04876113121809519,-0.015847643447120086,3.7268791513037343,-0.048807748408753814,0.998804916338147,-0.002568449103613467,0.775717497709552,0.015703457875738763,0.0033385597164855008,0.9998711254897659,0.44687226496851196
0.9985679422366502,0.05087809566074164,-0.016539378647873804,3.8895799185891633,-0.050928859214773324,0.9986987791599007,-0.0026625311805459125,0.8052808026724634,0.01638239990236487,0.003501050608719969,0.9998596490822195,0.4676882850023176
0.9984461372613158,0.05299478766490771,-0.017231208734130643,4.052327356715125,-0.05304986777784125,0.9985880837749098,-0.002755155136031098,0.8344962224229313,0.017060871682234163,0.0036649876136107262,0.9998477435160841,0.48862030064403683
0.9983193619938102,0.05511109822963265,-0.01792334171484178,4.215121465681619,-0.05517067187676163,0.9984729060254064,-0.002846299676622373,0.8633637569609576,0.017739110610754852,0.003830359313207854,0.9998353275313154,0.5096683118936625
0.9981876317416294,0.05722700427097843,-0.018615673427352597,4.377962567858276,-0.0572912493838031,0.9983531890084705,-0.002935969391018215,0.8918829342281853,0.018416998423396946,0.003997163690095423,0.9998224118153817,0.5308285171031883
0.9980509411647143,0.05934263989855853,-0.019308071667810456,4.540850273887372,-0.05941171831354304,0.998229033903734,-0.0030241822965418677,0.9200537542246678,0.0190944222268139,0.004165414855486771,0.9998090099328802,0.5521047110474058
0.9979092862895371,0.06145783316086602,-0.020000787346666105,4.703784516780814,-0.06153194589958058,0.9981002847330129,-0.0031109127608147233,0.9478757448921016,0.01977160630418276,0.004335095985718074,0.9997950961394839,0.5734968868530927
0.9977626742296926,0.06357273288982301,-0.020693582712900782,4.866765296538603,-0.0636520427805836,0.9979670405715715,-0.0031961835200528354,0.9753489062304848,0.020448326694508495,0.004506222234459234,0.9997807547468814,0.5950050445202564
0.997611064840239,0.06568719236139789,-0.02138645050527499,5.029777519198319,-0.0657718751485933,0.9978293224630894,-0.0032799862763571363,1.0024749210543593,0.02112457178907598,0.004678778313236487,0.9997659265825352,0.6166276353533036
0.9974544938183505,0.06780120313078546,-0.0220796219224344,5.1928362117342886,-0.06789143666925641,0.997687071400279,-0.0033623048776288238,1.0292516344908815,0.02180059241051041,0.004852764057741821,0.9997505280070537,0.6383662011746054
0.9972930048135259,0.0699146404861235,-0.022772870279414326,5.355941307158417,-0.07001060195208947,0.9975403052702683,-0.003443144412099411,1.055678574481746,0.022476138387746827,0.005028166438030335,0.9997347021142754,0.660220735110947
0.9971265524505142,0.07202774021247868,-0.023466316899535267,5.519077778496381,-0.07212959965033156,0.9973890504626409,-0.0035225157044910167,1.0817578958998002,0.023151332389952622,0.005205010114614994,0.9997184364559853,0.6821896953399573
0.9969551090380271,0.07414036289944466,-0.024159829534991017,5.682260652722505,-0.07424828858011434,0.9972333269688932,-0.003600416688977426,1.1074874438721984,0.0238260517407642,0.00538328078347966,0.9997016247661562,0.7042746236840145
0.9967787798068726,0.07625250014974527,-0.024853532845257986,5.84547483587437,-0.07636668557638034,0.9970730757817372,-0.0036768388285136,1.1328689012134792,0.02450042707238087,0.005562977817086978,0.9996843141718381,0.7264739714475184
0.9965974497384162,0.07836413726483639,-0.025547432717796414,6.008735354926301,-0.07848475167645234,0.9969082990055408,-0.003751780740115429,1.1579001130508022,0.025174454073166846,0.00574409994136571,0.9996665639865238,0.7487892804528471
0.9964111160111123,0.080475387926731,-0.02624140599774527,6.172027115915881,-0.08060260858286365,0.9967389803314519,-0.0038252615637000033,1.182582762198706,0.025847990149400563,0.005926659288610997,0.9996483269287836,0.7712190020044147
0.9962199009381214,0.08258613215214819,-0.02693556222260718,6.335365145817434,-0.08272013667620311,0.9965651971799786,-0.003897261828551727,1.206914693784345,0.026521190155078894,0.006110643079993816,0.9996295917596704,0.7937646779245924
0.9960236423966704,0.0846963588874742,-0.027629797687653945,6.498734350668542,-0.08483730332814525,0.9963869511293969,-0.003967789350330137,1.2308975906222628,0.027193910130983392,0.006296050649479079,0.9996103691196674,0.8164247595177798
0.9958224772093869,0.08680616615134958,-0.02832433552381053,6.662134730469205,-0.08695424442976804,0.9962041679157508,-0.00403683376925914,1.2545314527124578,0.02786639629618945,0.006482892054137601,0.9995906361147281,0.8391992467839984
0.9956163885686026,0.08891543282931348,-0.029018937729118177,6.82556621823133,-0.08907082248516014,0.9960168649000766,-0.004104406166499531,1.2778158079966282,0.02853841474559396,0.006671155335289974,0.9995704171647213,0.862088132850019
0.9954053195823522,0.09102415259633347,-0.02971361765926306,6.989043518559612,-0.0911870217009386,0.9958251031940297,-0.004170505028872066,1.3007489736602817,0.02920995215217781,0.006860840078016989,0.9995497708168721,0.8850967611862117
0.9951892710602048,0.09313230134423188,-0.03040836327765245,7.152551859861262,-0.09330283101323684,0.9956287658352189,-0.0042351312783672195,1.323332160459607,0.029881016088701487,0.007051944042786307,0.9995285784710444,0.9082197814489987
0.9949683498030022,0.09523989328251704,-0.031103304607878524,7.316091242136281,-0.09541825619313088,0.9954280314237834,-0.0042982713070003455,1.3455653683946025,0.030551737348455288,0.007244467751330891,0.9995069466214779,0.9314571936383658
0.9947423936879709,0.0973468957869126,-0.03179830415812318,7.479661665384668,-0.09753326461229525,0.995222723990044,-0.004359938852951222,1.3674485974652697,0.03122197197222079,0.007438409494654408,0.9994847695401999,0.954808997754327
0.9945115674546066,0.09945331469341519,-0.03249349935478646,7.643263129606424,-0.09964787045927792,0.9950129631268522,-0.004420119717045634,1.388981847671607,0.03189186418770143,0.0076337689353377924,0.9994621529618953,0.9782751937968683
0.9942757671559099,0.10155913424359432,-0.0331887585935105,7.806880540839131,-0.10176205321118101,0.994798690879104,-0.004478826254479248,1.4101668018281561,0.032561276004725415,0.007830544924615407,0.9994390504720838,1.0018542330704179
0.9940349779011157,0.10366446558194799,-0.03388409019295602,7.970528469711297,-0.10387591244280281,0.9945799515235115,-0.004536064327984615,1.4310008330038215,0.033230213385143204,0.0080287483982113,0.9994154612172406,1.025551445298909
0.9937893237123285,0.10576918284166958,-0.034579603821461746,8.134207305580645,-0.10598934328655464,0.9943567028877309,-0.004591815388835013,1.4514839411985516,0.033898793909816136,0.008228367377944856,0.999391373944994,1.0493630357075503
0.9935386407087266,0.10787326770304907,-0.03527519465146023,8.297917048447175,-0.10810230942615526,0.9941289476022219,-0.004646089226862058,1.4716161264123429,0.03456689590823128,0.008429399750094019,0.999366859328602,1.073289004296349
0.9932830475969081,0.10997671466304414,-0.03597083577532495,8.461642671336563,-0.11021481847666002,0.993896686456123,-0.004698887485440927,1.491399543518046,0.03523453156011845,0.008631844950026571,0.9993418002937507,1.097327809242934
0.9930225472061627,0.11207952108908169,-0.03666655535435781,8.625398744877316,-0.11232686121818039,0.9936599800349976,-0.0047502074690132364,1.5108315655845583,0.03590168617638112,0.008835702707630108,0.9993162538685552,1.1214847802712384
0.992757068719048,0.1141816712940248,-0.0373624550545949,8.789185591439065,-0.11443841816937603,0.993418770383742,-0.004800036882169414,1.52991172055353,0.03656848730541769,0.009040971179294977,0.9992902695392766,1.1457561157332705
0.9924866845475924,0.11628315420049522,-0.038058419527223664,8.952988251035578,-0.11654949221578743,0.9931730590806324,-0.004848387228526089,1.5486426353561047,0.03723481505213576,0.00924764993060076,0.999263739305989,1.1701402806798669
0.9922113380860552,0.11838396903403187,-0.038754453602283134,9.116821294295363,-0.11866006018812059,0.9929229064481864,-0.004895259560265671,1.5670216830611885,0.03790066360857973,0.00945573864803112,0.9992367825082475,1.194642604834975
0.9919310718098762,0.12048421743444115,-0.03945054609361537,9.280670016613726,-0.12077024483046792,0.9926682376963561,-0.004940660792306315,1.5850505464832718,0.03856603733288616,0.009665248228307693,0.9992092804586583,1.2192577447282176
0.9916458626073613,0.12258365181234612,-0.04014670684630808,9.444534417990667,-0.12287978694438359,0.9924090883363519,-0.004984574559343905,1.6027292256223529,0.03923093385370756,0.009876152799751417,0.9991813519822137,1.2439857003595947
0.9913557532156225,0.12468238041801093,-0.04084293452473975,9.608429136042787,-0.12498880742998233,0.9921454428484595,-0.00502700794169545,1.6200555656056377,0.03989535755602898,0.0100884632351812,0.9991529372983862,1.2688318083262615
0.9910606865055748,0.12678040424002843,-0.04153922536208837,9.772339533153485,-0.1270972868059256,0.991877361292151,-0.005067960773961296,1.637031721305922,0.040559302578197814,0.010302180104135458,0.9991240367936656,1.2937907320310629
0.9907606475496242,0.1288778138169367,-0.04223558033962485,9.936265152976944,-0.1292053329449117,0.9916047102646592,-0.0051074399710580014,1.653657220664952,0.041222763643742,0.010517312930253021,0.9990946503673698,1.3188662593755751
0.9904557293382288,0.130974382070135,-0.04293199108400267,10.100206317882794,-0.131312709937361,0.9913276427656784,-0.005145429398181066,1.6699315916243727,0.04188575403866629,0.01073383701012167,0.9990647189610672,1.3440545887117779
0.9901459164981445,0.13307021568401092,-0.043628470907466715,10.264163094859128,-0.13341952611696622,0.991046143472779,-0.005181937122731541,1.6858553062424892,0.04254827218562125,0.010951764928319636,0.9990343610440078,1.3693557269129144
0.9898311521496826,0.13516528878733283,-0.04432501359546645,10.428135027560131,-0.1355257629243777,0.9907600956866149,-0.005216962222721351,1.701427892461048,0.04321030850369527,0.011171093562259825,0.9990035173362597,1.3947734618805328
0.9895114371555537,0.13725960969079615,-0.04502161531576182,10.592122438355432,-0.13763141160070114,0.99046961863835,-0.005250504071756408,1.7166488782216955,0.043871866826253464,0.011391823296542284,0.9989721882310247,1.420303991966641
0.9891868319525332,0.13935315972644924,-0.04571828327490651,10.7561250048754,-0.13973647099777406,0.9901746548003301,-0.005282560695663829,1.7315187355827852,0.044532949609481315,0.011613951981714908,0.9989403729888843,1.4459511188192309
0.9888572792398138,0.14144592968482023,-0.0464150126159483,10.920143049489667,-0.14184092284436828,0.9898752054795648,-0.005313134133713262,1.7460369924859638,0.045193550974106864,0.011837479609064276,0.9989081320257465,1.4717110407903107
0.9885228553507801,0.14353780103947658,-0.047111801032726996,11.084176182840508,-0.14394464861161274,0.9895713478910577,-0.00534221474022765,1.760203648931281,0.04585368249705998,0.012062393315186335,0.9988753457430972,1.4975875526546574
0.9881834991491398,0.14562887379161193,-0.04780853085460121,11.248224727297554,-0.14604774815810545,0.989263007483146,-0.005369827317250858,1.7740182328603815,0.04651321058070512,0.012288703594622065,0.9988420861319408,1.5235768527642861
0.9878391826731017,0.1477192552407578,-0.04850532016669748,11.412288293503082,-0.14815033010565903,0.9889501688758591,-0.005395959870280373,1.787480744273319,0.04717225593604453,0.01251642098858875,0.9988083410763126,1.5496827358939598
0.987489999109378,0.14980870157670303,-0.049202167202728186,11.576352243840489,-0.1502521571617105,0.9886328670214339,-0.00542059995246639,1.8005933380428853,0.04783083186921934,0.012745521183428504,0.99877411075744,1.5758998654465373
0.9871359336489345,0.15189732898840108,-0.049899082434701314,11.740431148938285,-0.15235333904293602,0.9883111454732064,-0.005443752108654919,1.813353387237985,0.04848892937107423,0.01297601563244491,0.9987394540184243,1.6022335711459519
0.9867768656345776,0.15398522852050595,-0.050595933642236135,11.904510371179867,-0.1544539649431135,0.9879848707626478,-0.005465440845297438,1.82576304673141,0.049146419971455885,0.013207913443100135,0.9987042645904242,1.6286785163950555
0.9864129937863652,0.15607217297559434,-0.05129284216484252,12.068604548181838,-0.1565538176315837,0.9876541958894522,-0.005485634229881231,1.8378201616503667,0.04980344015005034,0.01344119107005532,0.9986685899411304,1.6552400377909962
0.98604412644972,0.15815827055640147,-0.05198980886930976,12.232698975339503,-0.1586529788066398,0.9873191053339055,-0.005504338370582588,1.8495264148093469,0.05045997398724837,0.01367585984935872,0.9986324299816074,1.6819127918634038
0.9856704115073643,0.1602433779696943,-0.05268671571957487,12.396808357257555,-0.16075133622478513,0.986979499231606,-0.005521565607649852,1.8608801233938586,0.05111591682122031,0.01391190484455064,0.9985957968227857,1.7087021220826486
0.9852918044630719,0.1623277366938235,-0.053383683755482886,12.560917599973578,-0.16284912038323668,0.9866354633739943,-0.005537308275875819,1.8718829702184436,0.05177138017678082,0.014149350598135949,0.998558737963103,1.7356064797531445
0.9849082773638818,0.1644112099271913,-0.05408058658942752,12.725042052831526,-0.16494619194210383,0.9862869571670027,-0.005551579226655909,1.8825323283519033,0.0524262413507178,0.014388183307825583,0.9985211465352543,1.7626236050492636
0.9845198358360776,0.16649368321332364,-0.05477754637864439,12.889166299499351,-0.16704242551089815,0.985934057242001,-0.005564352289907869,1.8928303526671328,0.05308062075544133,0.014628390527808066,0.9984830699230286,1.7897557509234119
0.9841265230215558,0.16857524431547288,-0.05547456382637764,13.053290339977053,-0.16913793645780098,0.9855766305907915,-0.005575632421321896,1.9027770431641322,0.053734526562316726,0.01486998173102079,0.9984445080542707,1.8170029173756106
0.9837282944574521,0.17065590085645416,-0.0561715243092092,13.217414563622356,-0.1712327071454533,0.9852147965431799,-0.005585439517402704,1.9123723998428517,0.054387826884461365,0.015112957231484772,0.9984055326073286,1.8443613096310472
0.983325196961681,0.17273563712536594,-0.05686853253460267,13.381538581077535,-0.17332673861541442,0.9848484971440624,-0.00559375305525229,1.9216164227033428,0.0550406538503944,0.01535731541720503,0.9983660130037001,1.87183472246452
0.9829171863330504,0.17481445051339975,-0.05756548120017527,13.545662714712222,-0.1754200113863475,0.9844777929790028,-0.00560059176394275,1.9305086396872468,0.05569287560008168,0.01560305578645449,0.9983260201705683,1.899419354228037
0.982504280508385,0.17689220605330522,-0.058262365958519725,13.709786575168692,-0.17751239637981012,0.9841026431908875,-0.005605951386748804,1.939049050794619,0.05634449771875302,0.015850164725154825,0.9982855545539929,1.9271189996963685
0.9820864935720166,0.17896912763052947,-0.058959304911117096,13.873910095458854,-0.17960413066651354,0.983723015688104,-0.005609820044416544,1.9472371839671556,0.056995641486649956,0.016098664268557467,0.9982446040363314,1.9549336519962992
0.9816638135329915,0.1810449767086103,-0.05965617978885254,14.038033275582706,-0.1816949624239245,0.9833389446666327,-0.0056122084349016325,1.9550730392048532,0.05764618583831896,0.016348530644110404,0.9982031807524261,1.9828633111278364
0.9812362726495858,0.18311986076335077,-0.06035311406141152,14.202156571886064,-0.1837850033322674,0.9829504749292776,-0.005613099636822708,1.962557088565969,0.05829625017386486,0.016599774411116208,0.9981613319514044,2.010904189189411
0.9808039008829407,0.1851936540705313,-0.061049977958696836,14.36627946103502,-0.18587412800105702,0.9825575643036945,-0.005612509044517859,1.9696883879339424,0.058945717732273736,0.016852382201706234,0.998118951113017,2.0390600672093626
0.9803665480072293,0.1872665730593867,-0.06174677900770885,14.530386983043343,-0.18796254824858993,0.9821601817504553,-0.005610446828676054,1.9764695642399257,0.059594576844678934,0.017106376456362316,0.9980760973825334,2.0673294102385498
