1.0000000294105207,-4.855939822587713e-09,3.010761889798985e-09,0.0,-4.855939822587713e-09,1.0000000275380008,-7.377122436048266e-10,0.0,3.010761889798985e-09,-7.377122436048266e-10,1.000000015921967,0.0
0.9999977742150421,-0.0006814164591629045,-0.002009577863500117,0.14517957289149308,0.0006836561892412105,0.9999991609516982,0.0011124374693722457,-0.05100756505800419,0.0020088226892377437,-0.001113809170599167,0.9999973653547347,-0.0640073191264392
0.9999909918602701,-0.0013605407854812845,-0.004019899120268594,0.290536038620246,0.0013694781850012274,0.9999966122751203,0.002223492199005227,-0.10198496192045603,0.004016863296919013,-0.002228977731920101,0.9999894859105353,-0.1276667020827773
0.9999797419938072,-0.002037370052909885,-0.006030932870632583,0.43605391386572023,0.0020574843006294086,0.9999923225009789,0.0033331581796442727,-0.1529338734005954,0.006024100995090348,-0.0033454997974198264,0.9999762606157387,-0.19097590279163512
0.9999639993155052,-0.002712009651252484,-0.008042789153987318,0.5817331316398224,0.0027477777988780087,0.99998639701765,0.004441439250692681,-0.20385382744011693,0.008030638043608124,-0.004463380329162381,0.9999577980150262,-0.25393492812624174
0.9999437319473241,-0.003384340918033385,-0.010055339516604977,0.7275740143127223,0.0034402469995282858,0.9999787325411242,0.0055483172115076244,-0.2547443519806585,0.010036351336526222,-0.0055825991941304,0.9999340513706648,-0.31654757973458914
0.9999189769025412,-0.004054467052000629,-0.012068674689301992,0.8735760385501408,0.0041349888309774666,0.9999693143408348,0.006653798336660937,-0.30560450290566976,0.01204133454790085,-0.006703162299844245,0.9999050113733313,-0.3788100765883371
0.9998897051569584,-0.004722302409413105,-0.014082678712883684,1.0197241103896602,0.00483187686118494,0.9999582751619241,0.007757866730480092,-0.356435963028332,0.01404545737490448,-0.007825057582189432,0.9998707498384443,-0.4407239673848977
0.9998559552363939,-0.005387933964826008,-0.01609732471241837,1.1660328004594191,0.005531067025837409,0.9999454822592496,0.008860524266836436,-0.4072361054189191,0.01604871628073745,-0.00894828413485882,0.9998311496883354,-0.5022839223985045
0.999817675670343,-0.006051370614565489,-0.018112601763782404,1.3125024311295306,0.00623252140382465,0.999930994640099,0.009961766495869894,-0.458004458019067,0.018051076025547202,-0.010072837721481986,0.9997863318789982,-0.5634937432771778
0.9997748885458532,-0.006712369759000289,-0.020128612102346607,1.4591328684238931,0.006936003965993118,0.9999147869670513,0.011061565360854416,-0.5087400767121704,0.02005265122098568,-0.011198687833151477,0.9997362260031297,-0.6243534437673333
0.9997276160093784,-0.0073712780520330465,-0.022145224194793103,1.6059240453544703,0.007641877173539322,0.9998968698469605,0.012159943604294236,-0.5594424894399239,0.022053309324838455,-0.012325862548166922,0.9996808455565439,-0.684863030742207
0.9996758368629488,-0.008027758258907093,-0.024162532194972997,1.7528604786006667,0.008349793317089209,0.9998772916802602,0.013256868977834919,-0.6101133790155657,0.024053153017853865,-0.013454324456335487,0.9996201209611318,-0.7450202581244127
0.9996195354876659,-0.008682008023379581,-0.0261804228641679,1.8999570611607624,0.009059958922152707,0.999855963998529,0.01435235464339839,-0.6607496464510074,0.02605204588294764,-0.014584088219380287,0.9995541836707501,-0.8048235978362115
0.999558776683148,-0.009333948715918798,-0.02819898479330285,2.047214182392878,0.009772264391618997,0.9998329584352547,0.015446381909287661,-0.7113512917461886,0.028050099424548253,-0.015715135471282005,0.9994829646780672,-0.8642768446523803
0.9994934639597562,-0.00998354299369178,-0.030217963244973944,2.1946162919884387,0.010486722394202496,0.9998082201918826,0.016538949439684127,-0.7619195256560456,0.03004705658248452,-0.01684745863567816,0.9994064901201001,-0.9233777593687549
0.9994236829558194,-0.01063095501691437,-0.0322375973332442,2.3421783499337607,0.011203423523943282,0.9997818462393218,0.017630053990353733,-0.8124517212507918,0.03204313585506349,-0.017981068002539513,0.9993247354628453,-0.9821248070343671
0.99934945839904,-0.011275998907898863,-0.03425773592731027,2.4898852287723514,0.01192227926991132,0.9997536827037417,0.018719685718336012,-0.8629493253144513,0.0340382199443017,-0.019115937946633632,0.9992377162128923,-1.0405195397832472
0.999270667952352,-0.011918729707072376,-0.036278490069289515,2.6377518884905555,0.01264324329352778,0.9997239023982728,0.01980783575579741,-0.9134097109172448,0.036032386174307846,-0.020252068498040843,0.9991454209769014,-1.0985604226644199
0.9991873514744846,-0.012559211103058784,-0.03829984501898431,2.7857632016319656,0.013366456778657262,0.999692315674851,0.02089450574611017,-0.9638343248431926,0.03802563863473986,-0.021389458701760677,0.9990478512672727,-1.156249007811894
0.9990995988604074,-0.013197366063268684,-0.04032166511611307,2.933919101208488,0.014091810128192836,0.9996591142859068,0.02197967946280368,-1.014222695033995,0.040017844244932696,-0.022528095036684292,0.9989449610856926,-1.2135853020988918
0.999007325730621,-0.013833295619158914,-0.04234405712388423,3.08223454720644,0.014819398187419975,0.9996241633819309,0.02306336403733953,-1.064572194559867,0.04200910294782674,-0.023667984124173702,0.9988368593129918,-1.270567770574445
0.9989105657671693,-0.01446676696095367,-0.04436700395777743,3.2306940228112353,0.015548999679009237,0.9995875566922613,0.02414553470621353,-1.1148842702048913,0.04399939573023484,-0.024809092714947578,0.9987234877845372,-1.3271941705977923
0.9988093015440003,-0.015097999744579524,-0.04639036615269426,3.379297816898969,0.016280828504381426,0.9995492025919263,0.025226201188838,-1.1651582138815524,0.045988593479348194,-0.025951437729260562,0.9986048008924044,-1.383468307253537
0.9987035384951582,-0.015726885325538495,-0.04841426252990205,3.528045473123399,0.017014774024870057,0.9995091769231473,0.02630535007253038,-1.2153935535316105,0.04797679786361571,-0.02709500427492878,0.9984809062802212,-1.4393863926401238
0.9985932624412492,-0.016353534059375244,-0.05043866153179494,3.676951917976794,0.01775094687914026,0.9994674038437028,0.027382976611839905,-1.265587426196129,0.04996399244878773,-0.02823979056787973,0.9983516873507794,-1.4949468952431815
0.9984785080169962,-0.01697770389776118,-0.052463559604348065,3.8260024803489614,0.018489111038040434,0.9994239781351144,0.02845907553522038,-1.3157417507173736,0.051950169553969444,-0.029385781135161992,0.9982172643038726,-1.5501551550982953
0.9983593023286553,-0.01759963821983898,-0.05448893619604028,3.9751966369056504,0.019229510948189373,0.9993788050158602,0.029533640518946032,-1.365855582978801,0.05393531323612838,-0.03053297847930536,0.9980775194130267,-1.605007391177125
0.9982355462459328,-0.018219213135982154,-0.056514777477086164,4.124534320658796,0.019972011760077978,0.9993319624325283,0.03060666312960779,-1.4159284509221077,0.05591939834472881,-0.0316813717611904,0.9979325140147984,-1.6595036103528855
0.9981072975026843,-0.018836546614776503,-0.0585409492810926,4.274015464620362,0.020716725153928996,0.9992834335501852,0.03167814755468379,-1.4659598824889866,0.057902295988953814,-0.032830967467566474,0.9977822618751649,-1.7136438194987917
0.9979745785661902,-0.019451388443549628,-0.06056755302315653,4.423639968308237,0.021463415100588943,0.9992331340241216,0.03274806984371852,-1.5159491695919822,0.0598841170746206,-0.03398172681870426,0.9976267525885552,-1.7674280289246767
0.9978373735439121,-0.020063880570708542,-0.06259457848220945,4.573407764734412,0.02221220699054499,0.9991812240412682,0.03381643710692025,-1.5658958401727983,0.061864841246856636,-0.035133669996314454,0.9974659872036892,-1.8208562455037622
0.9976956682564564,-0.020674111444209747,-0.0646220086284231,4.723303726442452,0.022963211462462274,0.9991275708564817,0.03488323485285591,-1.61580134101545,0.06384445207141226,-0.036286781733980256,0.9972999674678913,-1.8739300213700574
0.9975494243660239,-0.021281963665816334,-0.06664982139493597,4.8733423905664495,0.023716287332476427,0.9990721913046957,0.035948455966004385,-1.6656628091610717,0.06582293063529054,-0.03744104998620018,0.9971286357277358,-1.9266440302344279
0.9973987586984057,-0.021887452566191845,-0.0686780089757062,5.023524112970534,0.02447146618734312,0.9990151433410148,0.03701210808266467,-1.7154800085804442,0.06780027394586585,-0.038596480070805184,0.9969520527017208,-1.9790020703082618
0.9972436151221016,-0.022490572709109452,-0.07070655859292252,5.1738483703204565,0.025228732233684874,0.9989564280176221,0.03807416380355852,-1.765251995157021,0.06977646126444254,-0.03975305270577767,0.9967702796184662,-2.0310003605632048
0.9970839253381691,-0.023091300010166682,-0.07273556368099199,5.324300491506023,0.02598806967812232,0.998895928372125,0.03913462868187629,-1.8149806877330743,0.07175159043903685,-0.040910765419969075,0.9965831870561126,-2.0826442410348562
0.9969197749482313,-0.023689659589882534,-0.07476477614228538,5.474895013661296,0.026749479562215198,0.9988338214263874,0.04019350530025114,-1.8646632233497282,0.07372541560303061,-0.04206962079083648,0.9963908603879797,-2.1339283854340607
0.9967511524492035,-0.024285635841942127,-0.07679430158129574,5.6256322256624,0.027512969261872876,0.9987699891658331,0.04125078604098146,-1.9142988939194634,0.07569803855948537,-0.04322960598257092,0.996193288778649,-2.1848565988454283
0.9965780478610289,-0.024879229526810653,-0.07882423794876214,5.776496644188796,0.028278531401182652,0.9987044315904622,0.0423064522225001,-1.9638893822555215,0.07766956688500296,-0.04439071358350288,0.9959904022604364,-2.235426635191587
0.9964004299574425,-0.02547042749063888,-0.08085434034974115,5.927503195732697,0.02904615018677091,0.998637150804641,0.04336049931457413,-2.0134318253989623,0.07963973710871153,-0.04555292726460569,0.9957823457956231,-2.285636962958179
0.996218376005364,-0.026059370075368404,-0.08288482799831187,6.078636786331742,0.029815960468143356,0.9985682469358288,0.04441293553007816,-2.062927906162967,0.08160878746664497,-0.04671627266003364,0.9955689770568815,-2.3354891308426033
0.9960318031451728,-0.026645792308012173,-0.08491567842158165,6.229912375972191,0.03058771675712609,0.9984975776842115,0.045463731097007645,-2.1123749976177475,0.08357668886042609,-0.04788070011347434,0.9953503582675833,-2.3849816038939053
0.9958407521735959,-0.02722994562747541,-0.0869467776830285,6.381314837197692,0.03136164874851771,0.9984252874539699,0.046512910752297756,-2.161774546547333,0.08554331253385063,-0.04904624665804824,0.9951265610356139,-2.434115934246087
0.9956452580105306,-0.02781158669270789,-0.08897808374759186,6.532859096500431,0.03213752041316666,0.9983512307887398,0.047560448674948096,-2.2111236899927835,0.08750864802664772,-0.050212868601809235,0.9948974698387909,-2.482890590384798
0.9954452346583914,-0.028390828777487553,-0.09100970536511555,6.684530059918075,0.03291544134818048,0.9982755120247135,0.04860633303320989,-2.2604241107672802,0.08947279043467622,-0.051380566332527744,0.9946630735189705,-2.531307121007437
0.9952407700022945,-0.028967686176361418,-0.09304140392607174,6.836327271104352,0.03369539784329694,0.9981981290575246,0.049650577210536,-2.30967533681258,0.09143549225318862,-0.052549345061726205,0.9944235163935268,-2.579361738212441
0.995031837993161,-0.029542130024584112,-0.09507339399177728,6.988251018935415,0.03447741202624547,0.9981190260364347,0.05069315332938267,-2.3588766600411635,0.09339697643654649,-0.05371918684838173,0.9941787165300913,-2.6270582470844346
0.9948183824994912,-0.03011417499693525,-0.09710565493324558,7.140300847065021,0.035261468103648594,0.9980382008570772,0.05173407100155143,-2.4080276083947876,0.09535722224605411,-0.054890093198182,0.9939286161277071,-2.6743928597218343
0.9946005367963301,-0.03068381479214155,-0.09913805762111677,7.292492071343588,0.036047568158619904,0.9979557146311068,0.05277332703860848,-2.457125318914459,0.09731610760549139,-0.056062063464591694,0.9936732883531015,-2.7213678393850813
0.9943781550927563,-0.03125116653278859,-0.10117071224575253,7.444809191703541,0.0368358207467112,0.9978714904641185,0.05381091316523763,-2.5061713563988395,0.09927372194380171,-0.05723510217513428,0.9934127219003285,-2.767980941715088
0.9941512734741783,-0.031815990642059644,-0.10320359005098093,7.597252530515021,0.03762598246285994,0.9977856231376337,0.05484681469006455,-2.555165248789562,0.10123005375003491,-0.058409169768932456,0.9931469197198791,-2.814235968359867
0.9939200194943252,-0.032378412720627886,-0.10523644406332647,7.749821614684777,0.03841818078066848,0.9976980347050641,0.05588102563610608,-2.604106406013811,0.10318486146201877,-0.05958426040884929,0.9928759071521622,-2.860129133136155
0.9936842530122979,-0.032938418369365036,-0.10726949738001208,7.902516343730753,0.039212398865199845,0.9976087873302476,0.05691354035219269,-2.652994119984127,0.10513835468949281,-0.060760380107175105,0.9925996613065622,-2.905660446353785
0.9934439887869226,-0.033496013889544374,-0.10930261445888408,8.055336650664884,0.040008629340545165,0.9975178199015297,0.05794436322308689,-2.701827918642211,0.10709039989818539,-0.06193752951044523,0.9923181960902148,-2.950829914885965
0.9931993336649819,-0.03405118612731667,-0.11133589957856432,8.208282451752098,0.040806889041636256,0.9974251345232769,0.05897348305821412,-2.750607211915179,0.10904111197051233,-0.06311569228963299,0.9920315008037403,-2.995637547324229
0.9929501839128477,-0.03460394307595566,-0.11336921139236049,8.361338636283023,0.04160716113354179,0.9973307902027769,0.060000900439299794,-2.7993335646016373,0.11099034568253578,-0.06429487300972547,0.9917395300322729,-3.0400848940842877
0.9926965300257536,-0.035154287397089506,-0.11540266487608392,8.51452014749691,0.04240943824034914,0.9972347869400296,0.06102658557158636,-2.848004231757221,0.11293820397856413,-0.06547504572987944,0.9914423918139986,-3.0841704219334787
0.9924384490182905,-0.03570208484088738,-0.1174362258299684,8.667826901658685,0.043213610764949374,0.997137083614864,0.06205056042953158,-2.8966186233090543,0.11488467931308448,-0.06665620791010146,0.991139969822805,-3.127894139463308
0.9921759256643757,-0.03624746128367379,-0.11946989767857091,8.821258823406822,0.04401979672191862,0.9970376623401629,0.06307281121485275,-2.9451762081915422,0.11682975514445312,-0.0678383612312326,0.9908323835424568,-3.1712560544061716
0.9919089758408177,-0.03679041814179784,-0.12150353337043929,8.974800404300225,0.04482798135943704,0.9969365831753978,0.06409332716592352,-2.9936784921960626,0.11877329735094844,-0.06902150209374663,0.9905195282258492,-3.2142539232621345
0.9916375168927959,-0.03733094122529379,-0.12353735982860525,9.12846698530987,0.045638163635945334,0.9968337881654638,0.0651120916663491,-3.0421227893854788,0.12071552307896935,-0.07020561406230835,0.9902014405073931,-3.2568900067141655
0.9913616215880345,-0.03786903662627239,-0.12557125236949124,9.28224345572633,0.046450351968912416,0.9967293363176489,0.06612914604620748,-3.090510664558396,0.12265630123538085,-0.07139072023107862,0.9898781930976625,-3.299165855177982
0.9910812644226337,-0.038404583135781545,-0.12760505065319783,9.436144369430679,0.047264397798564756,0.9966231854595984,0.06714442876739436,-3.1388393727705104,0.12459549813370277,-0.07257676322538659,0.9895496826129963,-3.3410761406461376
0.990796461774911,-0.038937698152058164,-0.12963899541983404,9.590170040419594,0.048080449684674474,0.9965153187563784,0.06815795133616827,-3.1871083829561737,0.12653333640044928,-0.07376375509073374,0.9892159442701217,-3.3826246656257695
0.9905071717741866,-0.039468382711218775,-0.13167295557617797,9.74430496025198,0.04889847708204398,0.9964057962674604,0.06916970331970734,-3.2353192009067566,0.12846967692500078,-0.0749516959334286,0.9888770514372657,-3.423809186616978
0.9902135122929392,-0.03999663023633876,-0.13370690244565953,9.898549053566256,0.04971850420151795,0.9962946190450277,0.07017968708542599,-3.283471295556671,0.13040451682212564,-0.07614057758895781,0.9885328872216148,-3.4646297113521314
0.989915356523224,-0.040522437894719876,-0.13574095380021478,10.0529172636017,0.05054050683225033,0.9961816669701377,0.0711878950156207,-3.3315619219615566,0.13233794606417215,-0.07733040725637386,0.9881835593744621,-3.505084706598552
0.9896127479244421,-0.041045692917405174,-0.13777483385499767,10.20739486900709,0.05136435958375821,0.9960671370561375,0.07219434233506897,-3.3795926449199474,0.13426971633299334,-0.07852115838576179,0.9878289763572344,-3.5451795175467424
0.9893057058248598,-0.041566497200897945,-0.13980878669288932,10.361981400875976,0.05219018888808069,0.9959508343940461,0.07319898826103687,-3.4275629038626807,0.13620005243020294,-0.07971281896300136,0.9874692329612456,-3.5849103575838797
0.9889941860703041,-0.042084874344786805,-0.14184266231135867,10.516676773379857,0.05301797895184216,0.9958329360057276,0.0742018375070961,-3.4754720939650436,0.1381288168833106,-0.08090540638888866,0.9871042247421827,-3.62427723551626
0.9886783250874202,-0.04260066867646661,-0.14387644929036103,10.671495936038184,0.05384762859540052,0.9957132838086181,0.07520290850770843,-3.523317514538144,0.14005600122111403,-0.08209888971143842,0.9867340727069234,-3.663278617466858
0.9883579175781738,-0.04311402825550137,-0.14591025711006433,10.826423779188218,0.05467923795684072,0.9955919768779935,0.0762021846909872,-3.5711007377565007,0.1419816967247047,-0.08329329161181404,0.986358705704821,-3.701916053743986
0.9880331700627227,-0.04362494878636203,-0.14794382792570882,10.981460219094942,0.05551280278492303,0.9954690162660366,0.07719964282387806,-3.618821173547227,0.14390566618931333,-0.08448858169049367,0.9859781501917185,-3.740189552939178
0.9877039705768742,-0.04413328830159535,-0.1499772550194136,11.136604786851791,0.056348195606047494,0.9953443619047597,0.07819530715973588,-3.666478261341153,0.14582799923788728,-0.08568476036047479,0.9855923965965196,-3.7780953284395977
0.987370290300182,-0.04463919028958496,-0.15201065160266247,11.291857790175328,0.057185541810699306,0.9952180538621505,0.07918913135998323,-3.7140714258171545,0.1477488015139356,-0.08688181238542092,0.9852014333032991,-3.8156371833967526
0.9870322638395539,-0.04514263170204491,-0.15404388560243887,11.447219142190391,0.058024836106081105,0.9950900352352873,0.08018113436392024,-3.761600054774627,0.14966794826925614,-0.08807973540049202,0.9848052738632459,-3.8528151267243658
0.9866897176778372,-0.04564349590120348,-0.15607705010445372,11.602688767535426,0.0588659573529481,0.9949603228591037,0.08117129616943491,-3.809063617147972,0.15158553030092703,-0.0892785099485171,0.9844039686429842,-3.8896291661547906
0.9863428155401467,-0.04614191017973429,-0.1581101369316089,11.758266193117208,0.059709034066454725,0.9948289589059539,0.08215960202470617,-3.8564615228643806,0.15350154193867532,-0.09047813411081101,0.9839974585639459,-3.9260755155047775
0.985991441835399,-0.046637872256241775,-0.16014312983380652,11.913936697584518,0.06055404203575666,0.9946959433758383,0.08314606931201438,-3.9037953367223803,0.1554159638327241,-0.09167863012238225,0.9835857452934528,-3.962159519964821
0.9856356149255465,-0.04713125026687193,-0.16217600208349392,12.069714843191917,0.0614008706221894,0.994561175089114,0.0841306943380902,-3.951062372784966,0.15732877165314077,-0.09287996198441612,0.9831688315738519,-3.997875850668322
0.9852754511495542,-0.04762217129513585,-0.16420863660408425,12.225600931375794,0.06224963254753127,0.9944248163370784,0.08511347971213587,-3.9982620114755587,0.15923985375675753,-0.09408215022585298,0.9827467893352112,-4.033228311411158
0.9849108211297608,-0.04811063555019607,-0.16624112898862498,12.381594489042925,0.06310032572866928,0.9942867470007882,0.08609440332767454,-4.045393662721329,0.16114929423498825,-0.09528517239906731,0.9823195488517547,-4.068213116010071
0.9845417588218502,-0.04859650514257663,-0.16827333092457342,12.537680413857402,0.06395281002329671,0.994146987071727,0.08707344882272638,-4.092458950328174,0.16305695801243406,-0.09648899937668709,0.9818871253409076,-4.102831814021627
0.9841682943907176,-0.04907991823740482,-0.17030535770621813,12.69387403841668,0.06480721186345437,0.9940055766178828,0.08805063729409628,-4.139455129351672,0.1649629642744182,-0.09769366780406236,0.981449506973042,-4.1370866669879405
0.9837904430456668,-0.04956087206008197,-0.17233708440152418,12.850159862653157,0.06566353124914462,0.9938625166914383,0.08902594237343409,-4.186383764590483,0.16686716478755073,-0.09889913245833226,0.9810067664842235,-4.17097543054993
0.9834081969126013,-0.05003923122007947,-0.17436871592877612,13.00655282980614,0.0665216575416989,0.9937177661722226,0.08999935725343094,-4.233242111100244,0.1687697909244968,-0.10010540191700762,0.9805588828490643,-4.204496571474948
0.9830215252415957,-0.05051501370968903,-0.1763999885559009,13.163037837539719,0.06738156757183252,0.9935713830153401,0.09097090295650033,-4.2800317926868505,0.17067058488053072,-0.10131245555707613,0.9801057632923313,-4.2376516393195445
0.9826304611453964,-0.05098831463932679,-0.1784310290301636,13.319629820719683,0.06824338039567554,0.9934232934829358,0.09194052629424265,-4.326750005398653,0.1725696474191961,-0.10252029564752974,0.9796475745619829,-4.27043910171021
0.9822349634323633,-0.05145902976460509,-0.18046180336836004,13.476313685383616,0.06910696958118549,0.9932735123055768,0.09290827467867674,-4.373398432048825,0.1744669668243774,-0.10372892647189363,0.9791841403921185,-4.302860507344349
