-0.05440758541226387,-0.16490474343299866,-0.9848077297210693,-142.74038696289062,-0.9985188245773315,0.008985418826341629,0.05366048216819763,4.683014392852783,4.129375597017315e-08,0.9862685799598694,-0.16514936089515686,41.74253463745117
-0.057203080505132675,-0.16241522133350372,-0.9850630164146423,-142.57521057128906,-0.9983624219894409,0.008808117359876633,0.056523121893405914,4.698568820953369,-0.0005036647780798376,0.986683189868927,-0.1626531034708023,41.75844192504883
-0.05999942496418953,-0.15992526710033417,-0.9853039979934692,-142.4099578857422,-0.9981979131698608,0.008623594418168068,0.05938488990068436,4.713650703430176,-0.001000282121822238,0.9870914816856384,-0.16015447676181793,41.773948669433594
-0.0627964660525322,-0.15743477642536163,-0.9855307936668396,-142.24461364746094,-0.9980252385139465,0.008431827649474144,0.06224564462900162,4.728259563446045,-0.0014898038934916258,0.9874933958053589,-0.15765337646007538,41.7890510559082
-0.06559430807828903,-0.1549437791109085,-0.9857432842254639,-142.07919311523438,-0.997844398021698,0.008232839405536652,0.06510547548532486,4.742396354675293,-0.0019722224678844213,0.9878889918327332,-0.15514981746673584,41.803749084472656
-0.0683928057551384,-0.15245239436626434,-0.9859415292739868,-141.9136962890625,-0.99765545129776,0.008026624098420143,0.06796424835920334,4.756060600280762,-0.002447530860081315,0.9882782101631165,-0.15264393389225006,41.81804275512695
-0.07119181007146835,-0.14996065199375153,-0.9861255288124084,-141.74813842773438,-0.9974583983421326,0.007813166826963425,0.07082182168960571,4.769252300262451,-0.0029157225508242846,0.9886611104011536,-0.15013574063777924,41.831932067871094
-0.07399142533540726,-0.14746856689453125,-0.986295223236084,-141.58250427246094,-0.9972531795501709,0.007592492271214724,0.07367826998233795,4.781971454620361,-0.003376790089532733,0.9890375733375549,-0.14762526750564575,41.84541702270508
-0.07679162174463272,-0.1449761539697647,-0.9864506721496582,-141.41680908203125,-0.997039794921875,0.007364603225141764,0.07653359323740005,4.79421854019165,-0.0038307271897792816,0.9894077181816101,-0.1451125293970108,41.85849380493164
-0.07959237694740295,-0.14248353242874146,-0.9865918755531311,-141.25103759765625,-0.9968183040618896,0.007129512261599302,0.07938774675130844,4.805993556976318,-0.004277528263628483,0.9897714853286743,-0.14259766042232513,41.87116622924805
-0.08239367604255676,-0.1399906426668167,-0.9867187738418579,-141.085205078125,-0.9965887069702148,0.006887216120958328,0.08224071562290192,4.817296028137207,-0.004717184696346521,0.9901288747787476,-0.1400805413722992,41.88343048095703
-0.08519536256790161,-0.13749757409095764,-0.9868313670158386,-140.9193115234375,-0.9963509440422058,0.006637711077928543,0.08509235829114914,4.828126430511475,-0.005149691365659237,0.9904798865318298,-0.1375613510608673,41.895286560058594
-0.08799741417169571,-0.13500425219535828,-0.986929714679718,-140.75335693359375,-0.9961050748825073,0.006380991078913212,0.08794264495372772,4.838485240936279,-0.005575042217969894,0.9908244609832764,-0.13503994047641754,41.906734466552734
-0.09079982340335846,-0.13251081109046936,-0.9870138168334961,-140.5873565673828,-0.9958511590957642,0.006117070093750954,0.09079156070947647,4.848371982574463,-0.005993231199681759,0.9911626577377319,-0.13251647353172302,41.91777420043945
-0.09360254555940628,-0.1300172656774521,-0.9870836138725281,-140.42129516601562,-0.995589017868042,0.005845954176038504,0.093639075756073,4.857787132263184,-0.006404250860214233,0.9914944767951965,-0.12999096512794495,41.92840576171875
-0.09640557318925858,-0.1275237500667572,-0.987139105796814,-140.25518798828125,-0.9953188300132751,0.005567656829953194,0.09648516029119492,4.866730690002441,-0.006808097008615732,0.9918199181556702,-0.12746353447437286,41.938629150390625
-0.0992087572813034,-0.12503015995025635,-0.9871803522109985,-140.08901977539062,-0.9950405359268188,0.005282157566398382,0.09932968020439148,4.875202655792236,-0.007204762659966946,0.9921388626098633,-0.1249341070652008,41.94844436645508
-0.10201220214366913,-0.12253662198781967,-0.987207293510437,-139.9228057861328,-0.9947541356086731,0.004989487584680319,0.10217273235321045,4.883203029632568,-0.007594242226332426,0.9924514293670654,-0.12240280210971832,41.957847595214844
-0.10481587052345276,-0.12004316598176956,-0.9872199892997742,-139.7565460205078,-0.9944596290588379,0.00468964921310544,0.10501427948474884,4.890732288360596,-0.0079765310510993,0.9927576184272766,-0.11986963450908661,41.96684265136719
-0.10761962831020355,-0.11754980683326721,-0.9872183203697205,-139.5902557373047,-0.994157075881958,0.004382635001093149,0.1078541949391365,4.897790431976318,-0.008351622149348259,0.9930573105812073,-0.11733462661504745,41.975425720214844
-0.11042345315217972,-0.11505655944347382,-0.9872024059295654,-139.42391967773438,-0.9938463568687439,0.004068449139595032,0.11069244146347046,4.904377460479736,-0.008719508536159992,0.993350625038147,-0.11479780077934265,41.98359680175781
-0.11322732269763947,-0.11256343871355057,-0.9871722459793091,-139.25755310058594,-0.9935275912284851,0.003747093491256237,0.1135290116071701,4.910493850708008,-0.009080189280211926,0.9936375021934509,-0.1122591644525528,41.991355895996094
-0.11603109538555145,-0.11007058620452881,-0.9871277809143066,-139.0911407470703,-0.9932007789611816,0.0034185741096735,0.11636374890804291,4.916139602661133,-0.009433656930923462,0.9939178824424744,-0.10971885174512863,41.99870300292969
-0.11883474141359329,-0.10757789015769958,-0.9870690703392029,-138.92469787597656,-0.9928658604621887,0.003082881448790431,0.11919663846492767,4.921314716339111,-0.009779906831681728,0.9941918849945068,-0.107176773250103,42.005638122558594
-0.12163837254047394,-0.10508549213409424,-0.9869959950447083,-138.7582244873047,-0.9925228953361511,0.002740046475082636,0.12202777713537216,4.926019668579102,-0.010118934325873852,0.9944593906402588,-0.10463305562734604,42.01216125488281
-0.12444182485342026,-0.10259340703487396,-0.9869087338447571,-138.5917205810547,-0.9921718835830688,0.002390063600614667,0.12485701590776443,4.9302544593811035,-0.010450731962919235,0.9947205185890198,-0.10208771377801895,42.018272399902344
-0.12724509835243225,-0.10010164976119995,-0.9868071675300598,-138.42520141601562,-0.9918127655982971,0.00203293701633811,0.1276843398809433,4.934019565582275,-0.010775295086205006,0.9949751496315002,-0.09954077750444412,42.02396774291992
-0.13004827499389648,-0.09761035442352295,-0.9866912961006165,-138.25865173339844,-0.9914456009864807,0.0016686965245753527,0.13050982356071472,4.937314987182617,-0.011092621833086014,0.9952232837677002,-0.0969923660159111,42.02925109863281
-0.13285121321678162,-0.0951194167137146,-0.986561119556427,-138.0920867919922,-0.9910703897476196,0.0012973189586773515,0.13333335518836975,4.940140724182129,-0.011402706615626812,0.9954650402069092,-0.09444238990545273,42.03411865234375
-0.1356537789106369,-0.09262897074222565,-0.9864166975021362,-137.9254913330078,-0.9906871318817139,0.000918813981115818,0.13615477085113525,4.942497253417969,-0.011705543845891953,0.9957002997398376,-0.09189097583293915,42.03857421875
-0.13845594227313995,-0.09013892710208893,-0.9862580299377441,-137.75888061523438,-0.9902958869934082,0.0005331698339432478,0.13897407054901123,4.944384574890137,-0.012001130729913712,0.9959290623664856,-0.0893380269408226,42.0426139831543
-0.14125770330429077,-0.087649405002594,-0.9860851168632507,-137.59225463867188,-0.9898965954780579,0.0001404084759997204,0.1417912095785141,4.945803165435791,-0.012289460748434067,0.9961513876914978,-0.08678367733955383,42.04623794555664
-0.14405912160873413,-0.08516054600477219,-0.9858978986740112,-137.42562866210938,-0.9894892573356628,-0.00025944216758944094,0.14460629224777222,4.946753025054932,-0.012570533901453018,0.9963672161102295,-0.08422806859016418,42.04944610595703
-0.14686007797718048,-0.08267223834991455,-0.9856964349746704,-137.2589874267578,-0.9890738725662231,-0.0006663990207016468,0.14741918444633484,4.947234630584717,-0.012844341807067394,0.9965765476226807,-0.0816710889339447,42.05223846435547
-0.14966055750846863,-0.08018463104963303,-0.9854806661605835,-137.0923309326172,-0.9886505007743835,-0.001080443267710507,0.15022985637187958,4.9472479820251465,-0.013110881671309471,0.9967794418334961,-0.07911287993192673,42.05461502075195
-0.152460515499115,-0.07769761234521866,-0.9852506518363953,-136.92567443847656,-0.988219141960144,-0.0015015886165201664,0.15303827822208405,4.946793556213379,-0.01337014976888895,0.996975839138031,-0.0765533298254013,42.056575775146484
-0.15525983273983002,-0.07521131634712219,-0.9850063920021057,-136.75901794433594,-0.9877797365188599,-0.001929821097292006,0.1558443307876587,4.945871353149414,-0.013622143305838108,0.9971657395362854,-0.07399258762598038,42.05812072753906
-0.15805858373641968,-0.07272575795650482,-0.9847478866577148,-136.5923614501953,-0.9873323440551758,-0.002365129068493843,0.15864808857440948,4.94448184967041,-0.013866858556866646,0.9973491430282593,-0.07143066823482513,42.05924606323242
-0.16085666418075562,-0.07024095952510834,-0.9844751358032227,-136.4257049560547,-0.9868770241737366,-0.0028075152076780796,0.16144941747188568,4.942625045776367,-0.01410429086536169,0.9975261092185974,-0.06886757910251617,42.05995559692383
-0.16365401446819305,-0.06775704771280289,-0.9841881394386292,-136.25904846191406,-0.9864136576652527,-0.0032569551840424538,0.1642483025789261,4.940301418304443,-0.014334436506032944,0.9976965188980103,-0.06630346179008484,42.060245513916016
-0.1664506196975708,-0.06527392566204071,-0.9838869571685791,-136.0924072265625,-0.9859423041343689,-0.003713468089699745,0.1670447140932083,4.937511444091797,-0.01455729641020298,0.9978604912757874,-0.06373821198940277,42.06011962890625
-0.16924647986888885,-0.06279172003269196,-0.983571469783783,-135.92576599121094,-0.98546302318573,-0.004177027381956577,0.16983862221240997,4.934255123138428,-0.014772864058613777,0.9980179071426392,-0.06117197126150131,42.059574127197266
-0.17204155027866364,-0.060310449451208115,-0.9832417368888855,-135.75914001464844,-0.9849757552146912,-0.004647624213248491,0.17263002693653107,4.930532932281494,-0.014981132932007313,0.9981688261032104,-0.05860474705696106,42.05860900878906
-0.1748356968164444,-0.05783013254404068,-0.9828978180885315,-135.592529296875,-0.9844805598258972,-0.005125266965478659,0.17541877925395966,4.926345348358154,-0.015182104893028736,0.998313307762146,-0.056036561727523804,42.057228088378906
-0.17762890458106995,-0.05535078048706055,-0.982539713382721,-135.42593383789062,-0.9839774370193481,-0.005609950516372919,0.17820484936237335,4.921692371368408,-0.015375776216387749,0.9984512329101562,-0.05346742644906044,42.05542755126953
-0.18042126297950745,-0.05287252739071846,-0.9821673035621643,-135.2593536376953,-0.9834663271903992,-0.006101639941334724,0.1809883415699005,4.916574478149414,-0.015562142245471478,0.9985826015472412,-0.05089748278260231,42.05320739746094
-0.18321263790130615,-0.05039526894688606,-0.9817807674407959,-135.09280395507812,-0.9829472899436951,-0.006600358057767153,0.1837691217660904,4.910991668701172,-0.015741199254989624,0.9987075328826904,-0.04832662642002106,42.050567626953125
-0.18600299954414368,-0.0479191429913044,-0.9813799858093262,-134.92626953125,-0.9824203252792358,-0.007106080651283264,0.1865471601486206,4.90494441986084,-0.015912944450974464,0.9988259673118591,-0.04575498774647713,42.047508239746094
-0.18879233300685883,-0.04544416442513466,-0.9809649586677551,-134.759765625,-0.9818854331970215,-0.007618805859237909,0.18932242691516876,4.898433208465576,-0.016077380627393723,0.9989378452301025,-0.04318258911371231,42.044029235839844
-0.19158048927783966,-0.04297034442424774,-0.9805358052253723,-134.59329223632812,-0.981342613697052,-0.008138532750308514,0.19209478795528412,4.891458511352539,-0.01623450219631195,0.9990432262420654,-0.0406094454228878,42.040130615234375
-0.19436746835708618,-0.04049770161509514,-0.980092465877533,-134.42684936523438,-0.9807919263839722,-0.008665257133543491,0.19486422836780548,4.8840203285217285,-0.01638430543243885,0.999142050743103,-0.03803557530045509,42.03580856323242
-0.1971532255411148,-0.038026362657547,-0.9796349406242371,-134.26043701171875,-0.980233371257782,-0.009198951534926891,0.19763073325157166,4.876119136810303,-0.01652679219841957,0.9992343783378601,-0.03546110913157463,42.03106689453125
-0.19993774592876434,-0.03555623069405556,-0.9791632294654846,-134.09405517578125,-0.9796669483184814,-0.009739632718265057,0.20039427280426025,4.86775541305542,-0.016661955043673515,0.9993202090263367,-0.03288594260811806,42.02590560913086
-0.20272089540958405,-0.033087439835071564,-0.9786773920059204,-133.92771911621094,-0.9790925979614258,-0.010287279263138771,0.20315469801425934,4.858929634094238,-0.016789795830845833,0.9993995428085327,-0.030310221016407013,42.020320892333984
-0.20550289750099182,-0.030619999393820763,-0.9781773686408997,-133.76141357421875,-0.9785103797912598,-0.01084187626838684,0.205912247300148,4.849641799926758,-0.016910310834646225,0.9994723200798035,-0.027733951807022095,42.01431655883789
-0.208283469080925,-0.028153927996754646,-0.9776632189750671,-133.59515380859375,-0.9779203534126282,-0.011403427459299564,0.2086666375398636,4.839892864227295,-0.017023498192429543,0.9995385408401489,-0.025157153606414795,42.00788879394531
-0.2110627293586731,-0.02568935975432396,-0.9771348834037781,-133.42893981933594,-0.9773223996162415,-0.011971906758844852,0.21141797304153442,4.82968282699585,-0.017129359766840935,0.9995982646942139,-0.022579964250326157,42.001041412353516
-0.213840514421463,-0.023226188495755196,-0.9765924215316772,-133.2627716064453,-0.9767166376113892,-0.012547329999506474,0.21416613459587097,4.81901216506958,-0.017227889969944954,0.9996514916419983,-0.020002277567982674,41.993770599365234
-0.21661683917045593,-0.02076454646885395,-0.9760358333587646,-133.09664916992188,-0.9761030673980713,-0.013129670172929764,0.21691107749938965,4.807880878448486,-0.0173190888017416,0.9996981620788574,-0.01742423139512539,41.98607635498047
-0.21939176321029663,-0.018304454162716866,-0.9754651188850403,-132.9305877685547,-0.9754816293716431,-0.013718926347792149,0.2196529060602188,4.796289920806885,-0.01740295998752117,0.999738335609436,-0.014845839701592922,41.977962493896484
-0.22216494381427765,-0.015845919027924538,-0.9748803377151489,-132.7645721435547,-0.9748523831367493,-0.01431509293615818,0.2223912626504898,4.784239768981934,-0.01747949607670307,0.9997719526290894,-0.01226712018251419,41.969425201416016
-0.2249365746974945,-0.013388958759605885,-0.9742814302444458,-132.59861755371094,-0.9742153882980347,-0.014918162487447262,0.22512634098529816,4.771730422973633,-0.01754869520664215,0.9997990727424622,-0.009688088670372963,41.96046447753906
-0.227706640958786,-0.010933705605566502,-0.9736683964729309,-132.43272399902344,-0.9735705256462097,-0.01552810613065958,0.22785812616348267,4.758762359619141,-0.01761055923998356,0.9998196363449097,-0.007108880672603846,41.951080322265625
-0.23047499358654022,-0.008480057120323181,-0.973041296005249,-132.2668914794922,-0.972917914390564,-0.016144944354891777,0.2305864691734314,4.745336532592773,-0.017665084451436996,0.9998337030410767,-0.004529393743723631,41.94127655029297
-0.2332415133714676,-0.006028143223375082,-0.9724001288414001,-132.1011199951172,-0.9722574949264526,-0.016768651083111763,0.2333112508058548,4.731452941894531,-0.017712272703647614,0.9998412132263184,-0.0019497621105983853,41.93104934692383
-0.23600652813911438,-0.0035781015176326036,-0.9717448949813843,-131.93540954589844,-0.9715893268585205,-0.017399193719029427,0.23603279888629913,4.717112064361572,-0.01775212585926056,0.9998422265052795,0.0006298780790530145,41.9203987121582
-0.23876965045928955,-0.001129823736846447,-0.9710755944252014,-131.769775390625,-0.9709133505821228,-0.01803659275174141,0.23875074088573456,4.702314376831055,-0.017784642055630684,0.9998366832733154,0.0032096300274133682,41.909324645996094
-0.24153098464012146,0.0013165558921173215,-0.9703922271728516,-131.6042022705078,-0.9702296853065491,-0.018680820241570473,0.24146518111228943,4.687060356140137,-0.01780981943011284,0.9998246431350708,0.005789358168840408,41.8978271484375
-0.24429050087928772,0.0037611396983265877,-0.9696947932243347,-131.43870544433594,-0.9695382118225098,-0.01933189108967781,0.24417607486248016,4.671350479125977,-0.017827654257416725,0.9998060464859009,0.008369166404008865,41.88590621948242
-0.24704796075820923,0.00620379950851202,-0.9689834117889404,-131.27328491210938,-0.9688390493392944,-0.019989781081676483,0.24688318371772766,4.655185222625732,-0.01783815212547779,0.9997809529304504,0.01094891782850027,41.87356185913086
-0.2498035728931427,0.00864451751112938,-0.9682579636573792,-131.10794067382812,-0.9681321382522583,-0.020654479041695595,0.24958671629428864,4.6385650634765625,-0.017841307446360588,0.9997493028640747,0.013528597541153431,41.86079406738281
-0.2525571882724762,0.011083277873694897,-0.9675185084342957,-130.9426727294922,-0.9674175381660461,-0.021325988695025444,0.25228655338287354,4.621490955352783,-0.017837125808000565,0.9997111558914185,0.016108188778162003,41.84760284423828
-0.25530868768692017,0.013520071282982826,-0.9667650461196899,-130.77749633789062,-0.966695249080658,-0.022004295140504837,0.25498253107070923,4.6039628982543945,-0.017825601622462273,0.9996664524078369,0.018687676638364792,41.833984375
-0.2580581307411194,0.0159548781812191,-0.9659976363182068,-130.61239624023438,-0.9659652709960938,-0.022689400240778923,0.2576747536659241,4.585981369018555,-0.01780673861503601,0.9996152520179749,0.02126704342663288,41.819942474365234
-0.26080554723739624,0.0183875672519207,-0.9652162194252014,-130.4473876953125,-0.9652276039123535,-0.023381274193525314,0.2603631913661957,4.567546844482422,-0.017780538648366928,0.9995574951171875,0.023846153169870377,41.805477142333984
-0.2635507583618164,0.020818127319216728,-0.9644208550453186,-130.282470703125,-0.9644822478294373,-0.024079903960227966,0.2630477547645569,4.5486602783203125,-0.017746999859809875,0.9994932413101196,0.026424992829561234,41.79058837890625
-0.2662937641143799,0.02324654348194599,-0.9636115431785583,-130.11764526367188,-0.9637292623519897,-0.02478528767824173,0.2657283842563629,4.529321670532227,-0.017706122249364853,0.9994224905967712,0.02900354191660881,41.77527618408203
-0.26903465390205383,0.025672797113656998,-0.9627882838249207,-129.95291137695312,-0.9629685878753662,-0.025497421622276306,0.26840516924858093,4.5095319747924805,-0.01765790581703186,0.9993451833724976,0.03158178925514221,41.75954055786133
-0.27177318930625916,0.028096878901124,-0.9619510769844055,-129.78826904296875,-0.9622003436088562,-0.0262162983417511,0.27107787132263184,4.489291667938232,-0.017602354288101196,0.9992613792419434,0.03415971249341965,41.743377685546875
-0.2745094299316406,0.030518770217895508,-0.9610999822616577,-129.62371826171875,-0.9614244103431702,-0.026941917836666107,0.2737465798854828,4.468601226806641,-0.01753946766257286,0.9991710186004639,0.03673730045557022,41.72679138183594
-0.2772432863712311,0.03293834626674652,-0.9602349996566772,-129.4592742919922,-0.9606409072875977,-0.02767423912882805,0.27641117572784424,4.447461128234863,-0.017469245940446854,0.9990741610527039,0.03931441903114319,41.709781646728516
-0.27997466921806335,0.0353555865585804,-0.9593561291694641,-129.29493713378906,-0.9598498344421387,-0.028413262218236923,0.2790716290473938,4.425871849060059,-0.017391694709658623,0.9989708065986633,0.04189104586839676,41.69234848022461
-0.2827037572860718,0.03777047619223595,-0.9584633708000183,-129.13070678710938,-0.9590511322021484,-0.029158975929021835,0.28172802925109863,4.403833866119385,-0.01730680651962757,0.9988608956336975,0.04446716979146004,41.67448806762695
-0.28543034195899963,0.04018300771713257,-0.9575567245483398,-128.96658325195312,-0.9582448601722717,-0.029911378398537636,0.2843802571296692,4.381348133087158,-0.017214586958289146,0.998744547367096,0.04704277217388153,41.65620422363281
-0.2881544530391693,0.04259315878152847,-0.9566361904144287,-128.8025665283203,-0.9574309587478638,-0.030670465901494026,0.2870282828807831,4.358415126800537,-0.01711503602564335,0.9986216425895691,0.049617838114500046,41.63749694824219
-0.29087603092193604,0.04500080272555351,-0.9557018876075745,-128.63865661621094,-0.9566095471382141,-0.03143619745969772,0.2896720767021179,4.33503532409668,-0.017008155584335327,0.9984921813011169,0.05219223350286484,41.61836242675781
-0.29359498620033264,0.04740592837333679,-0.9547536969184875,-128.47486877441406,-0.9557806253433228,-0.03220856934785843,0.29231151938438416,4.311209201812744,-0.01689395308494568,0.998356282711029,0.054765939712524414,41.59880447387695
-0.2963113486766815,0.04980862885713577,-0.9537917375564575,-128.31118774414062,-0.9549441337585449,-0.03298761323094368,0.29494670033454895,4.286937236785889,-0.016772422939538956,0.9982138872146606,0.05733906105160713,41.57882308959961
-0.2990250587463379,0.052208781242370605,-0.9528159499168396,-128.1476287841797,-0.9541001319885254,-0.033773280680179596,0.29757747054100037,4.26222038269043,-0.01664356328547001,0.9980649352073669,0.05991145968437195,41.55841827392578
-0.30173614621162415,0.05460624769330025,-0.9518263936042786,-127.98419189453125,-0.9532485604286194,-0.03456554189324379,0.30020394921302795,4.237059116363525,-0.016507383435964584,0.9979094862937927,0.06248300150036812,41.5375862121582
