1.000000023268969,-2.268977786340576e-09,2.255845177323579e-09,0.0,-2.268977786340576e-09,1.0000000283856905,2.0486127344634227e-10,0.0,2.255845177323579e-09,2.0486127344634227e-10,1.0000000239742453,0.0
0.9999927868877612,-0.0028446068189535625,-0.0025296849947301636,0.16445940748525345,0.002844507748960531,0.9999959535747037,-4.1589777886003175e-05,-0.024518237241249352,0.0025298025245630573,3.4393933232481494e-05,0.999996813569466,0.011409749477195419
0.99997102465633,-0.005689312116703531,-0.00505914189281903,0.32895315740799447,0.005688925646790725,0.9999838307510351,-9.036702799449278e-05,-0.04856877976756957,0.00505957273024063,6.158336941312903e-05,0.9999872356798482,0.02323136939401138
0.9999348291502514,-0.008533969813880875,-0.007588462517608752,0.4934956723341202,0.008533103587264265,0.9999635920882788,-0.00014634818894327146,-0.07215198164210879,0.007589434134899681,8.158641486814833e-05,0.9999712141174584,0.03547114259777118
0.9998840902298338,-0.011378681374639175,-0.010117626163805626,0.6580718741155636,0.011377137330811127,0.9999352432615882,-0.00020951256357226117,-0.0952679649327548,0.010119353187174857,9.437834819368829e-05,0.999948812783869,0.04812654427260554
0.9998188815460158,-0.014223299367916921,-0.01264650588936217,0.8226817883396791,0.014220889722682411,0.9998988358826459,-0.0002798722174273388,-0.11791625350862889,0.012649206242192429,9.997677435959196e-05,0.9999199925008593,0.061197578703115596
0.9997391979634815,-0.01706767596927556,-0.015175082987993416,0.9873103880330518,0.01706421941152411,0.9998543618440899,-0.00035744365107332653,-0.14009601717586184,0.015178977331420151,9.839983634814253e-05,0.9998848168352685,0.07468172964260589
0.999644989702968,-0.019911915870121526,-0.017703321773239356,1.1519727001690399,0.019907204035732054,0.9998017673047142,-0.00044220303174875576,-0.16180808612832331,0.01770862790214106,8.962244940795283e-05,0.9998431708937527,0.08858151333774344
0.9995363179245074,-0.022755988682697903,-0.020231227107733618,1.316653042192172,0.022749840352362057,0.9997410506430465,-0.0005341483803653819,-0.18305210630318003,0.02023815308689672,7.364332797754614e-05,0.9997951747310659,0.10289817157334369
0.9994132023775444,-0.025599868273578658,-0.022758671074911974,1.4813670710706788,0.02559208372414978,0.9996722701593428,-0.0006332736285781931,-0.20382890789414354,0.022767420215083795,5.0461182332706134e-05,0.9997407893321693,0.1176304582800185
0.9992755638760227,-0.02844353854526728,-0.02528571254880252,1.6460991554235704,0.02843392251494514,0.9995954250428671,-0.0007395787882433164,-0.22413718457662357,0.025296536896097177,2.0069973304309707e-05,0.999680004838685,0.1327796238117287
0.999123424354716,-0.03128684776506083,-0.02781226368063383,1.8108492696636063,0.031275215373400896,0.9995104472645298,-0.0008530724435504443,-0.2439774124814993,0.027825325499386627,-1.751008526068576e-05,0.9996128359607729,0.14834566388387316
0.9989568163043598,-0.0341297697226296,-0.03033838832546945,1.9756173882034318,0.03411592929838618,0.9994173951245865,-0.0009737565854464098,-0.26335006773964853,0.030353942551725355,-6.228074235359315e-05,0.9995392115714896,0.16432857421187919
0.9987757659954404,-0.036972292882422625,-0.032863963504341565,2.1403885096569297,0.036956049410817794,0.9993163277340292,-0.0011016245614126402,-0.2822538440263238,0.03288222625720219,-0.00011424620423788889,0.9994592126979978,0.18072584283365245
0.998580215590553,-0.03981438158488704,-0.03538897421763254,2.305177635410274,0.039795549195461244,0.9992070641115703,-0.0012366711375550394,-0.3006900476662735,0.03541015182239504,-0.0001734080540887195,0.9993728418519637,0.19753998171127307
0.9983701831778287,-0.042656018205258564,-0.03791328766769314,2.4699697384899935,0.04263439889414152,0.9990897824009213,-0.0013788901263241348,-0.3186578484656275,0.037937601407140836,-0.0002397675899557805,0.9992801212701776,0.21476847459807402
0.9981457079553646,-0.04549705804060897,-0.04043698799009131,2.6347798458695024,0.04547246135210111,0.9989644149783606,-0.001528296311310296,-0.3361580766182559,0.04046465711822511,-0.0003133076636965826,0.9991809159952545,0.23241383774072233
0.9979067561088066,-0.04833760289154536,-0.04295996846237603,2.7995923005806276,0.04830983652637448,0.9988309675190418,-0.0016848654306815453,-0.3531899019304463,0.04299119242448812,-0.0003940509874214293,0.9990753647667232,0.2504773172086061
0.9976533867991781,-0.051177615302084284,-0.0454821996100518,2.964407707030773,0.05114648397629254,0.9986894379961245,-0.0018485967810524771,-0.3697538005329202,0.0455172021237385,-0.0004819960106208776,0.9989634725200489,0.2689551464010833
0.9973854795229955,-0.054016958847248275,-0.04800364747080367,3.129210408251822,0.05398228371548116,0.9985398786293435,-0.002019498612699349,-0.385848942231966,0.04804264337488631,-0.0005771269712792071,0.9988451240731806,0.2878485713874852
0.9971031533708556,-0.05685561675814224,-0.05052431683230241,3.294015431217076,0.05681719206032675,0.9983821691698744,-0.002197567551619233,-0.4014761572214529,0.0505675134565553,-0.0006794481436400157,0.9987204394934244,0.30716010841453567
0.9968064091734155,-0.05969356047196281,-0.05304418307614986,3.458807723365908,0.059651201571284646,0.9982164274343331,-0.002382802548659623,-0.41663509143839006,0.053091804953525334,-0.0007889556891838567,0.998589362468601,0.32688723695096655
0.9964952019839786,-0.06253064934785346,-0.05556309662344022,3.623602311671675,0.0624841592608606,0.998042645720726,-0.0025752052611816654,-0.4313265750766475,0.05561537436190561,-0.0009056336120987218,0.9984518576110015,0.3470324732434449
0.9961695749365529,-0.06536685646563409,-0.05808118773459792,3.788384169160963,0.06531604700701617,0.9978607628912208,-0.0027747791405857854,-0.4455497779423552,0.058138319556174156,-0.001029482126083947,0.9983080239776861,0.3675933010452752
0.995829436748128,-0.06820228791869451,-0.060598295650211034,3.953153270246503,0.06814696800973091,0.9976708445426993,-0.0029815009682521406,-0.45930517616639177,0.060660496827809024,-0.0011605237177790273,0.9981577676186105,0.38856971607191326
0.9954749579809308,-0.07103678105401012,-0.06311442568269016,4.117909614928237,0.07097676374927146,0.9974728817570634,-0.0031953771345805894,-0.4725927697487582,0.06318191962859734,-0.001298738705463709,0.9980012085132136,0.4099617183233164
0.9951060253589625,-0.07387033830095827,-0.0656295432450301,4.282637520650667,0.07380542583243867,0.9972668150179536,-0.003416404265558358,-0.4854122046266207,0.06570253877337445,-0.001444132217381655,0.9978382315840483,0.43177054958428585
0.9947226625675787,-0.0767030368647933,-0.06814351466501534,4.447352644382022,0.07663302865468725,0.9970527083007787,-0.00364455989963133,-0.49776431099369134,0.0682222373592295,-0.001596719070025454,0.9976688592143503,0.4539949637854477
0.9943248488442495,-0.07953473641227335,-0.07065646359656849,4.612039329154044,0.07945946062283885,0.9968305539035454,-0.003879861493986197,-0.5096482586562581,0.07074110256124622,-0.0017564814305147114,0.9974931915674292,0.47663620699619
0.9939126550102482,-0.08236530394754593,-0.07316823776085016,4.776713206347665,0.0822845548239643,0.9966003445296278,-0.0041223066970839444,-0.5210653539389116,0.07325901781503807,-0.0019234026946051141,0.9973111332731792,0.49969302886253786
0.9934860650696125,-0.08519470646121763,-0.07567892583746982,4.941358618994656,0.08510831125805962,0.9963621380739134,-0.0043719023850392925,-0.53201476664794,0.07577607864816116,-0.0020974801677822175,0.9971226694823172,0.5231666754538651
0.9930450987717871,-0.08802294607505112,-0.07818841909354471,5.105975541507689,0.08793068528786045,0.9961158750200431,-0.0046286331174291186,-0.5424969729142224,0.07829215239001214,-0.0022787208153580707,0.9969278788365182,0.547057142485599
0.9925897263935957,-0.09085008148816132,-0.08069656677653227,5.2705489469133795,0.09075178430994718,0.9958615586109612,-0.004892478712481552,-0.5525111425438891,0.08080709053155721,-0.002467134466421328,0.9967267261445983,0.57136191371103
0.9921199809808421,-0.09367599391805245,-0.08320347985541636,5.435093836597844,0.09357147116956073,0.9955991823607786,-0.005163449988485269,-0.5620585818616886,0.08332101192094965,-0.0026627097296024194,0.9965191928249483,0.5960835010922665
0.9916358256139184,-0.09650066503010984,-0.08570902041642313,5.599610210561025,0.09638971935147185,0.9953288049751191,-0.005441536265047588,-0.5711392908676203,0.08583376684411709,-0.0028654463676590636,0.9963053624055443,0.621221904629337
0.9911372989358531,-0.099324050184768,-0.08821328941229677,5.7640830162422105,0.09920649585455119,0.9950504240217743,-0.00572674514924488,-0.5797529154986942,0.08834547508646501,-0.0030753406829115426,0.9960851575474856,0.646774603790945
0.9906244191589908,-0.10214603472078912,-0.09071615402040048,5.928512253641429,0.10202168164608522,0.9947639734984949,-0.006019069988556109,-0.58789945575491,0.09085598861137711,-0.003292376308357825,0.9958586004917463,0.6727415985770904
0.9900971927422662,-0.10496668819842353,-0.0932175989412653,6.092897267176539,0.10483535112152437,0.9944695169753217,-0.0063184999694284455,-0.5955793877673043,0.09336529339177219,-0.0035165686689228037,0.9956256938002029,0.6991266470192414
0.9895556137197064,-0.10778590392676954,-0.0957176121500709,6.257238686842356,0.10764737036905928,0.9941671082934614,-0.006625038981555129,-0.6027927115357192,0.09587338087433811,-0.0037479046207996025,0.995386499920893,0.725925986801343
0.9889997046704218,-0.11060362898831089,-0.09821604791825753,6.421535857056767,0.11045772450960586,0.9938566251772498,-0.006938669621424863,-0.609539903191191,0.09838011130798435,-0.0039863790801817345,0.9951409223868756,0.7531433759548918
0.9884295054678995,-0.1134198456636622,-0.10071302234371687,6.585774355253818,0.11326638054203507,0.9935381263323103,-0.00725940568309128,-0.6158206086705715,0.10088559712984285,-0.004231988135690146,0.9948890626267076,0.780772531632536
0.9878449204934168,-0.1162345496777582,-0.10320838957919806,6.749968578412165,0.11607331519406244,0.9932116712750033,-0.007587227554428169,-0.6216356581678881,0.1033896787967526,-0.004484737681491491,0.9946308241933233,0.8088197323970263
0.987246009676547,-0.1190476991280254,-0.1057021406501321,6.914103473971011,0.11887852522274349,0.9928771980567602,-0.007922127414398579,-0.6269846976201494,0.10589235878952868,-0.004744627311081329,0.994366269024,0.8372824577170945
0.986632827411746,-0.12185915905065595,-0.10819426750649154,7.078179646337958,0.12168185859423472,0.9925347588973154,-0.008264114645913324,-0.6318682031580778,0.1083936235535074,-0.005011632536369104,0.9940954589012014,0.8661569409920915
0.9860053739454947,-0.1246689141556418,-0.11068473917999065,7.242196465518077,0.12448328555035668,0.9921843529859327,-0.008613184742332457,-0.6362861747818296,0.11089346179849208,-0.005285754574219426,0.9938182781415309,0.8954469445380866
0.9853635608555017,-0.12747705492103265,-0.11317342172355022,7.406153905924157,0.12728291673063452,0.9918259256706695,-0.008969310127414688,-0.6402390886222844,0.11339171518636026,-0.005567013296508938,0.9935347491742499,0.9251524640704858
0.9847075398162595,-0.13028344546017667,-0.11566043877235214,7.570036940582725,0.13008060849441994,0.9914595291712601,-0.009332507909618037,-0.6437261144855722,0.11588851487516899,-0.005855389726352245,0.993244972165806,0.9552709833426007
0.9840372133633571,-0.13308805596209444,-0.11814564344166856,7.733860570879898,0.13287633756942796,0.9910851618662323,-0.009702761409728713,-0.6467485586964417,0.11838371234416756,-0.006150881704807598,0.9929489112773549,0.98580501431654
0.9833525835889636,-0.13589087221342921,-0.1206290111131013,7.897609744254964,0.1356700741974796,0.9907028229448498,-0.010080069578594211,-0.6493060671919024,0.12087728528074898,-0.006453484019000255,0.992646510196717,1.0167520364610354
0.9826537631557944,-0.13869174654354977,-0.1231105405742601,8.06128443512057,0.1384616779808762,0.9903125042997505,-0.010464432094326018,-0.6513991161028323,0.12336923744150491,-0.0067631776074137395,0.9923378295614032,1.0481120454915
0.9819406956412778,-0.1414906751388128,-0.12559020341311408,8.224884013481926,0.1412511372834734,0.9899142654472948,-0.010855845785597873,-0.6530277054293894,0.12585954049276965,-0.0070799656086121265,0.9920228136944725,1.079888803723989
0.9812134017788362,-0.1442876142824968,-0.12806788326344412,8.38840908374658,0.14403843722618664,0.9895081039552737,-0.011254290110347825,-0.6541923113022947,0.128348065705863,-0.007403838813710539,0.9917015425157926,1.1120785445578605
0.9804718627428418,-0.14708254806936444,-0.13054367641086587,8.55185962032715,0.14682354805083167,0.9890940190129516,-0.01165977653776678,-0.6548934098524275,0.1308349156888282,-0.0077348021137103595,0.9913739999024643,1.1446812637085415
0.9797161532303178,-0.1498753479324358,-0.13301744963294077,8.715219940668106,0.14960631772357008,0.9886719438073425,-0.012072290975788718,-0.655130647016954,0.1333199556404881,-0.008072832091666426,0.9910402081624087,1.177698202960812
0.9789462285662638,-0.15266623017974845,-0.13548918311465963,8.878505701737708,0.15238698755278637,0.9882419500158497,-0.01249181905203135,-0.6549048529895867,0.13580317052577123,-0.008417968745225268,0.9907001101791255,1.2111281162452983
0.9781621353334748,-0.15545491248447801,-0.13795885871244992,9.041701195393102,0.15516527159282723,0.9878040817508451,-0.01291836549968741,-0.6542161498383705,0.1382845492591121,-0.008770166687711467,0.9903537089907319,1.2449722410622073
0.9773638431935451,-0.1582415189492969,-0.140426352797666,9.204807051629075,0.1579412772402729,0.9873582264654984,-0.01335191157697774,-0.6530645375631488,0.14076394700561368,-0.00912944481137934,0.9900010857331786,1.279226815095484
0.976551386914726,-0.16102588083196717,-0.14289177077768497,9.367822614863485,0.1607148822194545,0.9869044942744317,-0.013792467316439986,-0.6514504922949573,0.14324147723611724,-0.00949578052629485,0.98964222275614,1.3138955963766037
0.9757247868616918,-0.1638080128072676,-0.14535497112089535,9.530747885096389,0.16348604189310784,0.9864428859883809,-0.01424001294500492,-0.6493740140337958,0.1457170036058827,-0.009869176289730164,0.9892770833243995,1.3489785849055593
0.9748840509387767,-0.16658797738795633,-0.14781594344317014,9.693568414174536,0.16625486041486323,0.985973345333931,-0.014694548647494152,-0.6468352248473952,0.14819051327414934,-0.010249638792209859,0.9889057296112631,1.3844694935504407
0.974029221576951,-0.1693654326252501,-0.1502746702635997,9.856298573489227,0.16902097744361755,0.9854959131805093,-0.015156069249614587,-0.6438354310606615,0.15066199540442,-0.010637118329175022,0.9885281041093883,1.4203745965894115
0.9731602530866699,-0.17214056578524373,-0.1527311435997515,10.018923336067019,0.17178458965048574,0.9850106595840467,-0.015624568274572944,-0.6403738024797248,0.15313142629313597,-0.011031648146659467,0.988144268589921,1.4566913777757904
0.972277167047296,-0.17491336889760106,-0.15518522182006364,10.181442676320614,0.1745456821563834,0.9845174647010868,-0.016100024089413745,-0.6364508152354644,0.155598672159679,-0.011433225021468041,0.9877541863343811,1.4934198328249835
0.9713799972431033,-0.1776836882024776,-0.15763701675676361,10.343857173070205,0.177304102927462,0.9840164394569878,-0.016582451579076767,-0.6320674215894795,0.15806384253296726,-0.011841826983870485,0.9873578990511078,1.530556190851776
0.970468759444745,-0.18045140980767216,-0.16008638922114932,10.506166196320976,0.18005973293100727,0.9835075178494999,-0.017071831773758366,-0.627223621541928,0.16052680395811475,-0.012257433074193802,0.9869553696125675,1.568104214172223
0.9695434937282066,-0.1832168536675174,-0.1625332117953473,10.6683697204856,0.18281289950700402,0.9829907772311794,-0.01756813961209381,-0.6219198912236887,0.16298742510255393,-0.012680094979784506,0.9865466797892124,1.6060638985017448
0.9686041630596263,-0.18597964112856574,-0.16497758235658255,10.830452693003394,0.185563230678199,0.9824661370065254,-0.018071389662324137,-0.6161558765717712,0.16544580440402573,-0.01310975118420743,0.9861317527571332,1.644432723309059
0.9676507954248076,-0.1887398682098257,-0.16741937706161228,10.992430115260419,0.18831083059822748,0.9819337218834109,-0.018581561329117802,-0.6099328839109233,0.1679018090956489,-0.013546419654290709,0.9857106696882145,1.6832132005562812
0.9666833712658102,-0.19149751134333842,-0.169858687640828,11.15428693469596,0.19105565462981536,0.9813934112076441,-0.019098663924084817,-0.6032505591781545,0.1703555412497148,-0.013990100220772184,0.9852833547878265,1.7224028097121433
0.965702017796885,-0.19425233025866034,-0.17229539641251668,11.316023125722722,0.19379745822163924,0.9808453110401651,-0.019622680242304548,-0.5961093785043436,0.1728068833575836,-0.014440746984946684,0.9848498881961136,1.7620015464920513
0.9647066312751686,-0.19700453267826362,-0.17472947539236022,11.47763866275335,0.19653645616684887,0.9802893732149214,-0.020153600093540176,-0.5885098180203694,0.1752558029390353,-0.014898400395402356,0.9844102141645159,1.8020094066114325
0.9636972667714797,-0.199753969578791,-0.17716091903197612,11.639133494613247,0.1992725261897804,0.9797256491409102,-0.02069142805897387,-0.5804528299879887,0.17770229221839773,-0.015363029832639707,0.9839643940566,1.8424263815011201
0.9626739179510971,-0.20250052263916868,-0.17958970751635517,11.800491964334213,0.2020055046204449,0.9791541323322424,-0.02123614976622333,-0.5719375842134906,0.18014633502629884,-0.01583462114968659,0.9835123707558656,1.883253717230474
0.9616366520326995,-0.2052442511737409,-0.18201583152846973,11.961729703297124,0.204735492369528,0.9785748260318625,-0.02178776813926853,-0.5629653870214653,0.18258792467692986,-0.016313180501494884,0.9830542062569344,1.9244901634455474
0.9605854311738348,-0.20798518483967976,-0.1844391503039563,12.122831658941266,0.20746246292180023,0.977987731861243,-0.022346260564539852,-0.5535358843489222,0.18502691696742357,-0.01679871096554053,0.9825898636961152,1.9661331996150722
0.9595203114292995,-0.2107231472320259,-0.18685966198074677,12.283797780092016,0.21018632375977758,0.9773928400915495,-0.022911614630888193,-0.5436500284576189,0.1874633080640309,-0.017291184891625955,0.9821194038197071,2.0081828171698817
0.9584412929844409,-0.21345813515236534,-0.18927735178411198,12.444628066749374,0.212907015367101,0.9767902102391417,-0.023483829289163507,-0.5333078193475549,0.18989707722342686,-0.017790601744178458,0.9816428291017187,2.050639016109976
0.9573483824825679,-0.2161902398477844,-0.19169219132700865,12.605322467738716,0.21562462701831075,0.976179787652077,-0.024062901833011092,-0.5225102092804885,0.1923282142265602,-0.01829697680240372,0.9811600838610255,2.093501787866188
0.9562415708214005,-0.21891922074022485,-0.19410418088156733,12.76588032747793,0.21833892064796837,0.9755616783912959,-0.02464882532959856,-0.5112576743874553,0.19475669488631953,-0.018810266004664955,0.9806712284865571,2.136774890470001
0.9551209233433624,-0.22164514292562953,-0.19651329226064562,12.926302250374476,0.2210499822876693,0.9749357666670234,-0.025241600792343694,-0.4995506907991767,0.19718251881274218,-0.019330480251196214,0.9801762072637157,2.180454557320772
0.953986455799881,-0.22436791195849815,-0.19891941020773107,13.08657318386767,0.2237576929046994,0.9743021666475621,-0.02584119409366725,-0.48738890445266225,0.19960555266575897,-0.01985760372721912,0.9796750999265501,2.224538267887226
0.952838170283125,-0.2270874407130023,-0.20132251454500294,13.246693102370187,0.22646202274087965,0.9736608734684943,-0.026447606348331494,-0.47477279147879026,0.2020257741327629,-0.020391616177895533,0.9791679098538096,2.2690260178847694
0.9516760734364035,-0.22980390725444205,-0.20372258015431088,13.406661350299899,0.2291630610707503,0.9730118373422951,-0.027060827207752703,-0.46170282800859797,0.20444317299470272,-0.020932554974337658,0.9786545808169979,2.3139215653448986
0.950500161939035,-0.23251710386034524,-0.2061196192856531,13.566478506476997,0.23186068886159242,0.9723551064350172,-0.027680855217417654,-0.4481799663036843,0.20685772980974915,-0.02148037966795735,0.9781352316338642,2.3592211393823774
0.9493104366527297,-0.2352270630786833,-0.2085135900396226,13.72614454531417,0.23455487635522668,0.9716906228517732,-0.02830768787365323,-0.4342046824949284,0.20926942961356876,-0.022035095708871633,0.9776097484514137,2.404924735712626
0.9481070355247658,-0.237933720121128,-0.21090436548169067,13.885658811229291,0.23724558730758916,0.9710185023823379,-0.02894129115021975,-0.41977745271336664,0.2116781595276287,-0.02259669035977807,0.9770781525246657,2.4510361123671274
0.946889837836232,-0.24063698816946566,-0.21329195409321033,14.045006881656448,0.23993270917185047,0.9703387401622938,-0.029581661935401793,-0.40489792289585047,0.2140838804519224,-0.02316514152877014,0.9765405633024246,2.4975489864985434
0.9456589485565584,-0.2433368988488237,-0.21567643944703707,14.204203757981745,0.24261632473665654,0.9696512782967537,-0.030228826780161814,-0.3895673993671287,0.21648671572381584,-0.02374046017717002,0.9759969063560278,2.544465870068983
0.9444143237540796,-0.2460333899540586,-0.21805768803386605,14.363234362057142,0.2452962884540582,0.9689561730591326,-0.03088274401602863,-0.3737860041950887,0.21888651823222804,-0.024322637777384748,0.9754471436069352,2.5917842382625977
0.9431560506729938,-0.24872649557121507,-0.22043557235645606,14.522098038300513,0.24797271611383592,0.9682533665545429,-0.03154339138413464,-0.3575542135107672,0.22128316660846925,-0.024911670594189417,0.974891356838889,2.6395078491108563
