-0.17364807426929474,-1.8623325104272226e-08,-0.9848077893257141,-142.74038696289062,-0.9848077893257141,1.461058189988762e-07,0.17364807426929474,10.682411193847656,1.4065224718251557e-07,1.0,-4.371138828673793e-08,49.999996185302734
-0.17410801351070404,0.00016037999012041837,-0.9847265481948853,-142.60887145996094,-0.9847258925437927,0.0011483427369967103,0.17410808801651,10.58006763458252,0.0011587271001189947,0.9999993443489075,-4.200535477139056e-05,49.99714279174805
-0.1745675802230835,0.00032137788366526365,-0.9846451282501221,-142.47740173339844,-0.9846424460411072,0.002296451712027192,0.17456784844398499,10.477659225463867,0.0023172921501100063,0.9999973177909851,-8.444365812465549e-05,49.994384765625
-0.17502708733081818,0.0004828581877518445,-0.9845634698867798,-142.3459930419922,-0.9845575094223022,0.003444491419941187,0.17502771317958832,10.375186920166016,0.0034758341498672962,0.9999939799308777,-0.00012747767323162407,49.99172592163086
-0.17548632621765137,0.0006449376814998686,-0.9844816327095032,-142.21463012695312,-0.9844709634780884,0.004592439625412226,0.1754874289035797,10.272649765014648,0.0046343510039150715,0.9999892711639404,-0.00017098800162784755,49.98916244506836
-0.17594529688358307,0.0008074986399151385,-0.9843996167182922,-142.08331298828125,-0.9843829274177551,0.005740315653383732,0.17594701051712036,10.170048713684082,0.00579284131526947,0.9999831914901733,-0.00021509366342797875,49.9866943359375
-0.17640408873558044,0.0009706587879918516,-0.9843173623085022,-141.95204162597656,-0.9842932820320129,0.006888095289468765,0.17640657722949982,10.067383766174316,0.0069513022899627686,0.9999758005142212,-0.0002596752601675689,49.98432540893555
-0.17686273157596588,0.0011343011865392327,-0.9842348694801331,-141.82081604003906,-0.9842021465301514,0.008035799488425255,0.1768660992383957,9.964653968811035,0.008109734393656254,0.999967098236084,-0.0003048518265131861,49.982051849365234
-0.17732107639312744,0.0012984246714040637,-0.9841521978378296,-141.68963623046875,-0.9841094017028809,0.009183426387608051,0.17732548713684082,9.861861228942871,0.009268133901059628,0.9999569654464722,-0.0003506231587380171,49.97987747192383
-0.17777925729751587,0.0014631475787609816,-0.984069287776947,-141.5585174560547,-0.984015166759491,0.010330953635275364,0.17778483033180237,9.759004592895508,0.010426499880850315,0.9999455809593201,-0.0003968698438256979,49.97779846191406
-0.17823714017868042,0.0016283509321510792,-0.9839861989021301,-141.4274444580078,-0.9839193820953369,0.011478397995233536,0.17824402451515198,9.656084060668945,0.011584829539060593,0.9999327659606934,-0.00044371088733896613,49.9758186340332
-0.17869485914707184,0.0017941535916179419,-0.9839029312133789,-141.29641723632812,-0.9838219881057739,0.012625738978385925,0.1787031888961792,9.5531005859375,0.01274312287569046,0.9999186992645264,-0.0004910269053652883,49.973934173583984
-0.17915228009223938,0.001960436813533306,-0.9838194251060486,-141.16543579101562,-0.9837231636047363,0.0137729961425066,0.17916220426559448,9.450053215026855,0.013901377096772194,0.9999032020568848,-0.0005389368161559105,49.97214889526367
-0.17960941791534424,0.0021273160818964243,-0.9837356805801392,-141.0345001220703,-0.9836227297782898,0.014920140616595745,0.17962105572223663,9.346942901611328,0.015059585683047771,0.9998864531517029,-0.0005873212357982993,49.970458984375
-0.18006636202335358,0.0022946775425225496,-0.9836517572402954,-140.9036102294922,-0.9835207462310791,0.016067199409008026,0.1800798624753952,9.243769645690918,0.016217753291130066,0.9998682737350464,-0.0006362991407513618,49.968868255615234
-0.18052314221858978,0.0024626378435641527,-0.9835676550865173,-140.7727813720703,-0.983417272567749,0.01721414551138878,0.18053863942623138,9.140533447265625,0.017375878989696503,0.9998487830162048,-0.0006857511471025646,49.96737289428711
-0.18097960948944092,0.0026310780085623264,-0.9834833145141602,-140.64199829101562,-0.98331218957901,0.018361004069447517,0.18099723756313324,9.03723430633545,0.01853395812213421,0.9998279809951782,-0.0007357961731031537,49.96597671508789
-0.18143577873706818,0.0028001132886856794,-0.9833987951278687,-140.51126098632812,-0.9832056164741516,0.019507739692926407,0.18145568668842316,8.93387222290039,0.019691985100507736,0.9998058080673218,-0.0007863148348405957,49.96467590332031
-0.18189175426959991,0.0029696302954107523,-0.9833140969276428,-140.3805694580078,-0.983097493648529,0.020654384046792984,0.1819140762090683,8.830448150634766,0.020849963650107384,0.9997822642326355,-0.0008374259923584759,49.96347427368164
-0.18234743177890778,0.0031397428829222918,-0.9832291603088379,-140.2499237060547,-0.9829878211021423,0.021800905466079712,0.1823723018169403,8.726961135864258,0.022007888182997704,0.9997574090957642,-0.0008890103199519217,49.962371826171875
-0.18280303478240967,0.0033103397581726313,-0.9831439852714539,-140.11932373046875,-0.9828765988349915,0.02294733189046383,0.1828305870294571,8.623412132263184,0.023165762424468994,0.999731183052063,-0.0009411866776645184,49.96136474609375
-0.1832583248615265,0.003481414169073105,-0.9830586314201355,-139.98878479003906,-0.9827638268470764,0.02409365400671959,0.18328869342803955,8.519801139831543,0.02432357892394066,0.9997036457061768,-0.0009939548326656222,49.96045684814453
-0.1837134212255478,0.0036530876532197,-0.982973039150238,-139.85829162597656,-0.9826495051383972,0.02523985505104065,0.18374675512313843,8.416128158569336,0.025481339544057846,0.9996747374534607,-0.0010471954010426998,49.95964813232422
-0.18416820466518402,0.0038252389058470726,-0.9828872680664062,-139.72784423828125,-0.9825336933135986,0.026385949924588203,0.18420463800430298,8.312393188476562,0.026639042422175407,0.9996445178985596,-0.0011010272428393364,49.95893859863281
-0.18462279438972473,0.003997988533228636,-0.9828013181686401,-139.59744262695312,-0.9824162721633911,0.027531921863555908,0.18466246128082275,8.208597183227539,0.027796687558293343,0.9996129274368286,-0.0011553309159353375,49.95832443237305
-0.18507717549800873,0.004171219654381275,-0.9827151298522949,-139.4670867919922,-0.9822973608970642,0.02867778390645981,0.18512022495269775,8.10473918914795,0.028954269364476204,0.9995800256729126,-0.0012102253967896104,49.95780944824219
-0.18553124368190765,0.004345044028013945,-0.9826287627220154,-139.3367919921875,-0.9821768999099731,0.029823509976267815,0.18557779490947723,8.00082015991211,0.030111782252788544,0.9995457530021667,-0.0012655911268666387,49.957393646240234
-0.18598510324954987,0.004519348964095116,-0.9825421571731567,-139.20654296875,-0.9820548892021179,0.030969124287366867,0.18603530526161194,7.896839618682861,0.03126922994852066,0.9995101094245911,-0.0013215469662100077,49.95707702636719
-0.1864386349916458,0.004694248549640179,-0.9824553728103638,-139.0763397216797,-0.9819313287734985,0.032114606350660324,0.18649263679981232,7.792798042297363,0.032426610589027405,0.9994731545448303,-0.0013779737055301666,49.95685577392578
-0.1868920922279358,0.0048696305602788925,-0.9823684096336365,-138.94618225097656,-0.981806218624115,0.03325996175408363,0.18695001304149628,7.688695430755615,0.03358390927314758,0.9994348883628845,-0.0014349899720400572,49.95673370361328
-0.1873452067375183,0.005045606289058924,-0.9822812080383301,-138.81607055664062,-0.9816796183586121,0.0344051755964756,0.18740719556808472,7.584531784057617,0.03474114090204239,0.9993952512741089,-0.0014924764400348067,49.95671081542969
-0.18779811263084412,0.005222062114626169,-0.9821937680244446,-138.68601989746094,-0.9815514087677002,0.03555027395486832,0.1878643035888672,7.480307579040527,0.035898298025131226,0.9993542432785034,-0.0015505519695580006,49.956787109375
-0.18825069069862366,0.005398995708674192,-0.9821061491966248,-138.55601501464844,-0.981421709060669,0.03669525682926178,0.18832121789455414,7.376022815704346,0.03705538436770439,0.9993119239807129,-0.0016092160949483514,49.95696258544922
-0.1887030452489853,0.0055765253491699696,-0.9820183515548706,-138.42605590820312,-0.9812904596328735,0.0378400944173336,0.18877805769443512,7.271677494049072,0.03821239247918129,0.9992682337760925,-0.0016683496069163084,49.957237243652344
-0.1891551911830902,0.005754534620791674,-0.9819303154945374,-138.296142578125,-0.981157660484314,0.03898479789495468,0.18923480808734894,7.167271614074707,0.03936931490898132,0.9992232322692871,-0.001728071249090135,49.957611083984375
-0.18960709869861603,0.005933142267167568,-0.9818421006202698,-138.16627502441406,-0.9810233116149902,0.04012936353683472,0.1896914839744568,7.062805652618408,0.040526166558265686,0.9991768598556519,-0.0017882614629343152,49.95808410644531
-0.19005879759788513,0.006112230010330677,-0.9817537069320679,-138.0364532470703,-0.9808874726295471,0.041273798793554306,0.19014807045459747,6.958279609680176,0.041682932525873184,0.9991291761398315,-0.0018490392249077559,49.958656311035156
-0.19051015377044678,0.00629179272800684,-0.9816650748252869,-137.9066925048828,-0.9807500243186951,0.04241810366511345,0.19060444831848145,6.853693962097168,0.042839616537094116,0.9990801215171814,-0.0019104040693491697,49.959327697753906
-0.19096128642559052,0.006471835542470217,-0.9815762042999268,-137.7769775390625,-0.9806110858917236,0.043562281876802444,0.19106075167655945,6.749048233032227,0.043996214866638184,0.9990297555923462,-0.001972355879843235,49.96009826660156
-0.19141219556331635,0.006652474869042635,-0.9814872145652771,-137.64730834960938,-0.980470597743988,0.044706299901008606,0.1915169507265091,6.64434289932251,0.04515272378921509,0.9989780187606812,-0.00203477474860847,49.960968017578125
-0.19186286628246307,0.006833593361079693,-0.9813979268074036,-137.51768493652344,-0.9803285598754883,0.045850180089473724,0.19197306036949158,6.539577960968018,0.04630913957953453,0.998924970626831,-0.002097780117765069,49.961936950683594
-0.1923133134841919,0.0070153092965483665,-0.9813085198402405,-137.3881072998047,-0.9801849722862244,0.04699390381574631,0.1924290806055069,6.434753894805908,0.04746546596288681,0.9988705515861511,-0.0021612518467009068,49.96300506591797
-0.1927635222673416,0.007197507657110691,-0.9812188744544983,-137.2585906982422,-0.9800398945808411,0.04813750088214874,0.19288501143455505,6.329870700836182,0.04862171411514282,0.9988147616386414,-0.002225309144705534,49.96417236328125
-0.19321337342262268,0.007380293682217598,-0.981128990650177,-137.12911987304688,-0.9798932671546936,0.04928091913461685,0.1933407187461853,6.224928379058838,0.04977785050868988,0.9987576603889465,-0.0022898325696587563,49.9654426574707
-0.19366298615932465,0.0075635588727891445,-0.9810389876365662,-136.99969482421875,-0.979745090007782,0.05042419210076332,0.1937963217496872,6.119926929473877,0.05093388631939888,0.9986992478370667,-0.0023549406323581934,49.96681213378906
-0.1941123604774475,0.007747301831841469,-0.9809486865997314,-136.8703155517578,-0.9795953631401062,0.05156731605529785,0.19425182044506073,6.014866828918457,0.05208982154726982,0.9986394643783569,-0.0024206330999732018,49.96828079223633
-0.19456151127815247,0.007931642234325409,-0.9808582663536072,-136.74098205566406,-0.9794440865516663,0.05271027609705925,0.1947072297334671,5.909748077392578,0.053245659917593,0.9985783696174622,-0.002486790530383587,49.9698486328125
-0.19501039385795593,0.008116464130580425,-0.9807676076889038,-136.61170959472656,-0.9792913198471069,0.053853098303079605,0.19516251981258392,5.80457067489624,0.05440140143036842,0.9985159039497375,-0.0025535316672176123,49.97151565551758
-0.19545893371105194,0.0083018708974123,-0.9806767702102661,-136.48248291015625,-0.9791370034217834,0.05499572679400444,0.19561760127544403,5.699334621429443,0.055557020008563995,0.9984520673751831,-0.00262073683552444,49.97328567504883
-0.195907324552536,0.008487763814628124,-0.9805856943130493,-136.35330200195312,-0.978981077671051,0.05613820627331734,0.19607268273830414,5.594040393829346,0.05671253800392151,0.9983869194984436,-0.0026885250117629766,49.975154876708984
-0.19635547697544098,0.008674255572259426,-0.9804943799972534,-136.2241668701172,-0.978823721408844,0.0572805181145668,0.1965276449918747,5.488687992095947,0.05786795914173126,0.998320460319519,-0.0027567767538130283,49.97712326049805
-0.19680337607860565,0.008861224167048931,-0.980402946472168,-136.09507751464844,-0.978664755821228,0.058422669768333435,0.1969825029373169,5.383277893066406,0.059023261070251465,0.9982526302337646,-0.0028256105724722147,49.979190826416016
-0.19725090265274048,0.009048784151673317,-0.9803112745285034,-135.96604919433594,-0.9785043001174927,0.05956465005874634,0.19743712246418,5.2778096199035645,0.06017846614122391,0.9981834292411804,-0.0028949070256203413,49.981361389160156
-0.197698175907135,0.00923682190477848,-0.9802194237709045,-135.83706665039062,-0.9783422946929932,0.06070647016167641,0.19789163768291473,5.17228364944458,0.0613335520029068,0.9981129169464111,-0.0029647848568856716,49.9836311340332
-0.19814519584178925,0.009425221011042595,-0.9801273345947266,-135.7081298828125,-0.9781787395477295,0.061848148703575134,0.19834600389003754,5.066700458526611,0.06248851865530014,0.9980410933494568,-0.003035362809896469,49.986000061035156
-0.198591947555542,0.009614216163754463,-0.980035126209259,-135.57923889160156,-0.9780136942863464,0.06298964470624924,0.19880026578903198,4.9610595703125,0.06364337354898453,0.9979678988456726,-0.003106402000412345,49.98847198486328
-0.19903844594955444,0.00980368722230196,-0.9799426198005676,-135.45040893554688,-0.9778470993041992,0.06413096934556961,0.19925439357757568,4.855361461639404,0.06479809433221817,0.9978933334350586,-0.003178021404892206,49.99104309082031
-0.19948479533195496,0.009993759915232658,-0.9798499345779419,-135.32162475585938,-0.9776788949966431,0.06527209281921387,0.19970852136611938,4.749606132507324,0.06595269590616226,0.9978174567222595,-0.0032501015812158585,49.993717193603516
-0.19993075728416443,0.010184306651353836,-0.9797570705413818,-135.19288635253906,-0.9775092601776123,0.06641305983066559,0.20016241073608398,4.64379358291626,0.0671071857213974,0.9977402687072754,-0.0033227610401809216,49.996490478515625
-0.2003764659166336,0.01037544570863247,-0.9796640276908875,-135.06419372558594,-0.9773380160331726,0.06755383312702179,0.20061616599559784,4.537924289703369,0.0682615414261818,0.9976617097854614,-0.003395880339667201,49.99936294555664
-0.20082201063632965,0.0105670765042305,-0.979570746421814,-134.935546875,-0.9771652817726135,0.06869444996118546,0.2010699063539505,4.431998252868652,0.06941579282283783,0.9975817799568176,-0.0034695782233029604,50.00233840942383
-0.2012672871351242,0.010759296827018261,-0.9794772863388062,-134.8069610595703,-0.9769909977912903,0.06983485072851181,0.20152351260185242,4.326015472412109,0.07056990265846252,0.9975005388259888,-0.0035437350161373615,50.00541305541992
-0.20171217620372772,0.010951990261673927,-0.9793835878372192,-134.6784210205078,-0.9768151640892029,0.07097508758306503,0.20197686553001404,4.219976425170898,0.07172388583421707,0.9974179863929749,-0.003618469461798668,50.00859069824219
-0.2021569013595581,0.011145170778036118,-0.979289710521698,-134.5499267578125,-0.9766378402709961,0.07211515307426453,0.20243020355701447,4.1138811111450195,0.07287774980068207,0.9973340630531311,-0.0036937810946255922,50.01186752319336
-0.202601358294487,0.011338944546878338,-0.9791956543922424,-134.42147827148438,-0.9764589071273804,0.07325500249862671,0.20288339257240295,4.007729530334473,0.07403146475553513,0.9972487688064575,-0.00376955047249794,50.0152473449707
-0.2030455321073532,0.011533078737556934,-0.9791013598442078,-134.29307556152344,-0.9762784838676453,0.07439470291137695,0.2033364474773407,3.901521921157837,0.07518505305051804,0.9971621632575989,-0.0038460148498415947,50.01873016357422
-0.20348942279815674,0.011727808974683285,-0.9790068864822388,-134.16473388671875,-0.9760965704917908,0.07553419470787048,0.2037893533706665,3.7952582836151123,0.0763384997844696,0.9970742464065552,-0.003922936040908098,50.02231216430664
-0.20393304526805878,0.01192301232367754,-0.9789122343063354,-134.03643798828125,-0.9759131073951721,0.0766734853386879,0.20424211025238037,3.688939094543457,0.07749179005622864,0.9969849586486816,-0.004000432789325714,50.025997161865234
-0.20437636971473694,0.012118811719119549,-0.978817343711853,-133.90818786621094,-0.9757280945777893,0.0778125673532486,0.2046947181224823,3.582564115524292,0.07864495366811752,0.996894359588623,-0.004078385420143604,50.029781341552734
-0.20481929183006287,0.01231507956981659,-0.978722333908081,-133.7799835205078,-0.9755415916442871,0.07895147055387497,0.20514707267284393,3.4761338233947754,0.07979797571897507,0.9968023896217346,-0.004156912211328745,50.033668518066406
-0.20526203513145447,0.012511948123574257,-0.97862708568573,-133.65184020996094,-0.975353479385376,0.08009015023708344,0.20559939742088318,3.369647979736328,0.08095083385705948,0.9967091083526611,-0.0042358944192528725,50.03765869140625
-0.2057044953107834,0.012709295377135277,-0.9785315990447998,-133.52374267578125,-0.9751639366149902,0.08122863620519638,0.2060515582561493,3.2631070613861084,0.08210356533527374,0.9966144561767578,-0.004315449856221676,50.041748046875
-0.20614677667617798,0.01290713157504797,-0.9784359335899353,-133.39569091796875,-0.9749727845191956,0.082366943359375,0.20650367438793182,3.156511068344116,0.08325614780187607,0.9965184926986694,-0.004395578522235155,50.04594039916992
-0.2065887749195099,0.013105560094118118,-0.9783400893211365,-133.26768493652344,-0.9747801423072815,0.08350501954555511,0.20695564150810242,3.0498600006103516,0.08440858125686646,0.9964211583137512,-0.004476160742342472,50.050235748291016
-0.20703046023845673,0.013304349966347218,-0.9782440066337585,-133.1397247314453,-0.9745859503746033,0.0846429318189621,0.20740744471549988,2.9431543350219727,0.0855608657002449,0.996322512626648,-0.004557433538138866,50.054630279541016
-0.20747186243534088,0.013503731228411198,-0.9781478047370911,-133.01182556152344,-0.9743902087211609,0.08578061312437057,0.2078590840101242,2.8363938331604004,0.08671298623085022,0.9962225556373596,-0.004639158956706524,50.05912780761719
-0.20791295170783997,0.013703588396310806,-0.9780513644218445,-132.88397216796875,-0.9741929769515991,0.08691808581352234,0.2083105742931366,2.729578971862793,0.087864950299263,0.9961212277412415,-0.004721455741673708,50.06372833251953
-0.20835386216640472,0.013904050923883915,-0.9779546856880188,-132.75616455078125,-0.9739941954612732,0.0880553349852562,0.2087620049715042,2.6227097511291504,0.08901676535606384,0.9960185289382935,-0.004804203752428293,50.06843185424805
-0.2087944746017456,0.014104992151260376,-0.9778578281402588,-132.62840270996094,-0.9737938642501831,0.08919239044189453,0.2092132717370987,2.5157861709594727,0.09016843140125275,0.9959145188331604,-0.0048875221982598305,50.073238372802734
-0.20923487842082977,0.014306421391665936,-0.9777607321739197,-132.5006866455078,-0.9735920429229736,0.09032924473285675,0.2096644788980484,2.408808469772339,0.09131993353366852,0.9958091974258423,-0.004971410147845745,50.07814407348633
-0.2096748650074005,0.01450843084603548,-0.977663516998291,-132.37303161621094,-0.973388671875,0.09146584570407867,0.21011541783809662,2.301776885986328,0.09247127175331116,0.9957025051116943,-0.005055747926235199,50.083152770996094
-0.21011455357074738,0.014710918068885803,-0.9775660634040833,-132.24542236328125,-0.973183810710907,0.09260226041078568,0.21056616306304932,2.1946914196014404,0.09362244606018066,0.9955945014953613,-0.005140654277056456,50.08826446533203
-0.21055403351783752,0.014913891442120075,-0.9774684309959412,-132.11785888671875,-0.9729773998260498,0.09373844414949417,0.21101686358451843,2.087552309036255,0.09477344900369644,0.9954851269721985,-0.00522612826898694,50.09347915649414
-0.2109932005405426,0.015117338858544827,-0.9773706197738647,-131.99034118652344,-0.9727694392204285,0.09487441182136536,0.21146737039089203,1.980359673500061,0.09592428058385849,0.9953744411468506,-0.005312169902026653,50.09879684448242
-0.21143217384815216,0.015321396291255951,-0.9772725701332092,-131.86288452148438,-0.9725599884986877,0.09601015597581863,0.21191781759262085,1.8731136322021484,0.0970749706029892,0.9952624440193176,-0.005398659501224756,50.104217529296875
-0.21187083423137665,0.01552592497318983,-0.9771743416786194,-131.7354736328125,-0.9723489880561829,0.09714566916227341,0.21236810088157654,1.7658144235610962,0.09822546690702438,0.9951490759849548,-0.005485715810209513,50.1097412109375
-0.21230915188789368,0.015730934217572212,-0.9770759344100952,-131.6081085205078,-0.9721364378929138,0.09828097373247147,0.2128181904554367,1.6584620475769043,0.09937580674886703,0.9950343370437622,-0.005573337431997061,50.1153678894043
-0.21274717152118683,0.015936532989144325,-0.9769772887229919,-131.4807891845703,-0.9719223976135254,0.09941603243350983,0.21326808631420135,1.5510567426681519,0.10052596777677536,0.9949183464050293,-0.005661405622959137,50.121097564697266
-0.21318484842777252,0.01614260859787464,-0.9768785238265991,-131.35353088378906,-0.9717068672180176,0.10055086761713028,0.21371781826019287,1.4435986280441284,0.10167594999074936,0.9948009252548218,-0.0057500386610627174,50.126930236816406
-0.2136223316192627,0.016349172219634056,-0.9767795205116272,-131.226318359375,-0.9714897871017456,0.10168548673391342,0.21416746079921722,1.3360878229141235,0.10282576084136963,0.994682252407074,-0.005839235614985228,50.13286590576172
