-0.05440746620297432,0.1649044156074524,-0.9848077893257141,-142.74038696289062,-0.9985188245773315,-0.008985428139567375,0.05366035923361778,4.683014392852783,-8.918438254568173e-08,0.9862686395645142,0.1651490479707718,58.2574577331543
-0.057141199707984924,0.16600383818149567,-0.9844681620597839,-142.5935516357422,-0.9983660578727722,-0.009235718287527561,0.056390516459941864,4.610017776489258,0.0002687717496883124,0.9860818386077881,0.16626034677028656,58.227664947509766
-0.059874262660741806,0.1671023815870285,-0.9841198325157166,-142.4469451904297,-0.9982057809829712,-0.009489067830145359,0.05912002548575401,4.536613464355469,0.000540717039257288,0.9858939051628113,0.1673707216978073,58.19771957397461
-0.06260639429092407,0.16819992661476135,-0.983762800693512,-142.3005828857422,-0.9980379343032837,-0.009745429269969463,0.061848629266023636,4.462801933288574,0.0008157442789524794,0.9857047200202942,0.1684800386428833,58.16762161254883
-0.06533781439065933,0.16929659247398376,-0.9833970069885254,-142.15444946289062,-0.9978625774383545,-0.01000484824180603,0.06457654386758804,4.388583660125732,0.0010938504710793495,0.9855143427848816,0.16958843171596527,58.13737106323242
-0.0680684968829155,0.17039236426353455,-0.9830224514007568,-142.00856018066406,-0.9976797103881836,-0.010267323814332485,0.06730373948812485,4.313959121704102,0.0013750337529927492,0.9853227734565735,0.17069588601589203,58.106971740722656
-0.07079830765724182,0.1714872568845749,-0.9826391339302063,-141.86289978027344,-0.9974892735481262,-0.010532835498452187,0.0700300931930542,4.238929271697998,0.00165929167997092,0.9851300120353699,0.17180241644382477,58.076419830322266
-0.07352734357118607,0.1725810319185257,-0.9822471737861633,-141.7174835205078,-0.9972913265228271,-0.010801385156810284,0.07275568693876266,4.16349458694458,0.001946621690876782,0.9849361181259155,0.1729077696800232,58.045719146728516
-0.07625534385442734,0.1736738085746765,-0.9818465113639832,-141.5723114013672,-0.9970858097076416,-0.011072938330471516,0.07548027485609055,4.087656021118164,0.0022370205260813236,0.9847409725189209,0.17401205003261566,58.01486587524414
-0.07898252457380295,0.1747656762599945,-0.981437087059021,-141.42738342285156,-0.9968727827072144,-0.011347544379532337,0.07820406556129456,4.01141357421875,0.002530486322939396,0.9845446348190308,0.1751154065132141,57.983863830566406
-0.08170874416828156,0.1758565455675125,-0.9810189604759216,-141.28269958496094,-0.9966522455215454,-0.011625170707702637,0.08092691749334335,3.9347684383392334,0.0028270164038985968,0.9843471646308899,0.1762177050113678,57.95271301269531
-0.08443410694599152,0.17694653570652008,-0.9805920720100403,-141.1382598876953,-0.99642413854599,-0.011905848979949951,0.0836489349603653,3.8577210903167725,0.0031266079749912024,0.9841484427452087,0.17731904983520508,57.92141342163086
-0.08715834468603134,0.17803549766540527,-0.9801564812660217,-140.9940643310547,-0.9961885809898376,-0.012189524248242378,0.08636985719203949,3.7802722454071045,0.0034292584750801325,0.9839485883712769,0.1784193366765976,57.88996505737305
-0.08988156169652939,0.17912344634532928,-0.9797122478485107,-140.85012817382812,-0.9959454536437988,-0.012476218864321709,0.0890897810459137,3.7024223804473877,0.0037349644117057323,0.9837474822998047,0.17951856553554535,57.858367919921875
-0.09260385483503342,0.18021038174629211,-0.9792593121528625,-140.70643615722656,-0.9956948161125183,-0.012765948660671711,0.09180880337953568,3.6241722106933594,0.004043725319206715,0.9835452437400818,0.18061672151088715,57.826622009277344
-0.09532508254051208,0.18129630386829376,-0.9787976145744324,-140.56300354003906,-0.9954366683959961,-0.013058695010840893,0.09452678263187408,3.545522451400757,0.004355536308139563,0.9833418130874634,0.18171380460262299,57.79473114013672
-0.0980452224612236,0.18238121271133423,-0.9783272743225098,-140.41981506347656,-0.9951710104942322,-0.013354454189538956,0.09724369645118713,3.4664735794067383,0.004670395981520414,0.9831371903419495,0.18280982971191406,57.762691497802734
-0.10076425224542618,0.18346497416496277,-0.97784823179245,-140.27688598632812,-0.9948978424072266,-0.01365321408957243,0.09995952993631363,3.38702654838562,0.004988301545381546,0.9829314351081848,0.18390466272830963,57.730506896972656
-0.10348215699195862,0.18454772233963013,-0.9773605465888977,-140.1342010498047,-0.9946171641349792,-0.013954984955489635,0.10267426073551178,3.3071818351745605,0.0053092483431100845,0.9827244877815247,0.18499840795993805,57.69817352294922
-0.10619891434907913,0.18562932312488556,-0.9768641591072083,-139.9917755126953,-0.9943289756774902,-0.014259753748774529,0.1053878664970398,3.226940155029297,0.005633235443383455,0.982516348361969,0.18609097599983215,57.66569519042969
-0.10891449451446533,0.18670989573001862,-0.9763590693473816,-139.849609375,-0.9940332770347595,-0.01456753071397543,0.10810031741857529,3.1463019847869873,0.00596025912091136,0.9823070764541626,0.1871824711561203,57.63307189941406
-0.11162888258695602,0.1877894550561905,-0.9758453369140625,-139.70770263671875,-0.9937300682067871,-0.014878315851092339,0.11081160604953766,3.0652682781219482,0.006290316116064787,0.9820966124534607,0.1882728785276413,57.600303649902344
-0.11434206366539001,0.18886786699295044,-0.975322961807251,-139.56605529785156,-0.993419349193573,-0.015192092396318913,0.11352170258760452,2.983839511871338,0.006623405031859875,0.9818850159645081,0.1893620789051056,57.56739044189453
-0.11705388873815536,0.18994523584842682,-0.9747918844223022,-139.42466735839844,-0.993101179599762,-0.01550885196775198,0.11623047292232513,2.9020166397094727,0.006959522143006325,0.9816721677780151,0.19045020639896393,57.534332275390625
-0.11976457387208939,0.19102147221565247,-0.9742521643638611,-139.28353881835938,-0.9927754998207092,-0.015828624367713928,0.11893812566995621,2.8198001384735107,0.007298664655536413,0.9814582467079163,0.19153714179992676,57.501129150390625
-0.12247397750616074,0.192096546292305,-0.9737038016319275,-139.14268493652344,-0.9924423098564148,-0.016151385381817818,0.121644526720047,2.7371907234191895,0.007640828378498554,0.9812431335449219,0.19262287020683289,57.46778106689453
-0.12518209218978882,0.19317059218883514,-0.9731467366218567,-139.00209045410156,-0.9921016693115234,-0.016477148979902267,0.12434964627027512,2.654189109802246,0.007986011914908886,0.981026828289032,0.19370751082897186,57.43429183959961
-0.1278887540102005,0.19424337148666382,-0.9725810885429382,-138.86175537109375,-0.9917535185813904,-0.0168058592826128,0.127053365111351,2.570796012878418,0.008334211073815823,0.9808093905448914,0.1947908252477646,57.400657653808594
-0.13059408962726593,0.19531498849391937,-0.9720067977905273,-138.72169494628906,-0.9913978576660156,-0.0171375572681427,0.12975575029850006,2.4870121479034424,0.008685422129929066,0.9805908203125,0.1958729326725006,57.36688232421875
-0.13329805433750153,0.1963854432106018,-0.9714239239692688,-138.5819091796875,-0.991034746170044,-0.01747223362326622,0.13245680928230286,2.4028382301330566,0.009039645083248615,0.9803711175918579,0.19695381820201874,57.33296203613281
-0.1360006332397461,0.19745475053787231,-0.970832347869873,-138.4423828125,-0.9906641840934753,-0.017809893935918808,0.135156512260437,2.318274736404419,0.009396874345839024,0.9801502227783203,0.19803351163864136,57.29890060424805
-0.1387016922235489,0.1985228955745697,-0.9702321887016296,-138.30313110351562,-0.990286111831665,-0.018150508403778076,0.1378547102212906,2.2333226203918457,0.009757107123732567,0.979928195476532,0.19911198318004608,57.26469802856445
-0.14140132069587708,0.19958975911140442,-0.9696234464645386,-138.16415405273438,-0.9899006485939026,-0.01849408820271492,0.14055149257183075,2.147982597351074,0.010120338760316372,0.9797049760818481,0.20018911361694336,57.23035430908203
-0.14409950375556946,0.20065534114837646,-0.9690060615539551,-138.02545166015625,-0.9895076155662537,-0.018840627744793892,0.1432468742132187,2.062255382537842,0.01048656739294529,0.9794806838035583,0.20126491785049438,57.19586944580078
-0.1467960923910141,0.20171977579593658,-0.9683800935745239,-137.88702392578125,-0.9891071915626526,-0.019190119579434395,0.14594067633152008,1.9761415719985962,0.010855790227651596,0.9792552590370178,0.2023395150899887,57.16124725341797
-0.14949120581150055,0.2027830183506012,-0.9677455425262451,-137.74887084960938,-0.9886993169784546,-0.01954258419573307,0.14863301813602448,1.8896420001983643,0.011228003539144993,0.9790286421775818,0.20341287553310394,57.12648391723633
-0.15218478441238403,0.2038450986146927,-0.9671023488044739,-137.61099243164062,-0.9882839322090149,-0.019898023456335068,0.15132386982440948,1.8027573823928833,0.011603203602135181,0.978800892829895,0.20448501408100128,57.09157943725586
-0.15487684309482574,0.2049058973789215,-0.966450572013855,-137.473388671875,-0.987861156463623,-0.020256418734788895,0.15401320159435272,1.7154884338378906,0.011981387622654438,0.9785720705986023,0.20555582642555237,57.05653762817383
-0.15756723284721375,0.20596551895141602,-0.9657902121543884,-137.33607482910156,-0.9874308705329895,-0.020617760717868805,0.15670089423656464,1.6278358697891235,0.01236255094408989,0.9783419966697693,0.20662540197372437,57.02135467529297
-0.160256028175354,0.20702385902404785,-0.965121328830719,-137.19903564453125,-0.9869931936264038,-0.0209820494055748,0.1593870371580124,1.5398004055023193,0.01274669449776411,0.9781108498573303,0.20769363641738892,56.98603439331055
-0.16294322907924652,0.20808100700378418,-0.9644438028335571,-137.06227111816406,-0.9865480065345764,-0.021349312737584114,0.1620716005563736,1.4513827562332153,0.01313380990177393,0.9778785705566406,0.20876063406467438,56.95057678222656
-0.1656288206577301,0.2091367542743683,-0.9637576937675476,-136.92579650878906,-0.9860954284667969,-0.021719500422477722,0.16475456953048706,1.3625837564468384,0.013523898087441921,0.9776451587677002,0.20982617139816284,56.914981842041016
-0.16831253468990326,0.21019120514392853,-0.96306312084198,-136.78961181640625,-0.9856354594230652,-0.022092586383223534,0.1674356758594513,1.2734041213989258,0.013916952535510063,0.9774106740951538,0.21089035272598267,56.879249572753906
-0.1709945797920227,0.2112443596124649,-0.9623599648475647,-136.65370178222656,-0.9851679801940918,-0.02246861904859543,0.1701151579618454,1.1838446855545044,0.014312968589365482,0.9771749973297119,0.21195319294929504,56.843379974365234
-0.1736748218536377,0.21229620277881622,-0.9616482853889465,-136.51808166503906,-0.984693169593811,-0.02284756861627102,0.17279286682605743,1.093906044960022,0.014711945317685604,0.9769382476806641,0.21301467716693878,56.807373046875
-0.1763533651828766,0.21334686875343323,-0.9609279632568359,-136.38275146484375,-0.9842109084129333,-0.023229479789733887,0.17546887695789337,1.003589153289795,0.015113879926502705,0.9767003059387207,0.21407490968704224,56.77123260498047
-0.1790301650762558,0.21439611911773682,-0.9601991772651672,-136.24771118164062,-0.9837211966514587,-0.023614313453435898,0.1781431883573532,0.912894606590271,0.015518764965236187,0.9764612913131714,0.2151336818933487,56.734954833984375
-0.18170511722564697,0.21544405817985535,-0.9594618678092957,-136.1129608154297,-0.983224093914032,-0.024002060294151306,0.1808156669139862,0.821823239326477,0.015926599502563477,0.9762211441993713,0.21619108319282532,56.698543548583984
-0.18437816202640533,0.21649058163166046,-0.958716094493866,-135.97850036621094,-0.9827196002006531,-0.02439269796013832,0.18348628282546997,0.7303757667541504,0.016337379813194275,0.9759799242019653,0.21724700927734375,56.6619987487793
-0.18704943358898163,0.21753579378128052,-0.9579617381095886,-135.84432983398438,-0.9822076559066772,-0.024786273017525673,0.18615512549877167,0.6385530233383179,0.01675110124051571,0.9757375717163086,0.21830157935619354,56.62531661987305
-0.18971888720989227,0.21857969462871552,-0.9571988582611084,-135.71044921875,-0.9816883206367493,-0.025182783603668213,0.1888221800327301,0.5463557243347168,0.01716776005923748,0.9754940867424011,0.2193547785282135,56.5885009765625
-0.19238637387752533,0.21962226927280426,-0.9564275145530701,-135.57687377929688,-0.9811616539955139,-0.025582201778888702,0.19148729741573334,0.453784704208374,0.01758735440671444,0.9752495288848877,0.22040662169456482,56.551551818847656
-0.195051908493042,0.2206634283065796,-0.9556476473808289,-135.44358825683594,-0.9806275367736816,-0.025984499603509903,0.19415047764778137,0.36084070801734924,0.018009882420301437,0.9750038385391235,0.22145695984363556,56.514469146728516
-0.19771555066108704,0.22170326113700867,-0.9548592567443848,-135.31060791015625,-0.980086088180542,-0.02638973481953144,0.19681179523468018,0.2675245404243469,0.01843533292412758,0.9747570157051086,0.22250594198703766,56.477256774902344
-0.20037706196308136,0.22274155914783478,-0.9540624618530273,-135.17791748046875,-0.9795372486114502,-0.02679779753088951,0.19947101175785065,0.17383697628974915,0.018863709643483162,0.9745091199874878,0.22355331480503082,56.439910888671875
-0.20303665101528168,0.22377853095531464,-0.9532572031021118,-135.0455322265625,-0.9789810180664062,-0.027208786457777023,0.2021283209323883,0.07977882772684097,0.01929500699043274,0.974260151386261,0.22459930181503296,56.40243148803711
-0.20569418370723724,0.2248140573501587,-0.9524434804916382,-134.9134521484375,-0.9784174561500549,-0.0276226494461298,0.2047836035490036,-0.014649122953414917,0.01972922310233116,0.9740100502967834,0.2256438136100769,56.36482238769531
-0.20834963023662567,0.22584815323352814,-0.9516212940216064,-134.7816619873047,-0.9778465032577515,-0.028039386495947838,0.20743684470653534,-0.10944606363773346,0.02016635052859783,0.9737588763237,0.22668682038784027,56.327083587646484
-0.21100309491157532,0.22688092291355133,-0.9507905840873718,-134.65017700195312,-0.9772681593894958,-0.02845904789865017,0.2100881040096283,-0.20461121201515198,0.02060638554394245,0.9735066294670105,0.2277284413576126,56.28921127319336
-0.21365442872047424,0.22791212797164917,-0.9499514698982239,-134.5189971923828,-0.9766824841499329,-0.028881555423140526,0.21273726224899292,-0.3001437485218048,0.021049324423074722,0.9732532501220703,0.228768453001976,56.2512092590332
-0.21630361676216125,0.2289418876171112,-0.9491039514541626,-134.38812255859375,-0.9760894775390625,-0.029306931421160698,0.21538430452346802,-0.3960428535938263,0.021495165303349495,0.9729987978935242,0.22980697453022003,56.213077545166016
-0.21895064413547516,0.22997020184993744,-0.948248028755188,-134.25755310058594,-0.9754891395568848,-0.029735175892710686,0.2180292159318924,-0.49230775237083435,0.021943900734186172,0.9727432727813721,0.23084397614002228,56.1748161315918
-0.22159558534622192,0.23099707067012787,-0.9473836421966553,-134.12730407714844,-0.9748814702033997,-0.03016631118953228,0.22067205607891083,-0.5889375805854797,0.022395530715584755,0.972486674785614,0.23187948763370514,56.13642883300781
-0.22423821687698364,0.23202259838581085,-0.9465108513832092,-133.9973602294922,-0.9742664694786072,-0.030600309371948242,0.2233126163482666,-0.6859315633773804,0.022850047796964645,0.9722289443016052,0.23291359841823578,56.0979118347168
-0.22687871754169464,0.23304656147956848,-0.9456295967102051,-133.8677215576172,-0.9736440777778625,-0.03103717416524887,0.22595106065273285,-0.783288836479187,0.023307448253035545,0.9719701409339905,0.2339460849761963,56.05926513671875
-0.22951696813106537,0.23406895995140076,-0.9447399973869324,-133.73838806152344,-0.9730144143104553,-0.03147687017917633,0.2285872995853424,-0.8810086250305176,0.023767730221152306,0.9717103242874146,0.23497694730758667,56.02049255371094
-0.232153058052063,0.23508988320827484,-0.9438419938087463,-133.609375,-0.9723774194717407,-0.0319194532930851,0.23122139275074005,-0.9790900945663452,0.024230891838669777,0.9714493751525879,0.23600628972053528,55.98159408569336
-0.2347867488861084,0.23610936105251312,-0.942935585975647,-133.4806671142578,-0.9717330932617188,-0.0323648601770401,0.23385308682918549,-1.077532410621643,0.024696925655007362,0.9711873531341553,0.2370341271162033,55.94256591796875
-0.23741821944713593,0.23712725937366486,-0.942020833492279,-133.35227966308594,-0.9710814952850342,-0.03281312435865402,0.2364826202392578,-1.1763347387313843,0.025165829807519913,0.9709242582321167,0.23806032538414001,55.903411865234375
-0.24004723131656647,0.23814359307289124,-0.9410977363586426,-133.22421264648438,-0.970422625541687,-0.03326418995857239,0.23910970985889435,-1.275496244430542,0.025637593120336533,0.9706601500511169,0.2390848994255066,55.864131927490234
-0.24267388880252838,0.23915833234786987,-0.9401662945747375,-133.09646606445312,-0.9697564244270325,-0.03371807187795639,0.24173447489738464,-1.3750160932540894,0.02611221931874752,0.9703949689865112,0.24010783433914185,55.82472610473633
-0.24529816210269928,0.2401716113090515,-0.939226508140564,-132.96902465820312,-0.9690829515457153,-0.034174807369709015,0.2443568855524063,-1.47489333152771,0.02658970281481743,0.9701287150382996,0.24112923443317413,55.78519821166992
-0.24792015552520752,0.2411833107471466,-0.938278317451477,-132.84190368652344,-0.9684022068977356,-0.03463439270853996,0.24697701632976532,-1.5751272439956665,0.02707003429532051,0.9698613882064819,0.2421490103006363,55.74554443359375
-0.25053972005844116,0.24219341576099396,-0.9373218417167664,-132.71510314941406,-0.9677141308784485,-0.03509679064154625,0.24959474802017212,-1.6757169961929321,0.027553215622901917,0.9695929884910583,0.24316713213920593,55.70576858520508
-0.2531566917896271,0.24320194125175476,-0.9363570213317871,-132.588623046875,-0.9670188426971436,-0.035561978816986084,0.25220996141433716,-1.7766616344451904,0.028039241209626198,0.9693235754966736,0.24418361485004425,55.66586685180664
-0.25577133893966675,0.24420887231826782,-0.9353839159011841,-132.46246337890625,-0.966316282749176,-0.03603000566363335,0.25482282042503357,-1.8779603242874146,0.028528103604912758,0.9690530896186829,0.24519844353199005,55.6258430480957
-0.25838348269462585,0.2452143132686615,-0.9344024658203125,-132.33663940429688,-0.9656064510345459,-0.036500878632068634,0.2574332058429718,-1.9796122312545776,0.02901979722082615,0.9687815308570862,0.24621175229549408,55.585697174072266
-0.26099300384521484,0.24621805548667908,-0.9334127306938171,-132.2111358642578,-0.964889407157898,-0.036974504590034485,0.2600409984588623,-2.0816164016723633,0.02951432205736637,0.9685089588165283,0.24722328782081604,55.54542922973633
-0.26360008120536804,0.2472202032804489,-0.932414710521698,-132.08595275878906,-0.9641650915145874,-0.03745096176862717,0.2626464068889618,-2.183972120285034,0.030011672526597977,0.9682353138923645,0.24823316931724548,55.50503921508789
-0.2662046253681183,0.248220756649971,-0.9314083456993103,-131.9611053466797,-0.9634335041046143,-0.03793022781610489,0.2652492821216583,-2.2866785526275635,0.030511843040585518,0.9679605960845947,0.2492413967847824,55.46452713012695
-0.26880648732185364,0.2492195963859558,-0.9303938150405884,-131.83657836914062,-0.9626947641372681,-0.03841223567724228,0.26784947514533997,-2.3897347450256348,0.031014831736683846,0.9676849246025085,0.25024786591529846,55.423892974853516
-0.2714058458805084,0.25021684169769287,-0.9293709993362427,-131.71238708496094,-0.9619486927986145,-0.0388970747590065,0.2704472243785858,-2.4931397438049316,0.03152063116431236,0.9674081802368164,0.2512526512145996,55.38313674926758
-0.27400246262550354,0.251212477684021,-0.9283398985862732,-131.58851623535156,-0.9611954689025879,-0.03938468173146248,0.273042231798172,-2.596892833709717,0.03202924132347107,0.9671303629875183,0.25225579738616943,55.342262268066406
-0.2765965461730957,0.2522062659263611,-0.9273005723953247,-131.46498107910156,-0.9604350328445435,-0.039875056594610214,0.275634765625,-2.700993061065674,0.03254065290093422,0.9668515920639038,0.25325703620910645,55.30126953125
-0.27918797731399536,0.25319844484329224,-0.9262530207633972,-131.34178161621094,-0.9596673846244812,-0.0403682217001915,0.2782246470451355,-2.8054394721984863,0.033054862171411514,0.9665717482566833,0.25425660610198975,55.260154724121094
-0.2817766070365906,0.25418904423713684,-0.925197184085846,-131.2189178466797,-0.9588925242424011,-0.04086415469646454,0.28081175684928894,-2.910231113433838,0.033571865409612656,0.9662908911705017,0.2552545368671417,55.21892166137695
-0.2843625247478485,0.2551780045032501,-0.9241331815719604,-131.0963897705078,-0.958110511302948,-0.04136287793517113,0.2833961844444275,-3.015367269515991,0.034091658890247345,0.9660089612007141,0.2562507688999176,55.17757034301758
-0.2869455814361572,0.2561652362346649,-0.9230610132217407,-130.9741973876953,-0.957321286201477,-0.04186432808637619,0.2859777808189392,-3.12084698677063,0.03461424261331558,0.9657260179519653,0.2572452425956726,55.13610076904297
-0.2895258963108063,0.25715088844299316,-0.9219805598258972,-130.8523406982422,-0.9565249681472778,-0.042368561029434204,0.28855666518211365,-3.2266693115234375,0.03513960540294647,0.9654420614242554,0.2582380175590515,55.09451675415039
-0.2921035587787628,0.25813475251197815,-0.9208919405937195,-130.73081970214844,-0.955721378326416,-0.042875584214925766,0.2911328971385956,-3.3328335285186768,0.03566773980855942,0.9651570320129395,0.25922900438308716,55.05281448364258
