-0.14122186601161957,0.10104477405548096,-0.9848077893257141,-142.74038696289062,-0.9899779558181763,-0.014414266683161259,0.14048431813716888,9.024218559265137,-7.560165471431901e-08,0.9947774410247803,0.10206770896911621,55.103389739990234
-0.1406385600566864,0.1005522832274437,-0.9849416613578796,-142.61155700683594,-0.990060567855835,-0.01520081702619791,0.13981764018535614,8.91907024383545,-0.0009129354730248451,0.9948156476020813,0.10169067233800888,55.114540100097656
-0.1400548368692398,0.10006029158830643,-0.9850749373435974,-142.482666015625,-0.9901420474052429,-0.015987709164619446,0.13915130496025085,8.81398868560791,-0.001825571060180664,0.9948529005050659,0.10131306201219559,55.12566375732422
-0.13947060704231262,0.09956881403923035,-0.9852076172828674,-142.35372924804688,-0.9902224540710449,-0.01677493005990982,0.13848519325256348,8.70897388458252,-0.002737981267273426,0.9948892593383789,0.10093487799167633,55.13676452636719
-0.1388857513666153,0.09907760471105576,-0.9853397011756897,-142.2247314453125,-0.9903016686439514,-0.01756243221461773,0.13781921565532684,8.604024887084961,-0.0036501644644886255,0.9949247241020203,0.1005558893084526,55.14784240722656
-0.13830037415027618,0.09858690202236176,-0.985471248626709,-142.09567260742188,-0.990379810333252,-0.018350262194871902,0.1371534764766693,8.49914264678955,-0.0045621199533343315,0.9949592351913452,0.10017632693052292,55.15889358520508
-0.13771459460258484,0.09809671342372894,-0.9856022000312805,-141.96656799316406,-0.9904568195343018,-0.019138429313898087,0.13648808002471924,8.394327163696289,-0.005473846569657326,0.9949928522109985,0.09979619830846786,55.169921875
-0.1371283233165741,0.09760691225528717,-0.9857325553894043,-141.83740234375,-0.9905326962471008,-0.019926905632019043,0.13582292199134827,8.289578437805176,-0.006385344546288252,0.9950255155563354,0.0994153842329979,55.18092727661133
-0.13654153048992157,0.09711762517690659,-0.9858623743057251,-141.7081756591797,-0.990607500076294,-0.020715707913041115,0.1351580172777176,8.184896469116211,-0.007296610623598099,0.9950572848320007,0.09903399646282196,55.1919059753418
-0.13595423102378845,0.09662885218858719,-0.9859915375709534,-141.57888793945312,-0.9906811118125916,-0.021504830569028854,0.13449335098266602,8.080281257629395,-0.008207643404603004,0.9950881600379944,0.09865204989910126,55.20286178588867
-0.13536642491817474,0.09614035487174988,-0.9861201643943787,-141.44955444335938,-0.9907536506652832,-0.022294243797659874,0.13382892310619354,7.975732803344727,-0.009118442423641682,0.9951180815696716,0.09826929867267609,55.21379470825195
-0.13477811217308044,0.09565237909555435,-0.9862481951713562,-141.32015991210938,-0.9908250570297241,-0.02308397740125656,0.13316474854946136,7.871251583099365,-0.010029004886746407,0.9951471090316772,0.09788598120212555,55.22470474243164
-0.1341894268989563,0.09516479074954987,-0.986375629901886,-141.19070434570312,-0.9908953309059143,-0.02387402579188347,0.13250094652175903,7.766837120056152,-0.010939331725239754,0.9951751828193665,0.09750198572874069,55.23558807373047
-0.133600115776062,0.09467772394418716,-0.986502468585968,-141.0612030029297,-0.9909644722938538,-0.024664385244250298,0.13183727860450745,7.662489891052246,-0.011849422939121723,0.995202362537384,0.09711743146181107,55.2464485168457
-0.13301029801368713,0.0941910669207573,-0.9866287708282471,-140.931640625,-0.9910325407981873,-0.025455042719841003,0.13117384910583496,7.558209419250488,-0.012759272940456867,0.99522864818573,0.09673219174146652,55.257286071777344
-0.13241998851299286,0.09370492398738861,-0.9867544174194336,-140.80201721191406,-0.9910994172096252,-0.026246020570397377,0.13051068782806396,7.453996181488037,-0.01366888452321291,0.9952539801597595,0.09634639322757721,55.26810073852539
-0.13182930648326874,0.09321917593479156,-0.9868795275688171,-140.67234802246094,-0.9911652207374573,-0.02703731134533882,0.12984788417816162,7.349850177764893,-0.014578255824744701,0.9952784180641174,0.09595991671085358,55.278892517089844
-0.13123801350593567,0.09273384511470795,-0.9870040416717529,-140.54261779785156,-0.9912298917770386,-0.027828888967633247,0.1291852444410324,7.245771408081055,-0.015487383119761944,0.9953019618988037,0.09557276964187622,55.2896614074707
-0.130646213889122,0.09224914759397507,-0.987127959728241,-140.41282653808594,-0.9912934899330139,-0.028620796278119087,0.1285228431224823,7.141759872436523,-0.01639626733958721,0.9953245520591736,0.09518517553806305,55.30040740966797
-0.1300540566444397,0.09176474064588547,-0.987251341342926,-140.28298950195312,-0.9913558959960938,-0.029412999749183655,0.12786082923412323,7.037815570831299,-0.017304906621575356,0.9953462481498718,0.0947967916727066,55.31113052368164
-0.12946128845214844,0.09128085523843765,-0.9873740673065186,-140.15309143066406,-0.9914171695709229,-0.0302055012434721,0.1271989643573761,6.933938503265381,-0.01821329817175865,0.9953669905662537,0.09440785646438599,55.32183074951172
-0.12886802852153778,0.09079750627279282,-0.9874962568283081,-140.0231475830078,-0.991477370262146,-0.030998315662145615,0.12653735280036926,6.830129146575928,-0.01912144385278225,0.9953868389129639,0.0940183624625206,55.3325080871582
-0.12827427685260773,0.09031444042921066,-0.9876178503036499,-139.8931427001953,-0.9915364384651184,-0.031791411340236664,0.1258760243654251,6.726387023925781,-0.02002934366464615,0.9954057335853577,0.09362808614969254,55.343162536621094
-0.12768006324768066,0.08983191102743149,-0.987738847732544,-139.76307678222656,-0.9915943741798401,-0.03258482366800308,0.12521494925022125,6.6227126121521,-0.02093699760735035,0.9954237341880798,0.0932372510433197,55.35379409790039
-0.127085343003273,0.08934979140758514,-0.9878592491149902,-139.63296508789062,-0.9916512370109558,-0.03337852284312248,0.12455415725708008,6.519105434417725,-0.021844396367669106,0.9954408407211304,0.09284574538469315,55.364402770996094
-0.12649016082286835,0.08886820077896118,-0.9879791140556335,-139.50279235839844,-0.991706907749176,-0.034172527492046356,0.1238936260342598,6.4155659675598145,-0.022751539945602417,0.9954569935798645,0.09245369583368301,55.3749885559082
-0.1258944869041443,0.08838702738285065,-0.9880983233451843,-139.37255859375,-0.9917615056037903,-0.03496683016419411,0.1232333779335022,6.312094211578369,-0.02365843392908573,0.995472252368927,0.09206097573041916,55.38555145263672
-0.12529811263084412,0.08790639042854309,-0.9882169961929321,-139.24227905273438,-0.9918149709701538,-0.03576141223311424,0.12257315963506699,6.208690166473389,-0.0245650727301836,0.9954866170883179,0.09166771173477173,55.39609146118164
-0.12470148503780365,0.08742616325616837,-0.9883350729942322,-139.1119384765625,-0.9918673038482666,-0.03655631095170975,0.12191346287727356,6.105353832244873,-0.025471458211541176,0.9955000281333923,0.09127378463745117,55.40660858154297
-0.12410439550876617,0.08694636076688766,-0.9884525537490845,-138.98153686523438,-0.9919185042381287,-0.037351496517658234,0.12125404179096222,6.0020856857299805,-0.026377582922577858,0.9955125451087952,0.09087918698787689,55.41710662841797
-0.12350670993328094,0.08646697551012039,-0.988569438457489,-138.85108947753906,-0.99196857213974,-0.038146961480379105,0.12059478461742401,5.898885250091553,-0.027283454313874245,0.9955241084098816,0.09048393368721008,55.427581787109375
-0.12290855497121811,0.0859881266951561,-0.9886857867240906,-138.7205810546875,-0.9920175671577454,-0.03894273564219475,0.11993581056594849,5.79575252532959,-0.028189070522785187,0.9955347776412964,0.0900881290435791,55.43803405761719
-0.12231004238128662,0.08550970256328583,-0.9888014793395996,-138.5900115966797,-0.9920654296875,-0.03973880037665367,0.1192772388458252,5.69268798828125,-0.029094422236084938,0.9955445528030396,0.08969166874885559,55.448463439941406
-0.12171095609664917,0.08503181487321854,-0.9889165759086609,-138.4593963623047,-0.9921121001243591,-0.040535151958465576,0.11861883848905563,5.589691638946533,-0.02999950759112835,0.9955533742904663,0.0892946645617485,55.4588737487793
-0.12111140042543411,0.08455435186624527,-0.9890311360359192,-138.32872009277344,-0.9921576976776123,-0.041331786662340164,0.11796072125434875,5.486763000488281,-0.030904332175850868,0.9955612421035767,0.08889700472354889,55.469261169433594
-0.12051138281822205,0.08407732099294662,-0.9891451001167297,-138.197998046875,-0.9922022223472595,-0.04212871193885803,0.11730290204286575,5.383902549743652,-0.031808894127607346,0.9955682754516602,0.08849868923425674,55.4796257019043
-0.11991077661514282,0.083600714802742,-0.9892584681510925,-138.0672149658203,-0.9922455549240112,-0.04292590543627739,0.11664525419473648,5.2811102867126465,-0.03271318972110748,0.9955743551254272,0.08809971064329147,55.48997116088867
-0.11930972337722778,0.08312465250492096,-0.9893712401390076,-137.93637084960938,-0.992287814617157,-0.043723396956920624,0.11598788946866989,5.178386688232422,-0.03361721709370613,0.9955794811248779,0.08770020306110382,55.50029373168945
-0.11870820075273514,0.08264902234077454,-0.9894834756851196,-137.80548095703125,-0.9923288822174072,-0.044521164149045944,0.11533083021640778,5.07573127746582,-0.03452097624540329,0.9955837726593018,0.08730003982782364,55.51059341430664
-0.11810622364282608,0.08217392861843109,-0.9895950555801392,-137.67453002929688,-0.9923688769340515,-0.04531923681497574,0.11467406153678894,4.973144054412842,-0.035424474626779556,0.9955870509147644,0.08689934015274048,55.5208740234375
-0.11750379949808121,0.08169927448034286,-0.9897060394287109,-137.54351806640625,-0.9924077391624451,-0.04611758515238762,0.11401759833097458,4.8706254959106445,-0.03632769733667374,0.9955894947052002,0.08649798482656479,55.531131744384766
-0.11690079420804977,0.08122517168521881,-0.9898164868354797,-137.41246032714844,-0.9924455285072327,-0.04691621661186218,0.11336130648851395,4.76817512512207,-0.037230655550956726,0.9955909252166748,0.08609610050916672,55.5413703918457
-0.11629734188318253,0.08075150847434998,-0.9899263381958008,-137.28134155273438,-0.9924821257591248,-0.04771512746810913,0.11270532011985779,4.665793418884277,-0.03813333809375763,0.9955915212631226,0.08569356799125671,55.55158615112305
-0.11569344252347946,0.08027815073728561,-0.9900355935096741,-137.15017700195312,-0.9925176501274109,-0.04851429909467697,0.1120496466755867,4.563480377197266,-0.03903574496507645,0.9955911636352539,0.08529026806354523,55.56178283691406
-0.11508908867835999,0.07980535179376602,-0.9901442527770996,-137.01895141601562,-0.9925519824028015,-0.04931376129388809,0.11139427870512009,4.461235523223877,-0.03993787616491318,0.9955899119377136,0.08488643914461136,55.571956634521484
-0.1144842877984047,0.07933298498392105,-0.9902523159980774,-136.88766479492188,-0.9925852417945862,-0.0501134991645813,0.11073921620845795,4.3590593338012695,-0.04083973541855812,0.9955877065658569,0.08448196202516556,55.58211135864258
-0.11387892812490463,0.07886118441820145,-0.9903597831726074,-136.75633239746094,-0.9926173686981201,-0.050913505256175995,0.11008433997631073,4.256951808929443,-0.04174130782485008,0.9955846071243286,0.08407695591449738,55.59224319458008
-0.11327312886714935,0.07838981598615646,-0.9904666543006897,-136.62493896484375,-0.9926483631134033,-0.05171379819512367,0.10942977666854858,4.154913425445557,-0.042642612010240555,0.9955806136131287,0.08367130905389786,55.60235595703125
-0.11266676336526871,0.07791901379823685,-0.990572988986969,-136.49349975585938,-0.9926782846450806,-0.05251435935497284,0.10877540707588196,4.052943706512451,-0.043543633073568344,0.9955756664276123,0.08326513320207596,55.612449645996094
-0.1120600774884224,0.0774485245347023,-0.9906786680221558,-136.36199951171875,-0.9927070140838623,-0.05331519618630409,0.10812147706747055,3.951042652130127,-0.04444437846541405,0.9955697655677795,0.08285819739103317,55.622520446777344
-0.11145295947790146,0.07697848230600357,-0.9907838106155396,-136.23043823242188,-0.9927346706390381,-0.054116301238536835,0.10746786743402481,3.849210500717163,-0.045344844460487366,0.9955630302429199,0.08245062828063965,55.632572174072266
-0.11084528267383575,0.07650899887084961,-0.9908883571624756,-136.0988311767578,-0.9927611351013184,-0.054917678236961365,0.10681445151567459,3.7474474906921387,-0.046245019882917404,0.9955553412437439,0.08204253017902374,55.64260482788086
-0.11023716628551483,0.07603996247053146,-0.9909922480583191,-135.9671630859375,-0.9927865266799927,-0.05571933090686798,0.10616135597229004,3.6457533836364746,-0.047144919633865356,0.9955466985702515,0.0816337913274765,55.65261459350586
-0.10962850600481033,0.07557149976491928,-0.9910956025123596,-135.83544921875,-0.9928107857704163,-0.056521251797676086,0.1055084615945816,3.54412841796875,-0.04804453253746033,0.9955371618270874,0.08122453838586807,55.66260528564453
-0.10901941359043121,0.07510347664356232,-0.9911983609199524,-135.70367431640625,-0.9928339719772339,-0.057323433458805084,0.10485588759183884,3.4425723552703857,-0.04894385486841202,0.9955267310142517,0.0808146521449089,55.672576904296875
-0.10840988904237747,0.07463590055704117,-0.9913005232810974,-135.57183837890625,-0.992855966091156,-0.05812588334083557,0.10420364886522293,3.341085433959961,-0.04984288662672043,0.9955153465270996,0.0804041251540184,55.68252944946289
-0.10779982805252075,0.07416890561580658,-0.9914021492004395,-135.43995666503906,-0.9928768873214722,-0.058928608894348145,0.10355160385370255,3.2396678924560547,-0.050741638988256454,0.9955030679702759,0.07999308407306671,55.69245910644531
-0.10718932747840881,0.07370223104953766,-0.991503119468689,-135.30801391601562,-0.9928966164588928,-0.059731580317020416,0.10289990156888962,3.138319492340088,-0.0516400970518589,0.9954898953437805,0.07958129048347473,55.702369689941406
-0.1065782979130745,0.07323601841926575,-0.9916035532951355,-135.176025390625,-0.9929152727127075,-0.06053480878472328,0.102248415350914,3.0370404720306396,-0.05253826454281807,0.9954757690429688,0.07916886359453201,55.71226119995117
-0.1059669554233551,0.0727703720331192,-0.9917033314704895,-135.04397583007812,-0.9929327964782715,-0.06133832782506943,0.1015973761677742,2.93583083152771,-0.053436145186424255,0.9954607486724854,0.0787559226155281,55.72213363647461
-0.10535507649183273,0.07230518013238907,-0.9918025135993958,-134.911865234375,-0.9929492473602295,-0.06214209273457527,0.10094655305147171,2.834690570831299,-0.054333724081516266,0.9954447746276855,0.07834235578775406,55.73198699951172
-0.10474278032779694,0.07184044271707535,-0.991901159286499,-134.7797088623047,-0.992964506149292,-0.06294610351324081,0.10029606521129608,2.7336196899414062,-0.0552310012280941,0.9954279065132141,0.07792815566062927,55.7418212890625
-0.10412994772195816,0.07137628644704819,-0.9919992089271545,-134.64749145507812,-0.9929786324501038,-0.06375037878751755,0.09964579343795776,2.6326181888580322,-0.05612798035144806,0.995410144329071,0.07751345634460449,55.75163650512695
-0.10351669788360596,0.07091258466243744,-0.9920966029167175,-134.51522827148438,-0.9929916858673096,-0.06455492973327637,0.0989958643913269,2.531686305999756,-0.057024676352739334,0.9953914284706116,0.07709812372922897,55.76143264770508
-0.10290303826332092,0.07044946402311325,-0.9921934604644775,-134.38290405273438,-0.9930036067962646,-0.06535974144935608,0.0983462706208229,2.430824041366577,-0.057921066880226135,0.9953717589378357,0.07668228447437286,55.771209716796875
-0.10228884220123291,0.06998668611049652,-0.9922897219657898,-134.2505340576172,-0.993014395236969,-0.0661647841334343,0.09769690781831741,2.330031394958496,-0.05881715193390846,0.995351254940033,0.07626570016145706,55.780967712402344
-0.10167412459850311,0.0695243701338768,-0.9923853874206543,-134.11810302734375,-0.9930240511894226,-0.06697007268667221,0.09704778343439102,2.2293083667755127,-0.059712931513786316,0.9953297972679138,0.07584849745035172,55.790706634521484
-0.10105899721384048,0.06906252354383469,-0.992480456829071,-133.98561096191406,-0.9930325746536255,-0.06777561455965042,0.09639899432659149,2.128655195236206,-0.06060841679573059,0.9953073859214783,0.07543066889047623,55.8004264831543
-0.10044346004724503,0.06860125064849854,-0.99257493019104,-133.8530731201172,-0.9930399656295776,-0.06858143955469131,0.09575055539608002,2.028071641921997,-0.061503611505031586,0.9952840805053711,0.07501234114170074,55.81012725830078
-0.09982752054929733,0.0681404396891594,-0.9926688075065613,-133.72047424316406,-0.9930462837219238,-0.0693875178694725,0.0951024666428566,1.9275580644607544,-0.06239849701523781,0.9952598810195923,0.07459339499473572,55.81980895996094
-0.0992111787199974,0.06768009066581726,-0.9927620887756348,-133.58782958984375,-0.9930514097213745,-0.0701938346028328,0.09445473551750183,1.8271143436431885,-0.06329306960105896,0.9952347874641418,0.07417382299900055,55.829471588134766
-0.0985943153500557,0.06722033768892288,-0.9928547739982605,-133.4551239013672,-0.9930554628372192,-0.07100041210651398,0.09380722790956497,1.7267404794692993,-0.06418734043836594,0.9952086806297302,0.07375375926494598,55.839115142822266
-0.09797705709934235,0.06676104664802551,-0.9929468631744385,-133.32237243652344,-0.9930583834648132,-0.07180723547935486,0.09316007792949677,1.6264365911483765,-0.06508130580186844,0.9951817393302917,0.07333307713270187,55.84873962402344
-0.09735927730798721,0.06630223244428635,-0.9930383563041687,-133.18955993652344,-0.9930601716041565,-0.07261431217193604,0.09251316636800766,1.52620267868042,-0.06597497314214706,0.9951538443565369,0.07291178405284882,55.85834503173828
-0.09674110263586044,0.06584376841783524,-0.9931292533874512,-133.05670166015625,-0.993060827255249,-0.07342161983251572,0.0918666273355484,1.4260388612747192,-0.06686831265687943,0.9951250553131104,0.07248975336551666,55.86793518066406
-0.09612241387367249,0.06538590043783188,-0.9932196140289307,-132.9237823486328,-0.9930603504180908,-0.0742291584610939,0.09122032672166824,1.3259451389312744,-0.06776133179664612,0.9950953125953674,0.07206723093986511,55.877506256103516
-0.09550333023071289,0.06492850184440613,-0.9933093190193176,-132.79080200195312,-0.9930588006973267,-0.07503695785999298,0.09057439118623734,1.2259215116500854,-0.06865405291318893,0.9950646758079529,0.07164409756660461,55.88705825805664
-0.0948837473988533,0.06447158008813858,-0.9933984279632568,-132.65777587890625,-0.993056058883667,-0.07584499567747116,0.08992870151996613,1.125968098640442,-0.06954645365476608,0.9950331449508667,0.07122035324573517,55.89659118652344
-0.09426365047693253,0.06401514261960983,-0.9934870004653931,-132.52468872070312,-0.9930522441864014,-0.07665327936410904,0.08928325772285461,1.0260850191116333,-0.07043855637311935,0.9950006604194641,0.07079599797725677,55.90610885620117
-0.09364316612482071,0.06355929374694824,-0.9935749173164368,-132.3915557861328,-0.993047297000885,-0.07746183127164841,0.08863817900419235,0.9262722134590149,-0.07133035361766815,0.9949672818183899,0.07037115842103958,55.91560745239258
-0.0930221751332283,0.06310392916202545,-0.9936622977256775,-132.25836181640625,-0.9930412173271179,-0.07827058434486389,0.08799335360527039,0.8265297412872314,-0.0722218006849289,0.9949329495429993,0.06994570791721344,55.925086975097656
-0.09240080416202545,0.06264904141426086,-0.9937490820884705,-132.1251220703125,-0.9930340051651001,-0.07907959073781967,0.08734890073537827,0.7268576622009277,-0.07311294227838516,0.994897723197937,0.06951965391635895,55.93455123901367
-0.09177893400192261,0.06219452619552612,-0.9938352108001709,-131.9918212890625,-0.9930257201194763,-0.07988881319761276,0.08670470863580704,0.6272560358047485,-0.07400375604629517,0.9948616027832031,0.06909286975860596,55.94399642944336
-0.09115668386220932,0.06174060329794884,-0.9939208030700684,-131.8584747314453,-0.993016242980957,-0.08069827407598495,0.08606088906526566,0.5277248620986938,-0.0748942419886589,0.9948245286941528,0.06866560876369476,55.953426361083984
-0.09053393453359604,0.06128716841340065,-0.9940057992935181,-131.72506713867188,-0.9930056929588318,-0.08150798082351685,0.08541733026504517,0.4282642602920532,-0.07578441500663757,0.9947865605354309,0.06823774427175522,55.96283721923828
-0.08991080522537231,0.060834214091300964,-0.9940901398658752,-131.59161376953125,-0.9929940104484558,-0.08231792598962784,0.08477415144443512,0.32887423038482666,-0.07667427510023117,0.9947476983070374,0.06780927628278732,55.97222900390625
-0.08928719162940979,0.06038174778223038,-0.9941739439964294,-131.45809936523438,-0.9929811954498291,-0.08312809467315674,0.08413123339414597,0.22955483198165894,-0.07756379246711731,0.9947078824043274,0.06738021224737167,55.981605529785156
-0.08866319805383682,0.05992976576089859,-0.9942571520805359,-131.3245391845703,-0.9929672479629517,-0.08393848687410355,0.08348870277404785,0.13030609488487244,-0.07845298200845718,0.9946671724319458,0.06695055216550827,55.990962982177734
-0.08803872019052505,0.05947839468717575,-0.9943397045135498,-131.19091796875,-0.9929521679878235,-0.08474913984537125,0.08284642547369003,0.031128063797950745,-0.07934185862541199,0.9946255087852478,0.06652040779590607,56.00030517578125
-0.08741375058889389,0.05902751907706261,-0.9944217205047607,-131.0572509765625,-0.9929360151290894,-0.08556000143289566,0.0822044238448143,-0.06797918677330017,-0.08023039996623993,0.9945829510688782,0.06608966737985611,56.00962829589844
