-0.14122186601161957,0.10104477405548096,-0.9848077893257141,-142.74038696289062,-0.9899779558181763,-0.014414266683161259,0.14048431813716888,9.024218559265137,-7.560165471431901e-08,0.9947774410247803,0.10206770896911621,55.103389739990234
-0.14141115546226501,0.09862291067838669,-0.9850261211395264,-142.58985900878906,-0.9899508953094482,-0.013786016032099724,0.1407378762960434,8.953325271606445,0.0003003937308676541,0.9950293898582458,0.09958133846521378,55.11307144165039
-0.14160124957561493,0.09620050340890884,-0.9852383136749268,-142.4393768310547,-0.9899235963821411,-0.013157140463590622,0.14098994433879852,8.882410049438477,0.0006003840244375169,0.9952750205993652,0.09709421545267105,55.123165130615234
-0.1417919099330902,0.09377767890691757,-0.9854444861412048,-142.28892517089844,-0.9898960590362549,-0.012527639046311378,0.14124026894569397,8.81147289276123,0.0008998933481052518,0.9955143332481384,0.09460647404193878,55.133670806884766
-0.14198315143585205,0.09135423600673676,-0.9856445789337158,-142.13851928710938,-0.9898683428764343,-0.011897481977939606,0.14148887991905212,8.740513801574707,0.001198920072056353,0.9957473874092102,0.09211790561676025,55.144588470458984
-0.1421753168106079,0.08893051743507385,-0.9858384728431702,-141.98814392089844,-0.9898403882980347,-0.011266757734119892,0.14173610508441925,8.669533729553223,0.0014974616933614016,0.9959741234779358,0.08962887525558472,55.15591812133789
-0.1423681676387787,0.08650632202625275,-0.9860263466835022,-141.8378143310547,-0.9898121356964111,-0.010635415092110634,0.14198172092437744,8.598531723022461,0.0017955166986212134,0.9961945414543152,0.08713915199041367,55.167659759521484
-0.14256183803081512,0.08408177644014359,-0.9862080812454224,-141.68753051757812,-0.9897837042808533,-0.010003484785556793,0.14222583174705505,8.527508735656738,0.002093082992359996,0.9964086413383484,0.08464888483285904,55.179813385009766
-0.14275619387626648,0.08165677636861801,-0.9863837361335754,-141.53729248046875,-0.9897549748420715,-0.00937094446271658,0.14246833324432373,8.456465721130371,0.0023901585955172777,0.9966164827346802,0.08215796202421188,55.192378997802734
-0.1429513394832611,0.07923146337270737,-0.9865532517433167,-141.38710021972656,-0.9897260665893555,-0.008737822994589806,0.14270934462547302,8.385401725769043,0.002686742227524519,0.996817946434021,0.07966652512550354,55.20535659790039
-0.14314720034599304,0.07680584490299225,-0.986716628074646,-141.23695373535156,-0.9896969199180603,-0.008104115724563599,0.14294873178005219,8.31431770324707,0.0029828324913978577,0.9970131516456604,0.0771745890378952,55.218746185302734
-0.14334361255168915,0.07437971234321594,-0.986873984336853,-141.08685302734375,-0.989667534828186,-0.007469784002751112,0.14318639039993286,8.24321460723877,0.00327842659316957,0.9972020387649536,0.07468193024396896,55.232547760009766
-0.14354072511196136,0.0719534233212471,-0.9870252013206482,-140.93679809570312,-0.9896379709243774,-0.006834893487393856,0.1434224396944046,8.172091484069824,0.003573522437363863,0.9973845481872559,0.07218892127275467,55.24675750732422
-0.14373864233493805,0.06952675431966782,-0.9871703386306763,-140.7867889404297,-0.989608108997345,-0.006199422292411327,0.14365698397159576,8.10094928741455,0.003868118394166231,0.9975607991218567,0.06969533860683441,55.26137924194336
-0.14393725991249084,0.06709974259138107,-0.9873093366622925,-140.63682556152344,-0.9895780682563782,-0.005563365761190653,0.1438899040222168,8.02978801727295,0.004162212368100882,0.9977307915687561,0.06720120459794998,55.27641296386719
-0.14413666725158691,0.06467249989509583,-0.9874421954154968,-140.48692321777344,-0.9895477294921875,-0.0049267541617155075,0.14412133395671844,7.958608150482178,0.004455802030861378,0.9978944063186646,0.06470665335655212,55.2918586730957
-0.1443367749452591,0.06224505230784416,-0.9875689744949341,-140.33706665039062,-0.9895172119140625,-0.004289581906050444,0.14435115456581116,7.887409687042236,0.004748886916786432,0.9980517029762268,0.062211696058511734,55.30771255493164
-0.14453744888305664,0.059817295521497726,-0.9876896142959595,-140.187255859375,-0.9894865155220032,-0.0036518299020826817,0.1445792317390442,7.816193103790283,0.005041463766247034,0.9982026815414429,0.05971623212099075,55.323978424072266
-0.1447388082742691,0.05738936364650726,-0.9878041744232178,-140.03750610351562,-0.98945552110672,-0.0030135277193039656,0.1448056995868683,7.744958877563477,0.005333531182259321,0.9983473420143127,0.057220395654439926,55.34065628051758
-0.14494098722934723,0.054961152374744415,-0.987912654876709,-139.8878173828125,-0.9894242882728577,-0.00237466674298048,0.1450306624174118,7.673707008361816,0.005625088699162006,0.9984856843948364,0.05472408980131149,55.35774230957031
-0.14514383673667908,0.052532799541950226,-0.9880149364471436,-139.73817443847656,-0.989392876625061,-0.0017352631548419595,0.1452540010213852,7.602437973022461,0.005916133522987366,0.9986177086830139,0.0522274412214756,55.375240325927734
-0.14534738659858704,0.05010420083999634,-0.9881111979484558,-139.58859252929688,-0.9893612265586853,-0.0010953032178804278,0.14547573029994965,7.53115177154541,0.00620666379109025,0.9987434148788452,0.04973035305738449,55.39314651489258
-0.1455516368150711,0.047675490379333496,-0.9882012605667114,-139.43907165527344,-0.9893293380737305,-0.00045480980770662427,0.14569583535194397,7.459848880767822,0.006496677175164223,0.9988628029823303,0.04723295941948891,55.41146469116211
-0.14575667679309845,0.04524656757712364,-0.9882852435112,-139.2895965576172,-0.9892972111701965,0.0001862247008830309,0.1459144502878189,7.388529300689697,0.00678617088124156,0.9989758133888245,0.04473515972495079,55.43019104003906
-0.14596229791641235,0.04281744360923767,-0.9883631467819214,-139.1401824951172,-0.9892648458480835,0.0008278075838461518,0.14613132178783417,7.317193508148193,0.007075143977999687,0.9990825653076172,0.04223696142435074,55.4493293762207
-0.14616870880126953,0.040388256311416626,-0.9884348511695862,-138.99082946777344,-0.9892322421073914,0.0014699085149914026,0.14634670317173004,7.245841979980469,0.007363596465438604,0.9991829991340637,0.03973850980401039,55.468875885009766
-0.14637571573257446,0.03795890137553215,-0.9885005354881287,-138.84153747558594,-0.9891994595527649,0.002112548565492034,0.14656032621860504,7.174474716186523,0.007651524618268013,0.9992770552635193,0.03723969683051109,55.48883056640625
-0.14658339321613312,0.03552951291203499,-0.9885600209236145,-138.69232177734375,-0.9891664385795593,0.0027557024732232094,0.1467723548412323,7.103092193603516,0.007938927039504051,0.9993648529052734,0.03474066033959389,55.50919723510742
-0.1467917561531067,0.03309998661279678,-0.988613486289978,-138.5431671142578,-0.9891332387924194,0.0033993807155638933,0.14698275923728943,7.031694412231445,0.008225800469517708,0.9994462728500366,0.03224129602313042,55.529972076416016
-0.14700081944465637,0.030670462176203728,-0.9886607527732849,-138.39407348632812,-0.9890997409820557,0.004043562337756157,0.14719153940677643,6.960281848907471,0.008512143976986408,0.9995213747024536,0.029741739854216576,55.55115509033203
-0.14721056818962097,0.028240833431482315,-0.9887019395828247,-138.2450408935547,-0.9890660643577576,0.004688262939453125,0.1473986953496933,6.88885498046875,0.008797956630587578,0.9995901584625244,0.027241887524724007,55.57274627685547
-0.14742112159729004,0.02581123448908329,-0.9887369871139526,-138.09608459472656,-0.9890320897102356,0.005333456676453352,0.14760436117649078,6.817413806915283,0.009083236567676067,0.999652624130249,0.024741875007748604,55.59474563598633
-0.14763236045837402,0.023381443694233894,-0.9887658953666687,-137.9471893310547,-0.9889979362487793,0.005979178473353386,0.14780840277671814,6.74595832824707,0.009367981925606728,0.9997087121009827,0.02224148064851761,55.617156982421875
-0.14784418046474457,0.020951716229319572,-0.9887887239456177,-137.79837036132812,-0.9889635443687439,0.00662538968026638,0.148010715842247,6.674489498138428,0.00965218897908926,0.9997585415840149,0.019740957766771317,55.639976501464844
-0.14805668592453003,0.018521945923566818,-0.9888054132461548,-137.6496124267578,-0.9889289736747742,0.007272104732692242,0.14821140468120575,6.6030073165893555,0.009935859590768814,0.9998019933700562,0.01724020577967167,55.663204193115234
-0.1482698768377304,0.016092270612716675,-0.9888160228729248,-137.5009307861328,-0.9888941645622253,0.00791929755359888,0.14841046929359436,6.5315117835998535,0.010218989104032516,0.9998391270637512,0.014739357866346836,55.68684005737305
-0.1484837532043457,0.013662584125995636,-0.988820493221283,-137.35231018066406,-0.9888590574264526,0.008566983044147491,0.14860792458057404,6.46000337600708,0.010501576587557793,0.9998699426651001,0.012238312512636185,55.71088409423828
-0.14869831502437592,0.011233022436499596,-0.9888188242912292,-137.20376586914062,-0.9888238310813904,0.009215139783918858,0.14880375564098358,6.388482570648193,0.010783620178699493,0.9998944401741028,0.009737204760313034,55.73533630371094
-0.14891356229782104,0.00880348403006792,-0.9888110160827637,-137.0552978515625,-0.9887883067131042,0.009863780811429024,0.148997962474823,6.316949367523193,0.011065117083489895,0.9999126195907593,0.0072359307669103146,55.76019287109375
-0.14912950992584229,0.006374100688844919,-0.988797128200531,-136.9069061279297,-0.9887526035308838,0.010512885637581348,0.14919055998325348,6.245404243469238,0.011346067301928997,0.9999244213104248,0.004734626971185207,55.785457611083984
-0.14934614300727844,0.003944771364331245,-0.9887771010398865,-136.7585906982422,-0.9887166023254395,0.011162467300891876,0.14938153326511383,6.173847198486328,0.011626468040049076,0.9999299049377441,0.002233189530670643,55.81113052368164
-0.14956344664096832,0.0015156293520703912,-0.9887509942054749,-136.6103515625,-0.9886804223060608,0.011812502518296242,0.14957089722156525,6.102278709411621,0.011906317435204983,0.9999290704727173,-0.0002682455815374851,55.83721160888672
-0.14978134632110596,-0.0009134283754974604,-0.9887187480926514,-136.46218872070312,-0.9886440634727478,0.012463008053600788,0.14975851774215698,6.030699253082275,0.012185615487396717,0.9999219179153442,-0.0027697815094143152,55.86369705200195
-0.14999991655349731,-0.003342267358675599,-0.988680362701416,-136.31410217285156,-0.9886074662208557,0.013113957829773426,0.1499445140361786,5.959108829498291,0.012464357540011406,0.999908447265625,-0.0052712829783558846,55.89059066772461
-0.1502191722393036,-0.005770989693701267,-0.9886358976364136,-136.1660919189453,-0.9885705709457397,0.013765365816652775,0.15012890100479126,5.887507438659668,0.012742542661726475,0.9998885989189148,-0.0077728526666760445,55.91789245605469
-0.15043912827968597,-0.008199461735785007,-0.9885852932929993,-136.01817321777344,-0.9885335564613342,0.014417215250432491,0.150311678647995,5.815896034240723,0.013020171783864498,0.9998624324798584,-0.010274356231093407,55.94559860229492
-0.15065976977348328,-0.010627785697579384,-0.9885285496711731,-135.87033081054688,-0.9884962439537048,0.015069510787725449,0.1504928320646286,5.744274616241455,0.01329723559319973,0.9998299479484558,-0.012775895185768604,55.97371292114258
-0.1508810818195343,-0.013055827468633652,-0.9884657263755798,-135.72256469726562,-0.9884587526321411,0.015722237527370453,0.15067236125469208,5.672643184661865,0.013573740608990192,0.999791145324707,-0.015277334488928318,56.00223159790039
-0.15110309422016144,-0.015483689494431019,-0.9883967638015747,-135.57489013671875,-0.9884209632873535,0.016375407576560974,0.15085028111934662,5.601002216339111,0.013849681243300438,0.9997460246086121,-0.017778778448700905,56.03115463256836
-0.15132568776607513,-0.017911238595843315,-0.9883216619491577,-135.4272918701172,-0.9883830547332764,0.01702900044620037,0.15102645754814148,5.529352188110352,0.014125059358775616,0.9996945261955261,-0.02028008922934532,56.06048583984375
-0.15154895186424255,-0.020338578149676323,-0.9882404804229736,-135.27978515625,-0.9883448481559753,0.01768302731215954,0.1512010246515274,5.457693099975586,0.014399869367480278,0.9996367692947388,-0.02278137393295765,56.0902214050293
-0.1517729014158249,-0.022765690460801125,-0.9881531596183777,-135.1323699951172,-0.98830646276474,0.018337484449148178,0.1513739824295044,5.386025428771973,0.014674109406769276,0.9995726346969604,-0.025282612070441246,56.120361328125
-0.15199755132198334,-0.025192560628056526,-0.9880597591400146,-134.9850311279297,-0.9882678389549255,0.018992366269230843,0.15154530107975006,5.314349174499512,0.01494777761399746,0.9995021820068359,-0.027783788740634918,56.15090560913086
-0.1522228717803955,-0.027619052678346634,-0.9879602193832397,-134.83778381347656,-0.988228976726532,0.01964765228331089,0.15171502530574799,5.242664813995361,0.01522087398916483,0.9994254112243652,-0.03028476983308792,56.181854248046875
-0.1524488925933838,-0.030045270919799805,-0.987854540348053,-134.6906280517578,-0.9881898760795593,0.020303361117839813,0.15188312530517578,5.17097282409668,0.01549339760094881,0.9993423223495483,-0.03278565779328346,56.21320724487305
-0.15267547965049744,-0.03247108310461044,-0.9877427816390991,-134.54356384277344,-0.9881505966186523,0.020959462970495224,0.1520494967699051,5.099273204803467,0.015765346586704254,0.9992529153823853,-0.0352863185107708,56.244964599609375
-0.15290263295173645,-0.034896593540906906,-0.9876249432563782,-134.39659118652344,-0.988111138343811,0.021615969017148018,0.15221412479877472,5.027566432952881,0.016036715358495712,0.9991571307182312,-0.037786852568387985,56.27712631225586
-0.15313047170639038,-0.03732166439294815,-0.9875009655952454,-134.2497100830078,-0.9880714416503906,0.022272864356637,0.1523771584033966,4.955852508544922,0.01630750671029091,0.9990550875663757,-0.04028712585568428,56.3096923828125
-0.15335901081562042,-0.039746399968862534,-0.9873708486557007,-134.10292053222656,-0.9880314469337463,0.022930163890123367,0.15253856778144836,4.884131908416748,0.016577716916799545,0.9989466667175293,-0.04278723895549774,56.3426628112793
-0.1535882204771042,-0.04217078164219856,-0.9872346520423889,-133.9562225341797,-0.9879913330078125,0.02358785644173622,0.15269835293293,4.812405109405518,0.016847340390086174,0.9988319277763367,-0.045287180691957474,56.37603759765625
-0.15381811559200287,-0.044594790786504745,-0.9870923161506653,-133.8096160888672,-0.9879509210586548,0.02424594573676586,0.15285652875900269,4.7406721115112305,0.017116380855441093,0.9987108707427979,-0.047786932438611984,56.40981674194336
-0.1540485918521881,-0.04701830819249153,-0.9869439005851746,-133.66311645507812,-0.9879103302955627,0.024904396384954453,0.1530129760503769,4.668932914733887,0.017384832724928856,0.9985834956169128,-0.05028635635972023,56.44399642944336
-0.15427975356578827,-0.049441419541835785,-0.9867894053459167,-133.51670837402344,-0.9878695011138916,0.025563238188624382,0.15316781401634216,4.597188472747803,0.01765269786119461,0.9984498023986816,-0.05278556048870087,56.478580474853516
-0.1545114666223526,-0.05186400189995766,-0.9866287708282471,-133.3704071044922,-0.9878284931182861,0.026222439482808113,0.15332092344760895,4.5254387855529785,0.017919976264238358,0.998309850692749,-0.05528440698981285,56.51356506347656
-0.1547437608242035,-0.054286155849695206,-0.9864620566368103,-133.2241973876953,-0.9877872467041016,0.026882009580731392,0.15347230434417725,4.453683853149414,0.01818666234612465,0.9981635212898254,-0.05778299644589424,56.548954010009766
-0.1549767553806305,-0.05670774728059769,-0.9862892031669617,-133.07809448242188,-0.9877457618713379,0.027541937306523323,0.15362206101417542,4.381924152374268,0.018452756106853485,0.9980108737945557,-0.06028119847178459,56.58474349975586
-0.15521042048931122,-0.05912887305021286,-0.986110270023346,-132.9320831298828,-0.9877040982246399,0.0282022375613451,0.15377022325992584,4.310160160064697,0.018718255683779716,0.9978519082069397,-0.06277911365032196,56.62093734741211
-0.15544477105140686,-0.06154952198266983,-0.9859252572059631,-132.7861785888672,-0.9876621961593628,0.028862901031970978,0.15391676127910614,4.238391876220703,0.018983159214258194,0.9976866245269775,-0.06527671962976456,56.65753173828125
-0.15567968785762787,-0.0639696791768074,-0.9857341051101685,-132.640380859375,-0.9876200556755066,0.02952391840517521,0.15406157076358795,4.166619777679443,0.01924746297299862,0.9975150227546692,-0.06777401268482208,56.69452667236328
-0.1559152901172638,-0.06638921052217484,-0.9855368733406067,-132.49468994140625,-0.9875777363777161,0.03018527291715145,0.15420478582382202,4.094843864440918,0.019511165097355843,0.9973371028900146,-0.0702708512544632,56.7319221496582
-0.15615159273147583,-0.06880822032690048,-0.9853335022926331,-132.34910583496094,-0.9875351190567017,0.030846983194351196,0.15434637665748596,4.023064613342285,0.019774267449975014,0.9971528649330139,-0.07276733964681625,56.769718170166016
-0.15638844668865204,-0.071226567029953,-0.9851240515708923,-132.20361328125,-0.9874923825263977,0.03150901943445206,0.1544862538576126,3.951282501220703,0.020036768168210983,0.9969623684883118,-0.07526333630084991,56.80791473388672
-0.15662576258182526,-0.0736444890499115,-0.9849085807800293,-132.0582275390625,-0.9874494075775146,0.03217140585184097,0.15462426841259003,3.879497528076172,0.020298665389418602,0.9967654943466187,-0.07775907218456268,56.84651184082031
-0.15686388313770294,-0.07606171071529388,-0.9846869111061096,-131.9129638671875,-0.9874061942100525,0.03283411264419556,0.15476080775260925,3.8077101707458496,0.020559949800372124,0.9965623617172241,-0.08025429397821426,56.8855094909668
-0.1571025550365448,-0.07847835123538971,-0.9844592213630676,-131.76780700683594,-0.987362802028656,0.033497154712677,0.15489561855793,3.7359206676483154,0.020820628851652145,0.9963529109954834,-0.08274909108877182,56.92490768432617
-0.15734192728996277,-0.08089426904916763,-0.9842253923416138,-131.6227569580078,-0.9873191714286804,0.034160513430833817,0.155028834939003,3.6641292572021484,0.021080702543258667,0.9961371421813965,-0.0852433443069458,56.96470642089844
-0.15758198499679565,-0.08330944925546646,-0.9839854836463928,-131.47781372070312,-0.9872753024101257,0.0348241813480854,0.15516044199466705,3.5923361778259277,0.021340159699320793,0.9959150552749634,-0.08773703128099442,57.00490188598633
-0.1578226089477539,-0.08572400361299515,-0.9837394952774048,-131.33299255371094,-0.9872312545776367,0.03548816591501236,0.15529032051563263,3.5205416679382324,0.021599004045128822,0.9956867098808289,-0.09023024886846542,57.04549789428711
-0.15806391835212708,-0.08813778311014175,-0.9834874272346497,-131.1882781982422,-0.9871869683265686,0.03615245968103409,0.15541858971118927,3.4487459659576416,0.021857237443327904,0.9954520463943481,-0.09272287040948868,57.086490631103516
-0.15830567479133606,-0.09055102616548538,-0.9832292795181274,-131.04367065429688,-0.9871424436569214,0.03681706637144089,0.15554502606391907,3.3769495487213135,0.02211485616862774,0.9952110648155212,-0.09521511197090149,57.12788391113281
-0.15854811668395996,-0.09296347200870514,-0.9829650521278381,-130.89918518066406,-0.9870977401733398,0.037481967359781265,0.15566986799240112,3.305152654647827,0.02237185463309288,0.9949637651443481,-0.09770672768354416,57.169673919677734
-0.15879124402999878,-0.09537521749734879,-0.9826947450637817,-130.7548065185547,-0.987052857875824,0.038147181272506714,0.15579310059547424,3.2333555221557617,0.022628232836723328,0.9947102069854736,-0.10019781440496445,57.21186447143555
-0.15903493762016296,-0.09778613597154617,-0.9824182987213135,-130.6105499267578,-0.9870076775550842,0.03881267085671425,0.15591461956501007,3.1615583896636963,0.022883988916873932,0.9944503307342529,-0.10268823802471161,57.254451751708984
-0.15927933156490326,-0.10019632428884506,-0.9821358323097229,-130.46641540527344,-0.9869623780250549,0.03947845846414566,0.15603452920913696,3.08976149559021,0.023139122873544693,0.994184136390686,-0.105178102850914,57.29743576049805
-0.15952427685260773,-0.10260577499866486,-0.9818472862243652,-130.32240295410156,-0.9869167804718018,0.04014453664422035,0.15615272521972656,3.017965316772461,0.023393630981445312,0.9939116835594177,-0.10766739398241043,57.340816497802734
-0.15976978838443756,-0.10501447319984436,-0.9815526604652405,-130.17849731445312,-0.9868710041046143,0.04081089794635773,0.15626919269561768,2.946169853210449,0.02364751696586609,0.993632972240448,-0.1101560890674591,57.38459396362305
-0.16001588106155396,-0.10742227733135223,-0.9812519550323486,-130.0347137451172,-0.9868250489234924,0.041477516293525696,0.1563839614391327,2.874375581741333,0.023900771513581276,0.9933478832244873,-0.11264405399560928,57.428768157958984
-0.16026264429092407,-0.10982929170131683,-0.9809451699256897,-129.89105224609375,-0.9867788553237915,0.042144421488046646,0.15649712085723877,2.8025827407836914,0.02415340021252632,0.99305659532547,-0.11513140052556992,57.47333908081055
-0.16050997376441956,-0.11223538964986801,-0.9806323051452637,-129.7475128173828,-0.9867324233055115,0.04281158000230789,0.15660856664180756,2.7307918071746826,0.02440539561212063,0.9927589893341064,-0.11761798709630966,57.518306732177734
-0.16075800359249115,-0.11464066058397293,-0.9803134202957153,-129.60409545898438,-0.9866858124732971,0.04347902163863182,0.1567184329032898,2.6590027809143066,0.024656761437654495,0.9924550652503967,-0.12010391801595688,57.56366729736328
