0.054407138377428055,-0.16490474343299866,-0.9848077297210693,-142.74038696289062,-0.9985188245773315,-0.00898536667227745,-0.05366004258394241,-0.6830098628997803,-6.279260134078868e-08,0.9862685799598694,-0.16514936089515686,41.74253463745117
0.054751019924879074,-0.1631203442811966,-0.9850858449935913,-142.61431884765625,-0.9985000491142273,-0.008755713701248169,-0.05404672399163246,-0.5950684547424316,0.0001909910060930997,0.9865673184394836,-0.1633550524711609,41.80696487426758
0.05509525164961815,-0.16133543848991394,-0.9853605628013611,-142.4881591796875,-0.998481035232544,-0.008525358512997627,-0.05443298816680908,-0.5070649981498718,0.00038141797995194793,0.9868627786636353,-0.1615600734949112,41.87113952636719
0.05543982982635498,-0.1595500111579895,-0.9856318831443787,-142.36192321777344,-0.9984618425369263,-0.008294302970170975,-0.05481884256005287,-0.41899949312210083,0.0005712173879146576,0.987155020236969,-0.15976443886756897,41.935062408447266
0.05578475445508957,-0.1577642261981964,-0.9858998656272888,-142.235595703125,-0.998442530632019,-0.008062554523348808,-0.055204279720783234,-0.3308719992637634,0.0007603886188007891,0.9874439239501953,-0.15796826779842377,41.99872970581055
0.05613002926111221,-0.15597793459892273,-0.9861644506454468,-142.10919189453125,-0.9984230399131775,-0.007830106653273106,-0.05558929964900017,-0.2426825761795044,0.0009489311487413943,0.9877294898033142,-0.15617145597934723,42.0621452331543
0.05647565424442291,-0.1541912704706192,-0.9864256381988525,-141.98269653320312,-0.9984033107757568,-0.007596967741847038,-0.05597390606999397,-0.1544312834739685,0.0011368441628292203,0.9880118370056152,-0.1543741226196289,42.12530517578125
0.05682162567973137,-0.15240414440631866,-0.9866834878921509,-141.8561248779297,-0.9983834624290466,-0.007363130804151297,-0.05635809525847435,-0.06611813604831696,0.001324127078987658,0.9882908463478088,-0.15257616341114044,42.18821334838867
0.05716794729232788,-0.15061664581298828,-0.986937940120697,-141.72946166992188,-0.9983634352684021,-0.007128605153411627,-0.0567418672144413,0.022256821393966675,0.0015107790241017938,0.988566517829895,-0.1507776826620102,42.2508659362793
0.0575144961476326,-0.1488286852836609,-0.987188994884491,-141.60272216796875,-0.9983432292938232,-0.006893365643918514,-0.05712510645389557,0.11069352924823761,0.001696799648925662,0.9888389706611633,-0.1489785760641098,42.313262939453125
0.057861391454935074,-0.14704038202762604,-0.9874366521835327,-141.4759063720703,-0.9983228445053101,-0.0066574388183653355,-0.05750792846083641,0.19919195771217346,0.0018821884877979755,0.9891080856323242,-0.14717897772789001,42.37540817260742
0.058208636939525604,-0.14525163173675537,-0.987680971622467,-141.3489990234375,-0.9983022809028625,-0.0064208186231553555,-0.057890333235263824,0.28775203227996826,0.002066944492980838,0.9893739223480225,-0.14537878334522247,42.43729782104492
0.05855622887611389,-0.1434624195098877,-0.9879218935966492,-141.22201538085938,-0.9982815980911255,-0.006183505989611149,-0.05827232077717781,0.3763737082481384,0.0022510671988129616,0.9896364212036133,-0.1435779631137848,42.498931884765625
0.058904167264699936,-0.14167287945747375,-0.9881594181060791,-141.09495544433594,-0.9982606768608093,-0.0059455083683133125,-0.05865389108657837,0.4650569558143616,0.002434555673971772,0.9898957014083862,-0.1417766809463501,42.56031036376953
0.059252336621284485,-0.1398829072713852,-0.9883936047554016,-140.96780395507812,-0.9982395768165588,-0.005706803407520056,-0.05903492867946625,0.5538017749786377,0.0026174094527959824,0.990151584148407,-0.13997480273246765,42.62143325805664
0.05960085242986679,-0.13809263706207275,-0.9886243939399719,-140.840576171875,-0.9982183575630188,-0.005467415787279606,-0.0594155453145504,0.6426080465316772,0.0027996283024549484,0.9904042482376099,-0.1381724625825882,42.68230056762695
0.05994971841573715,-0.1363019198179245,-0.98885178565979,-140.71327209472656,-0.9981969594955444,-0.005227339919656515,-0.059795744717121124,0.7314757108688354,0.0029812108259648085,0.9906535744667053,-0.13636954128742218,42.74291229248047
0.06029892712831497,-0.134510800242424,-0.989075779914856,-140.5858917236328,-0.9981753826141357,-0.004986576270312071,-0.06017552688717842,0.8204047679901123,0.0031621563248336315,0.9908995628356934,-0.1345660537481308,42.80326843261719
0.06064848601818085,-0.13271936774253845,-0.9892963767051697,-140.45843505859375,-0.998153567314148,-0.004745131824165583,-0.06055489182472229,0.9093952178955078,0.003342465264722705,0.9911422729492188,-0.1327621042728424,42.86336898803711
0.06099827215075493,-0.13092754781246185,-0.989513635635376,-140.33090209960938,-0.9981316328048706,-0.004502985160797834,-0.06093371659517288,0.9984469413757324,0.0035221369471400976,0.9913817048072815,-0.13095760345458984,42.923213958740234
0.061348408460617065,-0.12913542985916138,-0.9897274374961853,-140.2032928466797,-0.9981095790863037,-0.004260161425918341,-0.061312127858400345,1.0875599384307861,0.003701169742271304,0.9916177988052368,-0.12915267050266266,42.98280334472656
0.06169888749718666,-0.12734292447566986,-0.9899379014968872,-140.0756072998047,-0.9980872869491577,-0.004016653168946505,-0.06169011443853378,1.1767340898513794,0.0038795629516243935,0.9918506145477295,-0.1273471862077713,43.04213333129883
0.06204971671104431,-0.1255502700805664,-0.9901449084281921,-139.94784545898438,-0.9980648159980774,-0.003772475989535451,-0.06206768751144409,1.2659693956375122,0.004057317040860653,0.9920800924301147,-0.12554138898849487,43.1012077331543
0.06240077316761017,-0.12375711649656296,-0.9903485774993896,-139.82000732421875,-0.9980421662330627,-0.0035275931004434824,-0.062444720417261124,1.355265736579895,0.004234431777149439,0.9923062920570374,-0.12373495101928711,43.16002655029297
0.06275217980146408,-0.12196370214223862,-0.990548849105835,-139.6920928955078,-0.9980193972587585,-0.0032820359338074923,-0.06282133609056473,1.4446232318878174,0.004410905297845602,0.9925291538238525,-0.12192809581756592,43.218589782714844
0.06310392916202545,-0.12016991525888443,-0.9907457232475281,-139.56410217285156,-0.99799644947052,-0.00303579936735332,-0.0631975308060646,1.5340416431427002,0.0045867362059652805,0.9927486777305603,-0.12012071907520294,43.276893615722656
0.06345590204000473,-0.11837588250637054,-0.990939199924469,-139.43603515625,-0.9979732632637024,-0.0027888761833310127,-0.06357318162918091,1.623521089553833,0.004761924967169762,0.9929649233818054,-0.11831294000148773,43.33494186401367
0.06380822509527206,-0.116581492125988,-0.9911292791366577,-139.30789184570312,-0.9979499578475952,-0.0025412729009985924,-0.06394842267036438,1.7130613327026367,0.00493647251278162,0.9931778907775879,-0.11650465428829193,43.392730712890625
0.06416089832782745,-0.11478687077760696,-0.9913159608840942,-139.17967224121094,-0.9979264736175537,-0.0022929988335818052,-0.06432323902845383,1.8026624917984009,0.005110376980155706,0.9933875203132629,-0.11469598114490509,43.45026397705078
0.06451379507780075,-0.11299201846122742,-0.9914992451667786,-139.05137634277344,-0.9979028105735779,-0.0020440430380403996,-0.0646975189447403,1.892324447631836,0.005283636040985584,0.9935938119888306,-0.1128869280219078,43.507537841796875
0.0648670420050621,-0.11119683086872101,-0.9916791319847107,-138.9230194091797,-0.9978790283203125,-0.0017944107530638576,-0.06507137417793274,1.982047200202942,0.0054562510922551155,0.9937967658042908,-0.11107738316059113,43.56455612182617
0.06522063165903091,-0.10940142720937729,-0.9918556213378906,-138.79458618164062,-0.997855007648468,-0.0015441100113093853,-0.06544481217861176,2.0718305110931396,0.005628221668303013,0.9939964413642883,-0.1092674657702446,43.621315002441406
0.06557445228099823,-0.10760557651519775,-0.9920287728309631,-138.66607666015625,-0.9978308081626892,-0.0012931146193295717,-0.06581771373748779,2.1616744995117188,0.005799545906484127,0.9941928386688232,-0.10745695233345032,43.677818298339844
0.065928615629673,-0.1058095172047615,-0.9921984672546387,-138.53750610351562,-0.9978064894676208,-0.001041452749632299,-0.0661901906132698,2.2515792846679688,0.005970224738121033,0.9943858981132507,-0.10564608871936798,43.73406219482422
0.06628300994634628,-0.10401315242052078,-0.992364764213562,-138.4088592529297,-0.9977819919586182,-0.0007891061250120401,-0.06656213104724884,2.3415443897247314,0.006140255834907293,0.9945756196975708,-0.10383474826812744,43.79004669189453
0.06663774698972702,-0.10221659392118454,-0.9925276637077332,-138.28013610839844,-0.9977572560310364,-0.0005360966315492988,-0.06693364679813385,2.431570053100586,0.0063096387311816216,0.9947620034217834,-0.10202307254076004,43.84577178955078
0.06699283421039581,-0.10041984915733337,-0.9926871657371521,-138.15135192871094,-0.997732400894165,-0.00028242295957170427,-0.06730474531650543,2.5216562747955322,0.006478374823927879,0.9949451088905334,-0.10021105408668518,43.901241302490234
0.06734814494848251,-0.09862280637025833,-0.9928432703018188,-138.02249145507812,-0.9977074265480042,-2.806697739288211e-05,-0.06767530739307404,2.611802816390991,0.0066464622505009174,0.995124876499176,-0.0983985885977745,43.956451416015625
0.06770379841327667,-0.09682547301054001,-0.9929959774017334,-137.89356994628906,-0.9976822137832642,0.00022695769439451396,-0.06804544478654861,2.702009677886963,0.006813900079578161,0.995301365852356,-0.09658568352460861,44.01140213012695
0.06805968284606934,-0.09502796828746796,-0.9931452870368958,-137.7645721435547,-0.9976568222045898,0.0004826541699003428,-0.06841503828763962,2.7922768592834473,0.0069806878454983234,0.9954744577407837,-0.09477245062589645,44.06609344482422
0.06841591000556946,-0.09323019534349442,-0.9932911992073059,-137.63551330566406,-0.997631311416626,0.0007390181999653578,-0.0687842145562172,2.8826043605804443,0.007146825548261404,0.9956443309783936,-0.09295879304409027,44.12052536010742
0.06877236813306808,-0.09143225848674774,-0.9934337139129639,-137.5063934326172,-0.997605562210083,0.0009960514726117253,-0.0691528469324112,2.972991943359375,0.007312312256544828,0.9958108067512512,-0.09114482998847961,44.17469787597656
0.06912916898727417,-0.08963418006896973,-0.9935727715492249,-137.377197265625,-0.9975796937942505,0.0012537415605038404,-0.06952106207609177,3.0634398460388184,0.007477146573364735,0.9959739446640015,-0.08933056890964508,44.22861099243164
0.06948620080947876,-0.08783583343029022,-0.9937084913253784,-137.24794006347656,-0.9975536465644836,0.0015121089527383447,-0.06988873332738876,3.1539478302001953,0.007641330827027559,0.9961338043212891,-0.08751589059829712,44.282264709472656
0.06984357535839081,-0.08603724092245102,-0.993840754032135,-137.11862182617188,-0.9975274205207825,0.0017711399123072624,-0.07025598734617233,3.2445156574249268,0.0078048622235655785,0.9962903261184692,-0.08570080250501633,44.33565902709961
0.07020117342472076,-0.08423863351345062,-0.9939696192741394,-136.98922729492188,-0.997501015663147,0.0020308271050453186,-0.07062269747257233,3.335143566131592,0.00796773936599493,0.9964435696601868,-0.083885557949543,44.3887939453125
0.07055912166833878,-0.08243978023529053,-0.9940950870513916,-136.85977172851562,-0.9974744915962219,0.0022911743726581335,-0.0709889829158783,3.4258313179016113,0.008129961788654327,0.9965934157371521,-0.08206991106271744,44.44166946411133
0.0709172934293747,-0.08064069598913193,-0.9942172169685364,-136.73025512695312,-0.9974477291107178,0.0025521949864923954,-0.07135473191738129,3.5165789127349854,0.008291531354188919,0.9967399835586548,-0.08025388419628143,44.49428176879883
0.07127580791711807,-0.07884149998426437,-0.9943358302116394,-136.60067749023438,-0.9974208474159241,0.002813867526128888,-0.07172005623579025,3.607386350631714,0.008452446199953556,0.99688321352005,-0.07843758910894394,44.546634674072266
0.07163455337285995,-0.07704196125268936,-0.994451105594635,-136.47103881835938,-0.997393786907196,0.00307621737010777,-0.07208484411239624,3.698253631591797,0.008612705394625664,0.9970231056213379,-0.07662080228328705,44.59872817993164
0.07199352234601974,-0.07524231821298599,-0.9945629835128784,-136.34133911132812,-0.9973665475845337,0.003339225659146905,-0.07244908809661865,3.7891805171966553,0.008772307075560093,0.9971596598625183,-0.07480376213788986,44.65056228637695
0.072352834045887,-0.07344258576631546,-0.9946714043617249,-136.21157836914062,-0.997339129447937,0.0036028821486979723,-0.07281290739774704,3.880167245864868,0.008931252174079418,0.9972929358482361,-0.07298648357391357,44.70213317871094
0.07271237671375275,-0.07164276391267776,-0.9947764873504639,-136.08175659179688,-0.997311532497406,0.0038671977818012238,-0.07317618280649185,3.9712135791778564,0.009089541621506214,0.9974228739738464,-0.07116895914077759,44.75344467163086
0.07307226210832596,-0.0698426216840744,-0.9948781132698059,-135.95187377929688,-0.9972837567329407,0.004132178146392107,-0.07353904098272324,4.062319278717041,0.009247172623872757,0.9975494742393494,-0.069350965321064,44.80449295043945
0.07343237102031708,-0.06804241240024567,-0.9949763417243958,-135.82192993164062,-0.9972558617591858,0.00439781229943037,-0.07390135526657104,4.153484344482422,0.009404145181179047,0.9976727366447449,-0.0675327479839325,44.855281829833984
0.07379282265901566,-0.06624212861061096,-0.9950711727142334,-135.69192504882812,-0.9972277879714966,0.0046640923246741295,-0.07426324486732483,4.244709014892578,0.009560459293425083,0.997792661190033,-0.06571430712938309,44.90580749511719
0.07415350526571274,-0.06444165855646133,-0.9951625466346741,-135.56185913085938,-0.997199535369873,0.00493103452026844,-0.07462459802627563,4.33599328994751,0.009716114029288292,0.9979093074798584,-0.06389553844928741,44.95607376098633
0.07451441138982773,-0.06264113634824753,-0.9952505826950073,-135.43173217773438,-0.9971711039543152,0.0051986295729875565,-0.07498540729284286,4.427336692810059,0.009871110320091248,0.9980225563049316,-0.06207656115293503,45.00607681274414
0.07487566769123077,-0.06084044650197029,-0.9953351616859436,-135.30154418945312,-0.997142493724823,0.0054668765515089035,-0.07534579187631607,4.518739223480225,0.0100254463031888,0.9981325268745422,-0.060257259756326675,45.05582046508789
0.07523714005947113,-0.05903971195220947,-0.9954163432121277,-135.17129516601562,-0.9971137046813965,0.005735771730542183,-0.0757056325674057,4.610200881958008,0.010179119184613228,0.9982391595840454,-0.0584377646446228,45.10530090332031
0.07559884339570999,-0.05723881721496582,-0.9954941272735596,-135.04098510742188,-0.9970847964286804,0.006005322095006704,-0.07606493681669235,4.701722145080566,0.010332129895687103,0.9983424544334412,-0.05661795660853386,45.15452194213867
0.07596088945865631,-0.05543789267539978,-0.9955684542655945,-134.91062927246094,-0.9970556497573853,0.00627551507204771,-0.07642380893230438,4.793302536010742,0.010484480299055576,0.9984424114227295,-0.05479796975851059,45.2034797668457
0.07632315903902054,-0.0536368191242218,-0.995639443397522,-134.78021240234375,-0.9970263838768005,0.006546362768858671,-0.07678214460611343,4.884941577911377,0.010636167600750923,0.9985390305519104,-0.05297768488526344,45.252174377441406
0.07668565958738327,-0.05183572694659233,-0.9957069754600525,-134.6497344970703,-0.9969969391822815,0.006817858200520277,-0.0771399438381195,4.976639747619629,0.010787193663418293,0.9986323714256287,-0.051157232373952866,45.30060958862305
0.07704849541187286,-0.050034504383802414,-0.9957711100578308,-134.5192108154297,-0.9969673752784729,0.007089997176080942,-0.07749731093645096,5.068397045135498,0.010937553830444813,0.9987223148345947,-0.04933649301528931,45.34878158569336
0.07741156220436096,-0.0482332706451416,-0.9958317875862122,-134.3886260986328,-0.9969375729560852,0.007362779695540667,-0.07785414159297943,5.160212993621826,0.011087249964475632,0.9988089799880981,-0.047515593469142914,45.396690368652344
0.07777485251426697,-0.04643191769719124,-0.9958891272544861,-134.2579803466797,-0.996907651424408,0.0076362136751413345,-0.07821042090654373,5.252087593078613,0.01123628206551075,0.9988922476768494,-0.04569442570209503,45.4443359375
0.07813837379217148,-0.044630564749240875,-0.995943009853363,-134.12728881835938,-0.9968774914741516,0.0079102898016572,-0.07856617122888565,5.344021320343018,0.011384650133550167,0.9989722371101379,-0.04387310892343521,45.49171829223633
0.07850223034620285,-0.042829107493162155,-0.9959934949874878,-133.9965362548828,-0.9968472123146057,0.008185009472072124,-0.07892148941755295,5.436013698577881,0.011532353237271309,0.9990488886833191,-0.0420515350997448,45.53883743286133
0.07886631786823273,-0.04102766141295433,-0.9960405826568604,-133.86573791503906,-0.9968167543411255,0.00846036896109581,-0.07927626371383667,5.528064727783203,0.0116793904453516,0.9991222023963928,-0.04022982344031334,45.585697174072266
0.07923062890768051,-0.039226122200489044,-0.9960842132568359,-133.73487854003906,-0.9967861771583557,0.008736374787986279,-0.07963050156831741,5.620174407958984,0.011825760826468468,0.9991921782493591,-0.03840786963701248,45.632293701171875
0.0795951634645462,-0.037424612790346146,-0.9961245059967041,-133.60397338867188,-0.9967553615570068,0.00901301670819521,-0.07998419553041458,5.712342262268066,0.01197146438062191,0.999258816242218,-0.036585789173841476,45.678627014160156
0.0799599215388298,-0.035623013973236084,-0.9961613416671753,-133.4730224609375,-0.9967244267463684,0.009290304034948349,-0.08033733814954758,5.804568767547607,0.012116500176489353,0.9993221163749695,-0.03476347774267197,45.72469711303711
0.08032502233982086,-0.033821456134319305,-0.9961947798728943,-133.34201049804688,-0.9966933131217957,0.009568220004439354,-0.08069007098674774,5.896853446960449,0.012260866351425648,0.9993820786476135,-0.0329410545527935,45.770503997802734
0.08069034665822983,-0.03201994672417641,-0.9962247610092163,-133.21095275878906,-0.9966620206832886,0.009846767410635948,-0.08104225248098373,5.98919677734375,0.01240456197410822,0.9994387030601501,-0.031118527054786682,45.81604766845703
0.0810559019446373,-0.030218370258808136,-0.9962513446807861,-133.07984924316406,-0.9966305494308472,0.010125956498086452,-0.08139389008283615,6.081598281860352,0.012547588907182217,0.9994920492172241,-0.02929578348994255,45.861328125
0.08142167329788208,-0.02841685153543949,-0.9962745308876038,-132.9486846923828,-0.9965989589691162,0.01040577795356512,-0.08174499124288559,6.174057960510254,0.01268994715064764,0.9995419979095459,-0.027472948655486107,45.906341552734375
0.08178767561912537,-0.02661527879536152,-0.9962943196296692,-132.81747436523438,-0.9965671896934509,0.010686238296329975,-0.08209554851055145,6.266575813293457,0.01283163484185934,0.9995886087417603,-0.025649910792708397,45.95109176635742
0.08215413987636566,-0.024813778698444366,-0.9963107109069824,-132.68621826171875,-0.9965351819992065,0.010967323556542397,-0.08244580030441284,6.359151840209961,0.012972652912139893,0.999631941318512,-0.02382679283618927,45.99557876586914
0.08252082020044327,-0.023012235760688782,-0.9963236451148987,-132.55491638183594,-0.9965030550956726,0.01124904677271843,-0.08279550820589066,6.451786041259766,0.013113000430166721,0.9996718764305115,-0.022003483027219772,46.03980255126953
0.08288773149251938,-0.021210776641964912,-0.996333122253418,-132.42356872558594,-0.9964707493782043,0.011531396768987179,-0.0831446722149849,6.544477939605713,0.013252675533294678,0.9997085332870483,-0.020180106163024902,46.083763122558594
0.0832548663020134,-0.019409285858273506,-0.9963392615318298,-132.29217529296875,-0.9964383244514465,0.011814383789896965,-0.08349329233169556,6.637228012084961,0.013391679152846336,0.999741792678833,-0.018356550484895706,46.12745666503906
0.08362222462892532,-0.01760789006948471,-0.9963419437408447,-132.16073608398438,-0.9964056611061096,0.012097993865609169,-0.08384137600660324,6.730035781860352,0.013530008494853973,0.999771773815155,-0.016532938927412033,46.1708869934082
0.08398980647325516,-0.015806594863533974,-0.9963412284851074,-132.02923583984375,-0.9963728785514832,0.01238222885876894,-0.08418891578912735,6.822901725769043,0.013667665421962738,0.9997984170913696,-0.01470928080379963,46.214054107666016
0.0843576118350029,-0.014005286619067192,-0.9963371157646179,-131.89768981933594,-0.9963399171829224,0.012667098082602024,-0.08453591167926788,6.915825366973877,0.013804649002850056,0.999821662902832,-0.012885459698736668,46.2569580078125
0.08472564816474915,-0.012204091995954514,-0.9963296055793762,-131.76611328125,-0.9963067770004272,0.012952587567269802,-0.08488236367702484,7.0088067054748535,0.013940958306193352,0.9998416304588318,-0.01106160320341587,46.29959487915039
0.0850939005613327,-0.010402897372841835,-0.9963186383247375,-131.63449096679688,-0.9962735176086426,0.01323870848864317,-0.08522827178239822,7.101845741271973,0.014076593331992626,0.9998582601547241,-0.009237597696483135,46.34196853637695
0.08546237647533417,-0.008601827546954155,-0.9963042736053467,-131.50282287597656,-0.9962400197982788,0.01352545153349638,-0.08557364344596863,7.194941997528076,0.014211554080247879,0.999871551990509,-0.00741356797516346,46.38407516479492
0.08583107590675354,-0.006800769828259945,-0.9962865114212036,-131.37110900878906,-0.9962064027786255,0.013812821358442307,-0.08591847121715546,7.288095951080322,0.014345839619636536,0.9998814463615417,-0.005589401349425316,46.42591857910156
0.08620000630617142,-0.004999849013984203,-0.9962652921676636,-131.23934936523438,-0.9961726069450378,0.014100809581577778,-0.08626274764537811,7.381307125091553,0.014479448087513447,0.9998880624771118,-0.0037652230821549892,46.467498779296875
