1.0000000241153333,-2.9570993854600573e-09,1.2581246766618648e-08,0.0,-2.9570993854600573e-09,1.0000000154139317,2.3439844623142413e-10,0.0,1.2581246766618648e-08,2.3439844623142413e-10,1.0000000335941244,0.0
0.9999967321279436,-0.000500661552456658,-0.0025133518270077926,0.1455496496830051,0.0005009020779651686,0.999999890733871,9.703230211576448e-05,0.045814633066867394,0.0025133091956337505,-9.829022743153282e-05,0.999996883845284,0.06703584844636623
0.9999869016880647,-0.0010010468331618765,-0.005026698703330779,0.2909009213012723,0.0010020271581600985,0.9999995012340281,0.00019280870648939692,0.0917090854887701,0.005026522190309218,-0.00019784304324597934,0.9999873855389179,0.13443367861265187
0.9999704663140394,-0.0015011622581173906,-0.007540042772476885,0.4360688418291545,0.0015033680868741335,0.9999988471170865,0.000287329328310645,0.13768252707365836,0.007539617371645019,-0.0002986563458488162,0.9999715411406614,0.20219097425718502
0.9999474498289695,-0.0020011213742193506,-0.010053463688751485,0.581038358705058,0.002005047616608747,0.9999979346662382,0.00038057206364081617,0.18373531188270364,0.010052696510857162,-0.0004007100006592143,0.9999494244229922,0.2703102559062245
0.9999179435469782,-0.0025008102596669546,-0.012566837773510364,0.725808867522602,0.002506940228758234,0.9999967575982915,0.0004725565842153309,0.22986791604644408,0.012565623448570096,-0.0005040219033307716,0.9999209542416309,0.33878775695891505
0.9998818251480031,-0.0030002213848116,-0.015080150351973937,0.8703959996624917,0.00300905240919533,0.9999953155078792,0.0005632820792997652,0.2760790332422909,0.015078388449826091,-0.0006085921343293166,0.9998861281393103,0.4076247277744187
0.9998390946320443,-0.00349936181788078,-0.01759337695568733,1.0147840725695403,0.003511384157920034,0.9999936088003687,0.0006527468082218883,0.32236901753107583,0.01759099151462515,-0.0007144178575862747,0.9998450024533233,0.4768199265627544
0.9997898644755138,-0.003998220898109819,-0.020106502909870927,1.15897311183096,0.004013928989054296,0.9999916965867527,0.0007409499602472762,0.3687383450436772,0.02010338359173308,-0.0008215000909994608,0.9997975747264027,0.5463733490393068
0.999734034306662,-0.004496812071313633,-0.022619626506653612,1.3029630918595387,0.004516689668710321,0.9999894602396788,0.0008278889602321771,0.41518653964921626,0.022615687248597305,-0.0009298348125370143,0.9997438009829069,0.6162849994886841
0.9996716408762947,-0.004995125195080498,-0.02513263477912686,1.4467533826616545,0.005019666673710941,0.9999870185891834,0.0009135655725859189,0.4617136013473533,0.025127760353743533,-0.0010394232483951354,0.9996837227412103,0.6865511155945967
0.9996027014107999,-0.005493166281706124,-0.02764561134463997,1.5903446142309008,0.005522860004065462,0.9999842526025468,0.0009979764114303256,0.508319530138428,0.027639705783007673,-0.0011502620310916978,0.9996172935684039,0.7571754596733271
0.9995271738747633,-0.005990925227230548,-0.030158301019766964,1.7337361565736842,0.006026265939978798,0.999981281109805,0.0010811215242289595,0.5550043260221007,0.030151273728547395,-0.0012623526164564636,0.9995445916034384,0.8281542694085928
0.9994450978426866,-0.006488415515920443,-0.0326709394820249,1.8769279841027071,0.006529888201244704,0.9999779854836058,0.0011629992420440947,0.6017675128674922,0.032662699301656994,-0.0013756912120911347,0.9994654750066367,0.8994875490849807
0.9993564460446311,-0.0069856232213139045,-0.03518337950237524,2.019905069843702,0.007033723068076073,0.9999744843513019,0.001243608658675021,0.6486099208666527,0.03517382087378207,-0.0014902789696080443,0.9993801004282263,0.971177814944177
0.9992612359068852,-0.0074825548644466555,-0.03769573404772644,2.162682440770965,0.007537774260254695,0.999970718399217,0.001322948009712411,0.695530719827532,0.03768474128728516,-0.001606112672415061,0.999288426349833,1.0432225507445025
0.9991594890149782,-0.007979210329963418,-0.04020774801609414,2.305260084090861,0.00804203481505045,0.9999666876273513,0.0014010175810212765,0.7425296716846912,0.04019523029835076,-0.0017231916316114981,0.9991903496205603,1.1156217586282366
0.9990511552383543,-0.008475472027368487,-0.04271950359405821,2.4476223428354444,0.00854639266246182,0.9999623855498295,0.0014778388567862999,0.7896076066298399,0.042705386953009045,-0.0018415343571677734,0.9990860048714015,1.1883741925207971
0.9989362727657899,-0.008971453455493314,-0.0452312327459673,2.5897848739726896,0.009050963115453267,0.9999578184498435,0.0015533868002936256,0.836763694471268,0.04521540126871054,-0.001961120427461105,0.9989753705099071,1.2614810984967733
0.9988148268318096,-0.009467154853915596,-0.047742812992579736,2.7317319949473813,0.009555746174016822,0.9999530460464369,0.0016276587646437339,0.8839982892698073,0.047725185066167436,-0.0020819483859465526,0.9988583655926382,1.3349412347661627
0.9986867680182611,-0.009962582273382804,-0.050253998894169705,2.87347874552745,0.010060738118353415,0.9999479493068901,0.0017006566571811162,0.9313107988988465,0.050234444447893434,-0.002204015094775552,0.9987350094556167,1.4087520829449716
0.9985521933236771,-0.010457611957296484,-0.052764985454300195,3.015010085944965,0.010565824112374568,0.9999426407780475,0.001772402987510495,0.978701815484996,0.0527434351268829,-0.002327341512866399,0.9986053951863565,1.4829161614171937
0.9984110599266192,-0.01095235994034769,-0.05527550912663942,3.1563404003870232,0.011071123188773384,0.9999370075076978,0.0018428720030947675,1.026170270770427,0.05525186210102975,-0.002451905613598815,0.9984694786544666,1.557427193767147
0.9982633920364122,-0.011446827278468207,-0.05778571217767997,3.297455291872865,0.011576627908018174,0.9999311689339277,0.0019120644909365765,1.0737169949475298,0.057759872402760426,-0.0025777079283863524,0.9983272232477388,1.6322914585527997
0.9981091348005757,-0.011940899079696109,-0.06029569160019799,3.4383541176152903,0.012082229919877245,0.9999250590545027,0.001980002054413356,1.121341749950524,0.060267535651535836,-0.0027047634463898684,0.9981785847729551,1.7075051956001701
0.9979483332279401,-0.012434685481782018,-0.06280527211494838,3.5790368776143,0.012588037574576976,0.9999186839499304,0.002046657987334362,1.1690445357794106,0.06277472344170315,-0.002833054197371898,0.998023715183385,1.7830684049092582
0.9977809877183059,-0.012928193360694631,-0.06531447345920696,3.719503571869865,0.013094058311662342,0.9999120440255788,0.0021120313597458415,1.2168253524341885,0.06528143570631573,-0.0029625761970960562,0.9978624969150128,1.8589810864800569
0.9976071062405347,-0.01342130531819704,-0.06782338746330349,3.8597535575947575,0.013600165658876657,0.999905132795572,0.0021761473755996506,1.2646839618490793,0.06778776176275458,-0.003093349103700571,0.9976950057791668,1.935239480138577
0.9974265946568073,-0.013914127755308585,-0.07033177514931124,3.9997874519889365,0.014106481891854709,0.9998980158567786,0.0022389801631446725,1.3126201259589827,0.07029346052762675,-0.00322535226765136,0.9975211413248993,2.011847350343402
0.9972395988211243,-0.01440655685418843,-0.07283983152079321,4.139604625058837,0.014612888931565005,0.9998905680959709,0.0023005522319856295,1.3606338447635595,0.07279871909866548,-0.003358602128772259,0.9973409966397243,2.0888009347782415
0.9970460291176911,-0.0148987036931637,-0.07534731243737625,4.2792050768044305,0.015119501614100013,0.9998829150317436,0.002360841310945827,1.4087251182628098,0.07530332585252036,-0.0034930805593386682,0.9971545912772406,2.166100233443103
0.996845972301589,-0.015390446196689701,-0.07785444253352461,4.4185887944320825,0.015626197663820958,0.9998749902564948,0.0024198680497277965,1.4568937083912932,0.07780747778294053,-0.003628804695679333,0.9969618419831229,2.2437452484802733
0.9966392931620691,-0.01588190160919631,-0.08036109083567408,4.557755765148187,0.016133110038854603,0.9998668002561,0.0024776046929730253,1.5051393770835704,0.08031104644449125,-0.003765753961121776,0.996762726826069,2.321735982032049
0.9964261047616672,-0.01637296689961215,-0.08286725073210024,4.696705988952715,0.016640105781062224,0.999858339355418,0.0025340818096064896,1.5534621243396423,0.08281402801367543,-0.00390394371946845,0.9965573655679434,2.40007243409843
0.9962063474153401,-0.016863737530908238,-0.08537286512288797,4.835423808877749,0.017147307166097216,0.999849612824223,0.0025892663985105733,1.601862780351218,0.08531638715877171,-0.004043358457749169,0.9963457486474635,2.4787533586048234
0.9959800906517811,-0.017354106889088956,-0.08787807988774801,4.9739242391039795,0.017654591918311497,0.9998406745037342,0.0026431844743502937,1.6503402768608089,0.0878182179976934,-0.0041840117790040154,0.996127719188457,2.5577762414518332
0.995747238858183,-0.01784408129406409,-0.09038261990607821,5.112207266837771,0.018161963280622834,0.9998314053612316,0.0026958407343154567,1.6988943758029755,0.09031930991128989,-0.004325902152819361,0.9959034728604167,2.6371410847817494
0.9955078866614285,-0.01833376440986744,-0.09288671276087396,5.2502578651048,0.01866953704282916,0.9998219305099434,0.002747200961464365,1.7475259073697673,0.0928198283579213,-0.004469012220837121,0.9956729269027489,2.7168504048362685
0.9952620083772046,-0.018823041421440603,-0.09539023915484435,5.3880910480857835,0.01917720161174514,0.9998121839476346,0.0027972940077602816,1.7962338033036946,0.09531965676940368,-0.0046133574314852765,0.9954360613393187,2.796901687515984
0.9950095691159169,-0.019311919589269866,-0.0978932581869087,5.525691158812748,0.0196849453512318,0.9998021660796723,0.002846115676595922,1.8450188937964684,0.09781895207417923,-0.0047589360968630645,0.9951928860661421,2.877293686746313
0.9947505412214034,-0.019800505545085126,-0.10039568300779178,5.663073854253639,0.020192894733535194,0.9997919425029248,0.002893638784929802,1.8938803486563778,0.10031750738248307,-0.004905728945237775,0.9949433865404552,2.9580276486018455
0.9944850273264255,-0.020288812561668382,-0.10289734678259604,5.800223464646905,0.020701043272771957,0.99978139459004,0.002939862664973293,1.9428187600096942,0.1028152148568891,-0.005053730921226518,0.9946876556950225,3.0391023291502783
0.9942130160753275,-0.020776702322996846,-0.1053986015875733,5.93713997719891,0.021209267739644364,0.9997706340771273,0.0029848107325265117,1.9918338897909775,0.10531240878861514,-0.005202966129915554,0.9944255711809383,3.1205177305339085
0.9939344101939912,-0.021264195285435286,-0.10789918219574685,6.073837788890387,0.021717586256158803,0.9997595427422022,0.0030284867548308254,2.040924907807838,0.10780886372806936,-0.0053534273687541045,0.994157269889872,3.2022675741947637
0.993649301671926,-0.02175128520597744,-0.11039899034645434,6.21030248994694,0.022225977457336638,0.9997482396179841,0.0030708944753745585,2.0900924061872264,0.11030441318552703,-0.0055051166274229235,0.9938826144992498,3.284358140833106
0.9933577056744083,-0.022237956640808507,-0.11289806565121474,6.346533450375006,0.02273444878273082,0.9997367238937389,0.003112025977788568,2.139336384928802,0.11279914527332935,-0.005658031770518046,0.9936017325109446,3.366785668132657
0.9930595688239456,-0.022724230661521405,-0.11539645709691293,6.48253065738092,0.02324301091482668,0.9997248773474816,0.0031518838134741932,2.188656605967126,0.11529309914669472,-0.005812169269625689,0.9933145112587389,3.4495501582357093
0.9927549001645866,-0.023210093687720063,-0.11789424328837705,6.618294110964712,0.023751648974539578,0.9997128186065644,0.0031904654072983144,2.2380530693021985,0.11778633372570846,-0.0059675323430602445,0.993021024339375,3.5326516111422634
0.9924436800090306,-0.023695548148775947,-0.12039126723435983,6.753823798332746,0.02426036296185888,0.9997004881546279,0.0032277700914669864,2.2875255368685794,0.12027873143798662,-0.006124115862577217,0.9927213058994252,3.616090028994609
0.9921259826214732,-0.024180601382078865,-0.12288763717059059,6.889119719484995,0.024769164512944825,0.9996878863970392,0.003263793430944897,2.33707400866627,0.12277037049985473,-0.006281918599542968,0.9924152531937928,3.69986541179275
0.991801733337918,-0.024665238559042166,-0.12538325455506505,7.024181231634259,0.025278034552092196,0.9996750125230641,0.003298542650591411,2.38669824662949,0.125261172761934,-0.006440942092690527,0.9921029101562775,3.7839739993626935
0.9914710163032282,-0.025149470540810667,-0.12787796259643625,7.159008334780509,0.025786988912041935,0.9996619268597973,0.003332013362840093,2.4363982507582387,0.12775091261357446,-0.006601180746188873,0.9917843109669254,3.868415791704443
0.9911337428505163,-0.02563328569720437,-0.13037182039362344,7.293585989155787,0.026296019199595417,0.9996485690801444,0.0033642013710836593,2.486174613179128,0.13023978620538348,-0.006762635563197783,0.9914594655217521,3.953193307201982
0.9907900016096524,-0.026116698241581776,-0.13286511277946256,7.427929215337599,0.02680512961137588,0.9996349399948402,0.003395102669668661,2.5360263846673883,0.13272795999992099,-0.006925301330847233,0.9911283006465516,4.038304030684767
0.9904397331189339,-0.026599700990360117,-0.13535745652903858,7.5620380069291855,0.027314312707806446,0.9996210391985174,0.0034247256992785435,2.585953446190298,0.13521508134698215,-0.0070891801963051115,0.9907909334744347,4.123747963223941
0.990082952143836,-0.027082293482118283,-0.13784893052852182,7.69591172754005,0.027823568488895088,0.9996068666911762,0.003453064403409147,2.635955678714799,0.13770123842585485,-0.007254269403968672,0.9904472563457702,4.2095213435743695
0.9897196590841598,-0.027564465181059816,-0.14033952488428675,7.82953534379908,0.02833290439418679,0.9995924815838092,0.003480119712008909,2.686033793400221,0.14018643116959245,-0.0074205707180448055,0.9900973280383817,4.295626689048891
0.9893499073173977,-0.028046233345142835,-0.14282923969628364,7.96292387628381,0.028842309741196212,0.9995778251707914,0.003505889765191585,2.7361868410217953,0.14267062042297649,-0.007588077471555987,0.9897411485690057,4.38206148447696
0.9889736321474187,-0.028527473238740622,-0.14531804361594902,8.096062285226225,0.029351676179686353,0.9995628905608802,0.0035304101392132268,2.7864154137061314,0.14515381701927596,-0.007756810551274085,0.9893787126883746,4.468828248242563
0.9885908592585362,-0.029008298600262328,-0.14780603703436618,8.228965597600705,0.029861115302842547,0.999547743756311,0.0035536392013189376,2.8367186812611793,0.14763613752667484,-0.007926748079031376,0.9890099767723166,4.555924464104006
0.988201656830735,-0.029488705290724795,-0.1502929937678426,8.361618143645671,0.03037062062476282,0.9995323248353568,0.0035755851300429855,2.8870972358132097,0.15011726835607533,-0.008097890747888248,0.9886350238157388,4.643348888128994
0.9878058881412612,-0.029968707369679493,-0.15277907145730202,8.494019923361122,0.03088020187428152,0.9995166346087525,0.003596236503918722,2.9375510773622233,0.15259747413945243,-0.008270232426440427,0.9882538197808568,4.731101520317527
0.9874036069674084,-0.030448289700925696,-0.15526432905173837,8.62618595092772,0.0313898558084583,0.9995006722657636,0.0036155919161682307,2.98807913765073,0.15507671565464107,-0.008443772816352446,0.9878663745385815,4.819179846570201
0.9869949095451245,-0.030927339332823725,-0.15774858760521537,8.75810119297438,0.03189945690869011,0.9994844912422417,0.0036336946447364064,3.03868212783806,0.15755488613536164,-0.008618532719770644,0.9874726581247106,4.90758638419986
0.9865796666606732,-0.03140609333741183,-0.16023172362397858,8.889765643104226,0.032409249726278413,0.9994680449935784,0.0036504684580189843,3.0893599288914944,0.1600318561319796,-0.00879446677363982,0.9870727102949228,4.99632113427765
0.9861579730379973,-0.03188431019605453,-0.16271407704177476,9.021178664926879,0.03291898551332775,0.9994513201426554,0.0036659795492050323,3.140112421777972,0.16250791195562503,-0.008971619197007064,0.9866664671015611,5.085380335558433
0.9857297817334351,-0.03236212121273317,-0.16519526653274297,9.15234025204552,0.033428798181618535,0.9994343239860826,0.0036802010211393404,3.1909394874647745,0.16498272907720263,-0.009149963281795626,0.9862540459957332,5.174763989113355
0.9852951703338038,-0.03283950789903334,-0.1676754299820225,9.283250398063302,0.033938669609133734,0.9994171152294861,0.0036931244805967095,3.2418410069191816,0.16745641537392042,-0.009329498346709042,0.9858353491970867,5.2644720960135665
0.9848540646991231,-0.033316363546321615,-0.17015449659796483,9.413909096583438,0.034448498885176,0.9993996282759976,0.0037047885320852713,3.2928168611084736,0.16992892282590877,-0.009510243204212898,0.9854104252861695,5.35450465733021
0.9844065098382232,-0.03379280524522084,-0.17263237003747023,9.54431633801073,0.03495839435997172,0.9993818696114928,0.003715159482967001,3.3438668714835718,0.1724001230275149,-0.009692176359100468,0.9849793185649883,5.444861674670008
0.9839524747081477,-0.034268704600276534,-0.17510923529201738,9.674471482756275,0.035468232804212525,0.9993638918610889,0.003724264730968998,3.3949908594950555,0.1748702326975728,-0.009875316478114127,0.9845419995755601,5.5355393873233965
0.9834919903518531,-0.03474418939171503,-0.1775849172137779,9.80437452762169,0.03597813744720678,0.999345642399669,0.0037320768783588466,3.446188765626564,0.17733903511724844,-0.010059641220374504,0.9840984389896758,5.62653779582595
0.9830250212043586,-0.035219134730102575,-0.18005954204513697,9.934025463011807,0.036487992499188444,0.9993271143359906,0.0037386210098690727,3.49746041132902,0.17980671754533323,-0.01024517055411922,0.9836485975119151,5.717856901784383
0.9825516456891006,-0.035693551476583985,-0.18253290310831105,10.063424282529724,0.03699779891380584,0.9993083679971483,0.003743906925508109,3.5488056775697023,0.18227302511197463,-0.010431898883517254,0.9831926218379116,5.809496706269851
0.9820717519680364,-0.03616754172165412,-0.18500535637761006,10.192570979778708,0.037507663133988706,0.9992892896201958,0.003747885505512516,3.6002244453158925,0.18473833915122495,-0.010619811002253288,0.9827303902714895,5.901457210353492
0.9815854416357577,-0.0366409998687974,-0.18747649687333062,10.32144988819553,0.038017471277257,0.9992700524844395,0.0037506054165320876,3.651717366210219,0.18720221960978656,-0.010808920815147394,0.9822619558684582,5.993737169567442
0.9810927122835972,-0.037114147374695955,-0.18994654578309994,10.450076028357756,0.03852744977292176,0.9992504897964491,0.0037519682755549895,3.703283491027914,0.18966493884619257,-0.010999185573898784,0.9817872952318313,6.086334068741152
0.9805934686092858,-0.03758676505823208,-0.1924153805612454,10.578434366894214,0.03903737867755798,0.9992307088332956,0.0037520633808474473,3.7549235309283073,0.19212636173243197,-0.011190641980029503,0.9813063878415321,6.179250425187462
0.9800878230892351,-0.03805884175064689,-0.19488298127059084,10.706539922783207,0.03954725150528761,0.9992106492678843,0.0037508953821357056,3.806636506928448,0.1945864392172706,-0.011383293792302074,0.9808193512281029,6.272483724003614
0.9795757757234453,-0.03853037425353373,-0.19734936754846172,10.834377661054418,0.040057068256110655,0.999190370616575,0.0037484652093522546,3.858423100429488,0.19704517130070842,-0.011577141546289749,0.9803260678107915,6.36603648277023
0.9790572684881843,-0.039001489270469675,-0.19981447355074494,10.961961971492116,0.04056693632659187,0.9991698202542513,0.003744719402636099,3.910282347327227,0.19950253748146546,-0.011772156471373418,0.9798265869986106,6.459902424134377
0.9785322957862406,-0.039472062373442085,-0.20227828668515946,11.089277819925599,0.04107675156310154,0.9991489912896705,0.003739709108864293,3.9622149439019063,0.2019585386967948,-0.011968361291393448,0.9793209671174938,6.554084065542785
0.9780009750158508,-0.03994208974881616,-0.20474082693885653,11.2163402261327,0.041586507479764265,0.9991279432391924,0.0037334287483674687,4.014219926049664,0.20441315528855836,-0.012165752867786095,0.9788090906452676,6.648578891958806
0.9774631391237085,-0.040411581009546144,-0.20720213392335518,11.343134155143161,0.042096198926308497,0.9991066169918251,0.0037258704047764845,4.066297975171652,0.2068664756640486,-0.012364323925138976,0.9782910850838044,6.743389420963062
0.9769189502412952,-0.04088052623506372,-0.209662138577627,11.46965896876739,0.042605831053003126,0.9990850716585611,0.00371704223287788,4.118448938756858,0.209318382022877,-0.012564079901795977,0.9777668179999603,6.838511891611677
0.976368287123736,-0.04134905594258076,-0.21212081386947612,11.595915290402331,0.04311552193889293,0.9990631950979233,0.0037068977355314767,4.170672694053131,0.21176883423279005,-0.012764995165701731,0.9772364661707278,6.933950067325558
0.9758112516041906,-0.04181715289187343,-0.21457800258924625,11.721917510032142,0.0436252502190046,0.9990411654536243,0.0036954420630035145,4.222968280676041,0.21421772459025498,-0.012967070715141138,0.9766998824026223,7.029697670718292
0.9752478093170809,-0.04228470927992478,-0.2170338993406995,11.847650592886367,0.04413492242220701,0.9990187976907092,0.0036827051644436966,4.275336383746514,0.21666524015322317,-0.013170324601532668,0.9761571597162108,7.125757219337032
0.9746779204509874,-0.04275171840230743,-0.2194886809023341,11.97311390097542,0.04464452691235855,0.998996210841898,0.00366868584774909,4.327776854473307,0.21911150845704086,-0.013374756058954329,0.9756081464092738,7.222124952204428
0.9741016880754896,-0.04321819048720377,-0.22194178677098586,12.098308057096489,0.045154068839696214,0.998973345796198,0.003653403045137299,4.380289558944954,0.22155605898416805,-0.013580361486130732,0.9750531112334588,7.318804632841804
