0.9999999699669843,-9.571300121648937e-16,8.329041200567434e-16,0.0,-9.571300121648937e-16,0.9999999699669828,7.439269617772642e-16,0.0,8.329041200567434e-16,7.439269617772642e-16,1.0000000000000024,0.0
0.9999910692131466,-0.0020203699033364744,0.003715759884208498,0.1556288842310778,0.002017984889371338,0.99999772982833,0.0006454016680790547,-0.05257763042319041,-0.0037170556496050966,-0.0006378975636775903,0.9999929071955631,0.028137214985278547
0.9999642152509014,-0.004042970946380433,0.007430065186716237,0.31147774483304147,0.0040334396462632085,0.9999909806379952,0.0012982945224198612,-0.1048211152686207,-0.007435247452708695,-0.0012682793436757493,0.9999715688807947,0.05572892826386777
0.99991950736556,-0.006067945552382507,0.011142978419836353,0.46753147203051526,0.006046487694605673,0.999979757807052,0.001958667882814986,-0.15673263460498177,-0.011154638800016119,-0.001891134349254643,0.9999359850557006,0.08277513983515661
0.999856886858,-0.008095279046564484,0.014854326029275361,0.6237899002196912,0.008057118684161882,0.9999640639230608,0.0026265097966190966,-0.20831124924643518,-0.014875055534208256,-0.0025064508806738432,0.9998862153249178,0.10927584969912374
0.9997763744287054,-0.010124829005677639,0.018564171497029408,0.7802380024272964,0.010065215216700684,0.9999438635749486,0.003301808852298039,-0.2595596088546763,-0.018596559122571552,-0.003114218111301419,0.9998222000838048,0.13522724315789958
0.9996779959532703,-0.012156463356713935,0.02227233895541179,0.9368906400229093,0.012070630544438556,0.999919180050757,0.0039845487864755775,-0.31047412458225665,-0.022318979133070512,-0.0037144248652612112,0.999743998936999,0.16062932021205256
0.9995617333187711,-0.014190324522923084,0.025978776255267157,1.0937327860330583,0.014073467390827881,0.9998900487615597,0.0046747196451683215,-0.3610574460907827,-0.0260422559610634,-0.004307059268197395,0.9996515522798535,0.18548208086099294
0.9994276046381264,-0.016226230381258262,0.029683425724984506,1.2507793018275493,0.016073623032418768,0.999856380772289,0.0053723052508596655,-0.41130598453289124,-0.029766335589837847,-0.0048921101442291675,0.999544919717011,0.2097817104080164
0.9992756124988994,-0.018264205956739242,0.03338635478917073,1.4080150776308358,0.018071082794431016,0.9998182321944997,0.006077298648722107,-0.4612219199771914,-0.03349128507461879,-0.005469568878625035,0.9994240416438297,0.23353202354977753
0.9991057413757214,-0.020304353972817584,0.03708738752824118,1.5654401134431168,0.020065934725540895,0.9997755849152712,0.006789689232978526,-0.510805252423765,-0.037216925601474514,-0.006039424295518195,0.9992889776649471,0.2567292055890178
0.9989179532699511,-0.02234654235648521,0.040786347397397574,1.7230392166871127,0.022058051077281735,0.9997284622226448,0.007509459217097897,-0.5600576923483835,-0.040943083944405,-0.006601666150355065,0.9991396681757109,0.2793732565251048
0.9987123249936276,-0.02439063903473408,0.04448330502707162,1.8808273315344195,0.024047339476441647,0.9996768874046625,0.008236594191637702,-0.6089761204965995,-0.04466982715863023,-0.0071562832672594865,0.9989761727807693,0.3014603616613556
0.998488805610314,-0.026436648332102717,0.04817820218815446,2.0387893482096047,0.02603374554844502,0.9996207991746495,0.008971081140821294,-0.6575627169370257,-0.04839709936479678,-0.007703264936020697,0.9987984914801202,0.3229943356944318
0.9982474512315572,-0.028484536574496046,0.05187086760894062,2.196940210884293,0.02801729431831507,0.9995602639944012,0.009712904552559028,-0.7058143624152144,-0.05212472547425872,-0.008242601377751648,0.9986065646691117,0.3439713639276434
0.9979882670324756,-0.030534322761231292,0.055561246521806364,2.3552648097831934,0.029997956436495495,0.9994952179896828,0.01046205323309437,-0.7537332369998531,-0.05585265333295098,-0.00877428234790345,0.9984004519523861,0.36439144636037923
0.9977112124268779,-0.032585845469742886,0.059249405939029595,2.5137480351309023,0.03197561882929324,0.9994256896236562,0.011218511839476681,-0.801321520759636,-0.05958094254551766,-0.009298298533243923,0.998180153329947,0.3842545829920354
0.9974162693018356,-0.034639222098261,0.06293517309802286,2.6724048310990725,0.03395038422016306,0.9993516581958403,0.011982273314812391,-0.8485760944401157,-0.06330942547389835,-0.009814641551874576,0.9979456688017868,0.4035569591259218
0.9971035222320576,-0.0366943455987969,0.06661837416517183,2.8312351976877608,0.0359221162115622,0.9992732031058316,0.012753315223215812,-0.8954969580412921,-0.06703792702944235,-0.01032330209056672,0.9976969983678986,0.42229857476203847
0.9967729686299917,-0.03875120562111036,0.0702991880683499,2.990223942319659,0.037890829478265386,0.9991902656545153,0.013531631109602016,-0.942085822038937,-0.07076662975137471,-0.010824269904770298,0.9974341420282902,0.4404794298997601
0.9964245523840708,-0.040809747790625,0.07397733082174598,3.1493709821928633,0.03985649899525942,0.9991027949054573,0.014317201102563248,-0.988342216840131,-0.07449525051763466,-0.011317534749933498,0.9971571593875943,0.45809952453907954
0.9960583347809719,-0.042870007482601204,0.07765287117072164,3.3086763173073734,0.04181912043800527,0.9990109056693273,0.015110021483458668,-1.0342661424448778,-0.07822383403170301,-0.01180308917547978,0.9968659312365247,0.47515885867998975
0.9956742804096205,-0.04493185694856877,0.08132575205359717,3.468139782059467,0.04377855138325439,0.998914559947492,0.01591007261566681,-1.079856659667417,-0.0819523504912558,-0.012280926662144708,0.9965605767843687,0.49165361762519666
0.9952723866824478,-0.04699524181395148,0.08499580321448662,3.627746349475757,0.04573480650578976,0.9988137068035172,0.01671733322610091,-1.1251164181693625,-0.08568060618119792,-0.01275103324008617,0.9962410364264747,0.5075838013741034
0.9948527355866085,-0.049060084380317975,0.08866296815774166,3.7875108809258506,0.047687764082844315,0.9987084204618791,0.017531780468030347,-1.1700418291032655,-0.08940856384862017,-0.013213401458721798,0.9959073697674853,0.5229494099272856
0.9944152723043254,-0.051126344947870495,0.09232720344527023,3.947418349436248,0.04963739175201061,0.9985986473985832,0.01835340325402007,-1.2146355421307327,-0.09313616388887945,-0.013668022936145515,0.9955595768073989,0.5377504432841391
0.9939600348342347,-0.05319414392769031,0.09598856066116893,4.107468672205101,0.051583817261757814,0.9984844269060432,0.019182209379415557,-1.2588970876588483,-0.09686346590662168,-0.014114893947073144,0.995197597941573,0.5519869014446499
0.9934870451705854,-0.05526335357130761,0.09964676654308112,4.267661766430621,0.05352691587647296,0.998365720985626,0.020018161063265417,-1.302825996094775,-0.10059018677978046,-0.014553999590337074,0.994821492774641,0.5656549697115381
0.9929962459080456,-0.057333962216795084,0.10330187479770872,4.427997549310675,0.05546666990852454,0.9982425922177868,0.020861254063012008,-1.3464217978455117,-0.10431639356358331,-0.014985337071970445,0.9944312613066056,0.5787584627820621
0.992487660334654,-0.05940582442805261,0.10695384370526133,4.588460993872047,0.057402947284905505,0.9981149451985571,0.02171146754625003,-1.3896871425727504,-0.10804201920280093,-0.015408898010061638,0.9940269035374653,0.5912935659583525
0.9919614058486337,-0.0614789609055618,0.11060249522772414,4.7490520173130335,0.059335768706100446,0.9979828973261672,0.022568781468341532,-1.4326215606836534,-0.11176691468581672,-0.015824675885356104,0.9936084194672126,0.6032564645431222
0.9914173663455371,-0.06355334662430372,0.11424790621602213,4.909785481002956,0.06126510613423769,0.9978463924890625,0.02343318904785474,-1.4752214633306941,-0.1154911247161187,-0.016232660453303203,0.993175868700496,0.6146509732342196
0.9908555824115507,-0.06562909164511936,0.11788989681276485,5.070646357968428,0.06319107264301257,0.9977054112805419,0.02430468055835419,-1.5174895001754791,-0.11921448538093446,-0.016632838675391275,0.992729191632663,0.6254770920310406
0.9902760954476352,-0.06770595684701122,0.12152841308964882,5.231619621236206,0.06511343343596646,0.9975600563882433,0.025183218592977247,-1.5594283208797037,-0.12293695197677347,-0.017025206826321814,0.9922684478683569,0.6357310062357229
0.9896788860470864,-0.06978403892772796,0.12516342323085092,5.392720132175839,0.06703229857394126,0.9974101897134557,0.02606881196350075,-1.6010343365959159,-0.12665845744841359,-0.01740976118080573,0.9917935778029312,0.6454127158488348
0.9890639774979442,-0.07186321616450202,0.12879484157310064,5.5539328638139125,0.06894753598392926,0.9972558932433356,0.026961431616254666,-1.6423101969857292,-0.13037896454294795,-0.0177864942882589,0.9913047006456724,0.6545222208697865
0.9884313905006866,-0.07394336080886334,0.1324226649837991,5.7152727603219375,0.0708590282677023,0.9970971289792497,0.02786105241094088,-1.6832527827946144,-0.1340983987545671,-0.018155396835449162,0.9908016971872915,0.6630595212991466
0.9877811069423913,-0.07602458894735505,0.13604680226068233,5.87672471192468,0.07276687814871209,0.9969339975002867,0.02876767670708627,-1.7238642740913441,-0.13781673028095168,-0.018516466959738638,0.9902846270324291,0.6710208024390454
0.9871131868159402,-0.0781068798794964,0.13966697159108293,6.038288677221118,0.07467108863981646,0.996766381408217,0.029681272308763194,-1.764144436079377,-0.14153366109887527,-0.018869691622607813,0.9897536093903632,0.6784098789867485
0.9864275908289227,-0.08019011188251975,0.1432832661988014,6.199949546435988,0.0765715393299327,0.9965943626901973,0.030601825391771278,-1.804095448827482,-0.14524926571414293,-0.019215065236117712,0.9892084654471638,0.6852229362443651
0.9857243815617962,-0.0822742746061846,0.14689573245314252,6.361722305141797,0.07846821855713237,0.9964178826471126,0.031529330419776715,-1.8437144278776003,-0.14896358883023522,-0.0195525840749763,0.9886493740167673,0.6914599742124921
0.9850035223097006,-0.08435924632772326,0.15050420990188057,6.523591884964134,0.08036099123555893,0.9962370232661195,0.03246375342657305,-1.8830037880948716,-0.15267648143553889,-0.019882244413889753,0.988076215889878,0.6971209928905253
0.9842650497774866,-0.08644511942034655,0.15410863750092163,6.685558203101067,0.0822499924510735,0.9960517077351821,0.03340509736093914,-1.9219630598863802,-0.15638788392541048,-0.02020403693963468,0.987489050671138,0.7022059922784578
0.9835089885469733,-0.08853179417345486,0.157708974541241,6.84762121815163,0.0841350827932795,0.9958620141601167,0.03435333565813425,-1.96059200845567,-0.16009773669520108,-0.020517957926918132,0.9868878783605459,0.7067149723762682
0.9827353593186409,-0.09061911047616952,0.1613051821736202,7.009780888715113,0.08601614486394778,0.9956678497245153,0.035308431205921725,-1.9988903990063598,-0.16380600994258487,-0.02082399433721504,0.9862727585627459,0.710644118486691
0.9819441413919994,-0.09270720642720144,0.16489707767009426,7.172037173390265,0.08789329606131238,0.9954693111261261,0.03627039055769876,-2.0368579967419116,-0.1675125099524698,-0.021122151758468998,0.9856436316730848,0.7139972453069774
0.9811353593488691,-0.09479594995354289,0.16848462274747084,7.3343749624019665,0.08976639697497606,0.9952664216529913,0.03723917339112217,-2.0744969817310945,-0.1712172069225293,-0.021412411564223254,0.9850006169008514,0.7167705381392651
0.9803090705945867,-0.09688531301732309,0.17206786304731647,7.496794214349279,0.09163546529256787,0.9950590652006609,0.03821477829713313,-2.1118071191774526,-0.1749201455562449,-0.021694775617119192,0.9843435950367583,0.7189639969835326
0.9794652190175912,-0.09897529863139336,0.17564666390905986,7.65929488783118,0.09350047598907169,0.9948473017620301,0.039197196662470186,-2.148788174284526,-0.17862117684200654,-0.02196924391715825,0.9836726256854444,0.7205776218397872
0.9786038439102875,-0.10106602720683522,0.17922083051751223,7.821876900045794,0.09536154947557286,0.9946311706295125,0.04018641777819423,-2.1854396774593923,-0.1823201070647196,-0.022235807151120814,0.9829877684515465,0.7216114127080004
0.9777250453727573,-0.10315724625955933,0.1827904457073366,7.9845402509931205,0.09721846130585048,0.9944106557987362,0.041182400927445094,-2.2217616287020583,-0.18601702563134195,-0.022494457868414895,0.982288963730424,0.7220653695881722
0.9768287073005482,-0.1052489411147873,0.18635545239663803,8.147269830897983,0.09907118344203517,0.9941857598572618,0.042185126588247995,-2.2577562080812896,-0.18971187293723332,-0.022745188618459315,0.9815763307313645,0.7219356777824402
0.9759148322812236,-0.10734110142227825,0.18991592331242788,8.310080625332631,0.10091970120934655,0.9939564241059738,0.04319461136709455,-2.2934205311389384,-0.1934047234881992,-0.022988004989187776,0.9808496906404366,0.7212261519886454
0.9749835964121099,-0.1094337332077353,0.19347145980983252,8.472957565922911,0.10276404565851577,0.9937227685306628,0.04421079915747053,-2.328757012740237,-0.19709516005171918,-0.023222893942087135,0.980109281876203,0.7199329775089254
0.9740349029954671,-0.11152669103505801,0.197022259776771,8.6359006112678,0.10460407869082745,0.9934846977273603,0.045233683242014,-2.363765418088729,-0.20078337634288992,-0.023449855477148937,0.9793549852293832,0.718056154343266
0.9730688133179627,-0.11361998158579242,0.20056813033872728,8.798894692992945,0.10643979598174746,0.9932422710420712,0.046263241905700525,-2.3984481620495615,-0.2044691935477744,-0.02366888773172963,0.9785868006999692,0.7155956824910703
0.9720853280264793,-0.11571359018516011,0.20410893974613267,8.961954796670824,0.10827119386258469,0.9929954910623561,0.04729945002614386,-2.432802360164665,-0.20815244775359937,-0.023879983255248028,0.977804847497245,0.7125515619529281
0.9710844484148009,-0.117807509495772,0.20764471912749483,9.125065853926998,0.11009826499594781,0.9927443590819949,0.04834230268955267,-2.4668304272991897,-0.2118332283673317,-0.024083136459768395,0.9770090660165678,0.7089237927282284
0.9700662739361113,-0.11990149070223335,0.21117546302621806,9.288242850334,0.11192078860431454,0.9924888584497258,0.049391745029467575,-2.500529478995066,-0.21551144598199512,-0.02427834175734404,0.9761994562579381,0.7047123748175608
0.9690307077247772,-0.12199576794516033,0.21470097064338073,9.451470717517395,0.11373897079043334,0.9922290084043707,0.050447800272375276,-2.533901930117448,-0.2191869664871476,-0.024465601010630767,0.9753760778259918,0.6999173082203285
0.9679778298272868,-0.12409021282023931,0.21822133601138807,9.614734387102999,0.1155527008376194,0.9919648315870816,0.05151045000821098,-2.5669501955315646,-0.22285983458626682,-0.024644908631688014,0.974538930720733,0.6945347782386619
0.9669076602972246,-0.12618469757900008,0.2217363727246245,9.77804884466309,0.11736186501634088,0.991696289999225,0.05257963583500343,-2.5996713907792675,-0.22652990126773745,-0.024816259032573916,0.9736880149421552,0.6885685995704094
0.9658201810216668,-0.12827933162643973,0.22524604658185451,9.941399021823429,0.1191665660500505,0.9914234248738845,0.05365538009284369,-2.6320679307257855,-0.23019709202575658,-0.024979652213294158,0.9728233900949009,0.6820149575177012
0.9647154726939879,-0.13037398354539298,0.2287503179252524,10.104799945557488,0.12096668955337037,0.9911461988593164,0.05473765025536087,-2.6641371657095156,-0.23386137705799578,-0.025135090036487326,0.9719449965743245,0.6748738520811415
0.9635934759681813,-0.13246866001740631,0.23224911499814704,10.268236506089863,0.1227622288447555,0.9908646713015264,0.055826424213018734,-2.695881275799138,-0.23752271166097394,-0.02528256132628412,0.9710528939850682,0.6671452832601119
0.9624543108300283,-0.13456334636770134,0.23574229089102605,10.43170870342044,0.12455318994991275,0.9905788447880743,0.05692167700739061,-2.7273002609945785,-0.24118090211959037,-0.025422058632103353,0.9701471419317707,0.6588330657518782
0.9612978999884857,-0.13665777976194737,0.23922992932802634,10.595201469174981,0.1263393247092886,0.9902886446154732,0.05802336287716111,-2.7583965361610687,-0.24483603784081023,-0.02555359126715765,0.9692276808097918,0.6499333848585707
0.9601243239690482,-0.1387522187099365,0.2427119601277321,10.758729788926104,0.1281208629389625,0.989994206773885,0.05913153659142147,-2.789167216840621,-0.24848805921999026,-0.02567716109410644,0.9682945702237723,0.6404424258835206
0.958933542832411,-0.14084651109402307,0.24618834751365787,10.922278635700224,0.12989768789654865,0.9896953765133368,0.060246143611632705,-2.8196149526947636,-0.2521369364548072,-0.025792751349133336,0.9673477505690669,0.6303640035233897
0.9577256759174549,-0.1429406629399094,0.24965866252104002,11.085847947395933,0.13166980927645386,0.9893922738196185,0.06136712815920098,-2.849739391528807,-0.2557822374115815,-0.025900367620176678,0.9663874006595923,0.6196981177781637
0.9565007065729308,-0.14503443578244124,0.2531232852805978,11.249437724013205,0.1334369782632766,0.9890849407405825,0.06249447971488688,-2.879540533342748,-0.25942426011353226,-0.02600000804458182,0.965413401286076,0.6084447686478498
0.9552586527438708,-0.14712803271151328,0.2565818529239534,11.413047924151243,0.1351994363350277,0.9887732204177071,0.06362819671070996,-2.9090181433402122,-0.26306276614208496,-0.02609166330912845,0.9644258120531468,0.5966001414351751
0.9539994780488688,-0.14922136187657528,0.2600344880244545,11.57667850640891,0.1369570465714987,0.9884573106191531,0.0647682704975954,-2.9381719867246616,-0.26669781510188284,-0.026175342727042635,0.963424692565455,0.5841680508373912
0.9527232421573696,-0.15131438305516903,0.2634811328533238,11.740314423112466,0.13870981381989084,0.988137036864801,0.06591468522225921,-2.9670045957595512,-0.27032928778363396,-0.026251035122447898,0.9624099832183539,0.5711446821566355
0.9514301028982227,-0.15340687297957936,0.2669215039417798,11.903955674261795,0.14045752948727175,0.9878125595710684,0.06706733226873182,-2.995515970444803,-0.2739570053733925,-0.02631874422062829,0.961381743616478,0.5575338500901736
0.9501198456841299,-0.15549904875863604,0.2703557680072591,12.067602218456045,0.14220038081025105,0.9874837799316578,0.0682262958838094,-3.0237058759840423,-0.2775810572781391,-0.026378466296300848,0.9603400333644776,0.5433317399407329
0.9487927463890594,-0.15759066825849008,0.2737837006035452,12.231254034994805,0.1439381762276837,0.9871507406413119,0.06939147596741309,-3.051574194979036,-0.2812012348816007,-0.026430201349455913,0.9592847928577003,0.5285383517083062
0.9474486101558619,-0.15968185097304868,0.2772054436267475,12.39491110317735,0.14567099108099021,0.986813481154167,0.07056292591035597,-3.079120810031469,-0.28481768719539957,-0.02647395496803502,0.958216081700796,0.5131575000901663
0.9460875167075705,-0.16177244963186457,0.28062082777186936,12.558558375329966,0.14739871648783798,0.9864719063896998,0.07174057614062057,-3.1063482534048106,-0.2884302354055954,-0.026509714113513612,0.9571338402891139,0.49718537038842925
0.944709526037079,-0.16386248886544358,0.28402985206857057,12.722195830752213,0.149121355461079,0.9861261935773125,0.07292443216125154,-3.133256407700827,-0.2920388497098633,-0.026537489961767535,0.9560381878319434,0.4806219626031023
0.9433146966817735,-0.1659519289099143,0.2874323417132838,12.885838475717009,0.15083891926813084,0.9857761681560243,0.0741144555841388,-3.159842505859679,-0.295643381096589,-0.026557271336920336,0.9549291839339227,0.4634672767347823
0.9419029916133527,-0.1680406544627243,0.29082821415590726,13.049456235576997,0.15255127465748236,0.9854219109809339,0.075310599700014,-3.186111729806356,-0.2992437699611264,-0.026569065689549344,0.9538067093857593,0.44572131278226124
0.9404744512562891,-0.17012878524707442,0.2942175812961003,13.21306413730565,0.15425853561999828,0.985063461465747,0.07651291639326582,-3.2120614298792525,-0.3028400461057987,-0.026572871157015503,0.9526708833967468,0.42738407074613605
0.9390291160412053,-0.17221606820564136,0.29760027868054145,13.376662160202443,0.1559604728622636,0.9847008037071678,0.07772130857666674,-3.2376914886801345,-0.3064320903213094,-0.026568691464597706,0.9515216463622352,0.4084555506264138
0.9375669863724047,-0.17430249554244936,0.3009762505211158,13.540235256593547,0.15765708409134552,0.9843339390798379,0.07893574939085261,-3.2630044384723824,-0.31001984300301383,-0.02655651729906989,0.9503591174915124,0.38893575242248346
0.9360881414007369,-0.17638830392034188,0.3043453348681202,13.703783426478878,0.1593486069193016,0.9839628863778425,0.0801562991745468,-3.288000279256,-0.3136031551393017,-0.026536356111023413,0.9491832967845697,0.3688246761343521
0.9345925825474318,-0.17847312322770642,0.3077075837122661,13.86730664915801,0.16103469003657864,0.9835876503377217,0.08138283469855447,-3.31267889363275,-0.3171820565324877,-0.026508200449861602,0.9479941246367675,0.34812232176201263
0.9330803881951517,-0.18055717989179265,0.31106277705161756,14.030804903930601,0.16271557541181175,0.9832081910342306,0.08261540228266755,-3.3370401642044953,-0.32075627896167214,-0.026472054040883777,0.9467917798620294,0.3268248746081923
0.9315514834660665,-0.18264023132016446,0.3144111626204429,14.19426316382308,0.16439100119949135,0.9828245512429732,0.08385396995395115,-3.361086740632757,-0.3243261502523989,-0.02642792433466087,0.9455760836464328,0.30493614936955993
0.9300059259651183,-0.18472226925825905,0.3177523898412699,14.357696445458615,0.166060983955121,0.982436732419452,0.08509846643922853,-3.3848159145568104,-0.32789122336982995,-0.026375805743257107,0.944347214803898,0.2824561460467123
