1.0000000000000002,-1.159655966179322e-18,-5.01789524262851e-18,0.0,-1.159655966179322e-18,1.0000000000000002,-1.4180281478154334e-19,0.0,-5.01789524262851e-18,-1.4180281478154334e-19,1.0000000000000002,0.0
1.0000000000000002,-1.159655966179322e-18,-5.01789524262851e-18,0.0,-1.159655966179322e-18,1.0000000000000002,-1.4180281478154334e-19,0.0,-5.01789524262851e-18,-1.4180281478154334e-19,1.0000000000000002,0.0
1.0000000000000002,-1.159655966179322e-18,-5.01789524262851e-18,0.0,-1.159655966179322e-18,1.0000000000000002,-1.4180281478154334e-19,0.0,-5.01789524262851e-18,-1.4180281478154334e-19,1.0000000000000002,0.0
1.0000000000000002,-1.159655966179322e-18,-5.01789524262851e-18,0.0,-1.159655966179322e-18,1.0000000000000002,-1.4180281478154334e-19,0.0,-5.01789524262851e-18,-1.4180281478154334e-19,1.0000000000000002,0.0
1.0000000000000002,-1.159655966179322e-18,-5.01789524262851e-18,0.0,-1.159655966179322e-18,1.0000000000000002,-1.4180281478154334e-19,0.0,-5.01789524262851e-18,-1.4180281478154334e-19,1.0000000000000002,0.0
1.0000000000000002,-1.159655966179322e-18,-5.01789524262851e-18,0.0,-1.159655966179322e-18,1.0000000000000002,-1.4180281478154334e-19,0.0,-5.01789524262851e-18,-1.4180281478154334e-19,1.0000000000000002,0.0
1.0000000000000002,-1.159655966179322e-18,-5.01789524262851e-18,0.0,-1.159655966179322e-18,1.0000000000000002,-1.4180281478154334e-19,0.0,-5.01789524262851e-18,-1.4180281478154334e-19,1.0000000000000002,0.0
0.9999977411567313,0.0018756413609596232,0.0009998254447770806,0.3611064495559376,-0.0018780110647531013,0.9999954174696943,0.002374471320587642,0.0030174850200890835,-0.0009953672064273772,-0.002376343640277196,0.9999966811120063,0.015688208997204356
0.9999964174035149,0.00020443700114962783,0.0026689671500098188,0.38943951609646077,-0.00022096777527820183,0.9999807871814977,0.006194872162865309,0.004089645851500678,-0.002667649410540896,-0.006195439724871501,0.9999772498278338,0.01772933813880151
0.9999969637373559,-0.00018450025784927894,0.002457331016446357,0.4176611330274042,0.0001675204385214892,0.9999761235395174,0.006908276759256485,0.005122010425032131,-0.0024585469229228317,-0.006907844130744358,0.9999731182569324,0.01993811178390681
0.9999991870143051,-0.000503195085055904,0.0011716507309078464,0.44574863843777524,0.0004993771298027688,0.9999945724847585,0.0032566276279610033,0.006127493597927358,-0.0011732830907718933,-0.003256039884790196,0.9999940107875934,0.02247076830824435
0.999999859982628,-0.0005116267634288549,-0.00013517684628412972,0.47369339234373276,0.0005119513555743467,0.999996959550137,0.00241221812682112,0.00706684777098554,0.00013394227993279516,-0.0024122869930383742,0.9999970814612055,0.024961198197509304
0.9999977114606324,0.001355408546959683,-0.0016552767650508595,0.501606644696467,-0.001348373206407831,0.9999900851454192,0.004243995823961659,0.008147290271460661,0.0016610127014354975,-0.004241754180570956,0.9999896242253105,0.027415848024671785
0.9999970952795647,0.0010199203230039468,-0.0021838486595940187,0.5292981636946946,-0.0010069674317968998,0.9999819451916816,0.005924129239991692,0.009137175130226993,0.002189851370433047,-0.005921912967576242,0.9999800675502387,0.029971032319112467
0.9999943184854286,-0.00021649518073136586,-0.0033639451095792937,0.5477679173188689,0.00023415771246597736,0.9999861858076264,0.005251034572454387,0.009826707142711721,0.003362761815715615,-0.0052517924323166685,0.9999805550655567,0.03174743506910849
0.9999916444931871,-0.0011385215781942266,-0.003926157463503156,0.5798630175974071,0.0011607528151746556,0.999983281675122,0.0056647173942331866,0.010893872925076598,0.003919642421739444,-0.005669227360976984,0.9999762478501257,0.03525603915743858
0.9999889984643879,-0.0006724664722835417,-0.004642277354256327,0.6073180043093623,0.0007067506247337361,0.9999724621808421,0.00738751538330756,0.011724505954191389,0.004637181659653306,-0.007390715041714295,0.9999619362142877,0.03814696560241693
0.9999845872704916,-0.0009708564564724675,-0.005466503380212237,0.6346610107511814,0.0010056799257141386,0.9999791980180703,0.0063711960434446125,0.012558264788271711,0.005460204149293461,-0.006376595398636677,0.9999647619800262,0.041214128463856525
0.9999845366121882,-0.001109169938357432,-0.0054494291953664075,0.6619726516087658,0.0011438829192351387,0.9999790504737512,0.006371039591961479,0.013194321643051066,0.00544224846681494,-0.006377174583081666,0.9999648561704371,0.04412013251400193
0.9999759572347177,-0.00017156464541374532,-0.0069322087448814435,0.6894301172248609,0.0002050492596520559,0.9999883150717251,0.004829873167392859,0.013730403633018584,0.006931299107042109,-0.004831178488156843,0.9999643077665843,0.047174462492279634
0.9999664663906296,-0.000748267227577726,-0.008155132763765324,0.7121932188716364,0.0007663744080861059,0.9999972478050185,0.0022174428190816033,0.014520271484287528,0.008153451079459313,-0.002223618345265001,0.9999642877407924,0.04962795510529583
0.9999681812661491,-0.000884517439718241,-0.007928056771309519,0.7395928237492505,0.0009049206202008182,0.9999962872708666,0.0025703235503600277,0.015080431710789488,0.007925753840576153,-0.0025774160279695485,0.99996526907322,0.05252523948237675
0.9999686103976323,0.00017437793019337163,-0.007921351637559698,0.767027446201628,-0.00014944915116925773,0.9999950353823558,0.003147518958203499,0.015392004185319996,0.007921861168918761,-0.00314623631955661,0.999963671996459,0.05530675215362413
0.9999714275694379,-0.0009161435574114082,-0.0075036474946178836,0.7899236010759834,0.000940762286488872,0.999994184727991,0.0032780293655851524,0.015814362378499203,0.007500600713382351,-0.003284994852892766,0.9999664743368928,0.057530491087364855
0.9999689231299742,-0.0023370411629311714,-0.007529343456268003,0.8173795504808801,0.002361030809745005,0.9999921602169302,0.0031788422723709707,0.01653072430888941,0.007521855342607643,-0.003196520495780241,0.9999666014167298,0.05997797849620756
0.9999601933325467,-0.002464580368619048,-0.008575406342701701,0.8449954883315585,0.002485959138374012,0.9999938266761386,0.0024832673587720337,0.016958432867636597,0.008569233191958632,-0.0025044866179369974,0.9999601471005144,0.06256194836005635
0.9999635060038781,0.002769644895358572,-0.008081814622094438,0.8679585745744582,-0.0027489620889287044,0.9999929212722881,0.0025691657691369794,0.01697296949623389,0.008088873089987137,-0.002546855408005476,0.9999640411833144,0.06459190542900206
0.9999794905425408,0.002931427967609612,-0.005694315090657853,0.9003080451850365,-0.0029240558178764506,0.9999948766239072,0.0013025450129708458,0.017299550357585514,0.005698104233420145,-0.0012858678033096536,0.9999829389305288,0.0670731781774987
0.9999848866821909,0.0014575892435558708,-0.005301116939183802,0.9234750042139964,-0.0014435474618482587,0.9999954423267869,0.002651696886711472,0.017789587621250325,0.005304957863284369,-0.0026440043968711706,0.9999824331771123,0.06872635202088029
0.9999534520285236,0.004136966518219653,-0.008716609677302783,0.9513778442295358,-0.00412243851813374,0.9999900847535672,0.0016840116441355546,0.01779452573593837,0.008723489949757857,-0.0016479995693283267,0.9999605916337483,0.07042761932533725
0.999955888091807,0.0038330168303005526,-0.008574954956409924,0.9792503356256126,-0.0038200546660135982,0.9999915369287701,0.0015274989967652768,0.01797261228267505,0.008580737315318197,-0.0014946748191776765,0.9999620677277268,0.07186048705153514
0.9999556168655961,0.0034593267172395308,-0.008763410158651523,1.007106662096611,-0.003463734492521712,0.9999938822554095,-0.0004878474347944986,0.018166316339678246,0.008761668922681314,0.0005181799086348676,0.9999614815818016,0.0729243663202821
0.9999397095043479,0.0040556606911434576,-0.010204360475763077,1.0350416368024202,-0.004051178360222898,0.999991688193662,0.0004598885561521898,0.01829751995334311,0.010206140811034489,-0.000418521144903869,0.9999478284039608,0.07380019760179701
0.9999476691403921,0.0038231054370938943,-0.009489090868697444,1.062955201720938,-0.003791754419778242,0.9999873010290092,0.0033196956394133644,0.018324540812350798,0.009501661913456312,-0.0032835416146458555,0.9999494671108874,0.07442865563788637
0.9999546792231435,0.004530475468939625,-0.008373427719025182,1.086275112131709,-0.0044981373410942025,0.9999823684343004,0.003876800354349836,0.018415948108400082,0.00839084383128758,-0.0038389598268501585,0.9999574271573999,0.07483147020246905
0.9999432707952091,0.005075542743088951,-0.009364510518024725,1.109679381503744,-0.005027853394063704,0.999974308587373,0.005109095365432872,0.018251200366935616,0.009390201362426721,-0.005061722144523795,0.999943099924843,0.07517301336775972
0.9999602126110007,0.00428294114744864,-0.007824935149257438,1.1425444724841995,-0.00425403251749018,0.9999840792899773,0.0037073405450226845,0.018147809464520936,0.007840688892101856,-0.0036739055110500737,0.9999625123053331,0.07557119870178175
0.999933722629049,0.0043767932945280395,-0.010648663280888421,1.1706281180154123,-0.0043612244327426416,0.9999893874431459,0.0014848308083541472,0.01791731612370201,0.010655049068869438,-0.0014382911871952024,0.9999421989534202,0.0756395208709546
0.9999750869019164,0.0035344484379623603,-0.006110094086384214,1.1942789446702924,-0.003514249673171897,0.9999883356993988,0.0033133841283011847,0.017867285189224202,0.006121733801766737,-0.003291829185491282,0.9999758438261768,0.07582964593528141
0.9999710396324133,0.0034921244806220015,-0.006762023593773303,1.2272600812111942,-0.003496794699533585,0.999993655703766,-0.0006789543781136699,0.0173108098385365,0.006759609700287448,0.0007025801236061321,0.9999769067622862,0.07594592220608298
0.9999686081297845,0.004568442351879857,-0.006473954700099873,1.250825346720538,-0.004565821130805406,0.9999894885475913,0.00041960901802723274,0.016894986320133698,0.006475803609042326,-0.000390036926545805,0.999978955697975,0.07613718333133113
0.9999583824990531,0.004784900806750724,-0.007767753481398398,1.2743126399554887,-0.004804961368653818,0.9999851640421212,-0.0025659387947034066,0.016406486326119185,0.007755360476726089,0.002603155762142533,0.9999665384221388,0.07643373700539202
0.9999673974513793,0.004716256024000413,-0.0065544613380564,1.302526169375867,-0.004730903894401517,0.9999863425624406,-0.002221089132757785,0.015983454730305824,0.0065438965959077255,0.002252025246261257,0.9999760526130778,0.07665592407548161
0.9999752977359488,0.004339639323185223,-0.005529145363010432,1.3310867516947584,-0.004350073097388368,0.9999887778867589,-0.0018764233514550943,0.015624429969503084,0.005520940313752114,0.0019004291860451757,0.9999829536481915,0.07685639927284793
0.9999645023446796,0.004843543069237314,-0.0068945007864412424,1.3592365026083528,-0.004869790720462636,0.999980940014031,-0.0037953586120740225,0.0150482580667749,0.006875986394452205,0.0038287986616942263,0.9999690300763879,0.07706847848179121
0.9999697115891126,0.00453878826985323,-0.006322602741602198,1.382877544833389,-0.004560689684424113,0.9999836352536141,-0.0034538868784262425,0.014582086159130203,0.0063068228125626406,0.0034826176947836476,0.9999740473432311,0.07710708238763386
0.999962659195705,0.0038349036130152733,-0.007744270690871827,1.4112905109941416,-0.0038733478422768234,0.9999802207256941,-0.004955333882312859,0.013920668794751456,0.007725114287008544,0.004985145100330639,0.9999577345756078,0.07708760275456772
0.9999657618140702,0.003331709222464344,-0.007574622978337483,1.4398096204642081,-0.003382040629290197,0.9999722246201164,-0.0066416706842261355,0.013344183021233524,0.007552284474835569,0.006667060968134656,0.9999492553611202,0.07697672680575174
0.9999607277820587,0.0044725313343782465,-0.007651101687938025,1.4635216423594093,-0.004522575638046858,0.9999684126946866,-0.006536047924199113,0.012706872474593234,0.007621627331109042,0.006570393925198644,0.999949369078502,0.0768452075182191
0.9999623486132022,0.004309239119718616,-0.007532052454548937,1.4967729629155802,-0.0043854711022251235,0.999939033302743,-0.010133968659295655,0.012044472319652777,0.007487923556002573,0.010166618699701731,0.9999202822550578,0.07652170611101416
0.9999692371971644,0.003946161866922178,-0.006778824812681637,1.5206210600702739,-0.004001938298540696,0.9999580897269562,-0.0082342746779003,0.011588599743438344,0.006746046929547138,0.008261149807168858,0.9999431205097057,0.07629948764190653
0.99997226095461,0.004907434373919356,-0.005603071406921868,1.5490648719913453,-0.004951082433383528,0.9999572997665542,-0.007802911400199269,0.010927567338946176,0.005564539878842796,0.007830436223301568,0.9999538590177497,0.0758916490305741
0.9999833163668729,0.005125174220226997,-0.0026645031662694335,1.5727062773251461,-0.005141467393677619,0.9999679050528271,-0.006144442798187347,0.01048492217435526,0.0026329263093541437,0.006158039742707656,0.9999775728713003,0.0756292005415582
0.9999832698177538,0.005134326417016958,-0.002664352986623468,1.6011413331893758,-0.005157563767581515,0.9999480729302622,-0.00878925361100505,0.009972100658335648,0.002619087737579268,0.008802848135618185,0.9999578242326645,0.07540145356261485
0.999980892322954,0.005120592084256987,-0.0034633113772561193,1.6295517073171708,-0.00515579976230112,0.9999343337628598,-0.010234544007285806,0.009533611869121161,0.0034106770296002333,0.010252204588899827,0.9999416280879936,0.07525890714053984
0.9999694953847686,0.006971151686924487,-0.003522973756553544,1.6578663236631344,-0.00700915225454832,0.9999161167406281,-0.01089179815344619,0.009086706308035764,0.0034467498609611195,0.0109161589627828,0.9999344765477862,0.07521575614753839
0.9999639173160363,0.007653299939425882,-0.003686606299181038,1.686167516207088,-0.007691566091554056,0.9999155020628093,-0.010479911523468152,0.008798303258934659,0.003606088882325782,0.01050788915613637,0.9999382882900603,0.07516869036391194
0.9999805011997372,0.005837585694752673,-0.0022180652784153628,1.704992617310593,-0.005863839413575717,0.9999105616494872,-0.012020153457383739,0.008253968797375888,0.0021476982224439764,0.012032925457413796,0.9999252952582417,0.07509891512595734
0.9999819370012065,0.0036676217809356033,-0.004761745665976995,1.7423713453405125,-0.0037169489842482657,0.9999390948108124,-0.010391869859750933,0.007849205759920541,0.004723342202714063,0.010409381317134592,0.9999346652752023,0.07481078556985299
0.999985880295337,0.0035695068441938087,-0.003936728444930565,1.7658980299039315,-0.0036091210234068874,0.9999424608423086,-0.010101942885724987,0.007548790610092948,0.003900442974621534,0.01011600837866896,0.9999412247322761,0.07447558744107141
