1.0000000000000002,3.919931721556577e-18,-9.877078310868387e-18,0.0,3.919931721556577e-18,1.0,-3.9912198544963365e-19,0.0,-9.877078310868387e-18,-3.9912198544963365e-19,1.0000000000000002,0.0
1.0000000000000002,3.919931721556577e-18,-9.877078310868387e-18,0.0,3.919931721556577e-18,1.0,-3.9912198544963365e-19,0.0,-9.877078310868387e-18,-3.9912198544963365e-19,1.0000000000000002,0.0
0.9999960389192275,0.0010293030008909133,-0.0026196719618119006,0.042039568559680635,-0.0010349148235728237,0.9999971709637001,-0.0021417319870766674,0.001714756821093677,0.0026174600595034155,0.002144434640849452,0.9999942751350671,-0.002521100932863174
0.999995049303084,0.001164663564503922,-0.0029231708989672332,0.05617992481244988,-0.0011674341279037748,0.9999988708379366,-0.0009462665635489408,0.0022305874451132857,0.00292206551604466,0.0009496744883391303,0.9999952798146031,-0.0033290945154353935
0.999995049303084,0.001164663564503922,-0.0029231708989672332,0.05617992481244988,-0.0011674341279037748,0.9999988708379366,-0.0009462665635489408,0.0022305874451132857,0.00292206551604466,0.0009496744883391303,0.9999952798146031,-0.0033290945154353935
0.999995049303084,0.001164663564503922,-0.0029231708989672332,0.05617992481244988,-0.0011674341279037748,0.9999988708379366,-0.0009462665635489408,0.0022305874451132857,0.00292206551604466,0.0009496744883391303,0.9999952798146031,-0.0033290945154353935
0.999995049303084,0.001164663564503922,-0.0029231708989672332,0.05617992481244988,-0.0011674341279037748,0.9999988708379366,-0.0009462665635489408,0.0022305874451132857,0.00292206551604466,0.0009496744883391303,0.9999952798146031,-0.0033290945154353935
0.999995049303084,0.001164663564503922,-0.0029231708989672332,0.05617992481244988,-0.0011674341279037748,0.9999988708379366,-0.0009462665635489408,0.0022305874451132857,0.00292206551604466,0.0009496744883391303,0.9999952798146031,-0.0033290945154353935
0.999995049303084,0.001164663564503922,-0.0029231708989672332,0.05617992481244988,-0.0011674341279037748,0.9999988708379366,-0.0009462665635489408,0.0022305874451132857,0.00292206551604466,0.0009496744883391303,0.9999952798146031,-0.0033290945154353935
0.999995049303084,0.001164663564503922,-0.0029231708989672332,0.05617992481244988,-0.0011674341279037748,0.9999988708379366,-0.0009462665635489408,0.0022305874451132857,0.00292206551604466,0.0009496744883391303,0.9999952798146031,-0.0033290945154353935
0.999995049303084,0.001164663564503922,-0.0029231708989672332,0.05617992481244988,-0.0011674341279037748,0.9999988708379366,-0.0009462665635489408,0.0022305874451132857,0.00292206551604466,0.0009496744883391303,0.9999952798146031,-0.0033290945154353935
0.999995049303084,0.001164663564503922,-0.0029231708989672332,0.05617992481244988,-0.0011674341279037748,0.9999988708379366,-0.0009462665635489408,0.0022305874451132857,0.00292206551604466,0.0009496744883391303,0.9999952798146031,-0.0033290945154353935
0.999995049303084,0.001164663564503922,-0.0029231708989672332,0.05617992481244988,-0.0011674341279037748,0.9999988708379366,-0.0009462665635489408,0.0022305874451132857,0.00292206551604466,0.0009496744883391303,0.9999952798146031,-0.0033290945154353935
0.999995049303084,0.001164663564503922,-0.0029231708989672332,0.05617992481244988,-0.0011674341279037748,0.9999988708379366,-0.0009462665635489408,0.0022305874451132857,0.00292206551604466,0.0009496744883391303,0.9999952798146031,-0.0033290945154353935
0.999995049303084,0.001164663564503922,-0.0029231708989672332,0.05617992481244988,-0.0011674341279037748,0.9999988708379366,-0.0009462665635489408,0.0022305874451132857,0.00292206551604466,0.0009496744883391303,0.9999952798146031,-0.0033290945154353935
0.999947289820423,0.0067017016172808185,-0.007778481614332159,0.46118802788165625,-0.006570302694731837,0.9998373328516594,0.01679699254569713,0.022452539424247075,0.007889784743018484,-0.016745000194492116,0.9998286634544921,-0.017514691168722507
0.9999287947106,0.007139911773948081,-0.009561755511781475,0.49895477724734605,-0.0070151768866799835,0.9998906821631246,0.013015798731158329,0.023335258841213347,0.009653641895960127,-0.01294779453118057,0.9998695724017823,-0.0195182835257679
0.9999492373814745,0.006167370632836337,-0.007967822769428503,0.5178633330456088,-0.006077369416396019,0.9999180134802054,0.011270842860076305,0.02354620424566778,0.008036680980631844,-0.011221847320165549,0.9999047364131938,-0.02045922633524011
0.9999756928818103,0.004201413042095343,-0.005564330507211034,0.5557639142403683,-0.004178496848625051,0.999982767682157,0.004123651636504982,0.023688051934318333,0.005581559784665812,-0.00410030086492819,0.9999760165739914,-0.021996530268299175
0.9999651656407601,0.004510541759461026,-0.007022999222785243,0.5889111469042225,-0.004482999795075486,0.9999822189313451,0.003932497168527382,0.023678701360305254,0.007040612039051497,-0.003900876078431743,0.9999676059492807,-0.02304807614541149
0.9999761489479505,0.004008165823442009,-0.005624601493268188,0.6171871014313548,-0.003978428811272744,0.9999781031716609,0.005288221005261343,0.02327065077748791,0.005645674399034903,-0.005265717798994153,0.9999701988442662,-0.023669606781925978
0.9999711564200073,0.0028761224786946907,-0.007029526834785335,0.6454827494293733,-0.002847121714597033,0.9999874097642679,0.004132095218249944,0.02290925258499621,0.007041322743326696,-0.00411196211533632,0.9999667552181856,-0.02397721270190889
0.9999745345248788,0.0032663157475798415,-0.006345193707772655,0.6832702326913453,-0.0032549579249998403,0.9999930835162532,0.0017994911954042955,0.022045186876349376,0.006351027527772673,-0.0017787920319612548,0.9999782499375917,-0.02421099421591988
0.9999706400107145,0.004048093847766603,-0.006506308689415195,0.7164410038322703,-0.004055393606581551,0.9999911617457187,-0.0011091497390267446,0.021345184578673848,0.006501761242769747,0.0011355028170637932,0.9999782186298333,-0.024228306790845533
0.9999772974584326,0.003649305319758611,-0.005664551033705651,0.7401462057148926,-0.0036590804455802844,0.9999918327522019,-0.0017162631457903516,0.02079226721601457,0.005658241601685638,0.0017369512301753662,0.999982483497787,-0.024255150834016526
0.9999825122281913,-0.00040045345543553715,-0.005900413106338953,0.7735139059538305,0.00036151144706366415,0.9999781579315212,-0.006599467353893647,0.02047490698753429,0.005902927008617717,0.006597218877034157,0.9999608153101898,-0.024331167533261144
0.9999967634854847,-0.0019862649163082933,-0.0015898962979837246,0.811776423744929,0.001977242051279779,0.9999820458391888,-0.005656722827018508,0.019645392103345927,0.0016011035028224972,0.005653560909135418,0.9999827367092997,-0.024284061942205337
0.9999358404077747,0.010219510428124114,-0.004886376429062742,0.8443802755978045,-0.01017928292673488,0.9999146676385569,0.00818777383489603,0.018407043758972064,0.0049696345031119814,-0.008137508702507594,0.9999545408092418,-0.024046222543465667
0.9999584252961992,0.008350674834508602,-0.003662500369187854,0.8775334922805929,-0.00832933400204188,0.9999484671389458,0.005803900546629636,0.017979631356004888,0.003710778116301935,-0.005773153062325954,0.9999764501374473,-0.023880886400097445
0.999929193819713,0.0106962974697601,-0.005215032837587953,0.9059503297808625,-0.010666859729116625,0.9999271999321333,0.005640296038564375,0.017258224830564828,0.005274983467089433,-0.00558426864698491,0.9999704948112719,-0.0235728964327806
0.9999479450348057,0.007899898081407251,-0.006457463199542917,0.9345160337718974,-0.00785642990107089,0.9999464948193285,0.006729339324823407,0.017112001712754066,0.006510278786629056,-0.006678256422333116,0.9999565076348464,-0.023486508147913643
0.9999238232549678,0.00932690568083692,-0.008084337795332026,0.9629872642860796,-0.00928271952118004,0.9999418655033551,0.00548604884789048,0.016422347516772295,0.008135035676588317,-0.005410586298277617,0.9999522722362552,-0.023577954437811854
0.9999039745787298,-0.011942629239777984,-0.007029596610116937,1.001106364719697,0.011921128491892016,0.9999241583841667,-0.0030926000705768634,0.01780590558852102,0.007065997250181168,0.0030085023779168932,0.9999705098633176,-0.02406170055676382
0.9999476868428475,0.009243348346658044,-0.004379964495364996,1.0300678474828984,-0.009214088609055397,0.9999354096716123,0.006654100688213014,0.016041635797636844,0.004441187762614793,-0.006613395210233194,0.9999682689240944,-0.02374260153766805
0.9999073285223321,0.01217968372609154,-0.006081913487196922,1.0540564444366982,-0.012164161844112698,0.999922678575386,0.002582641526806039,0.015385526198433697,0.00611289898195608,-0.0025084208096193094,0.9999781699072628,-0.02368790008939259
0.9999208134947842,0.01096293768302697,-0.006179056342772454,1.0876191510565976,-0.01094813151490678,0.9999371270648827,0.002424939908726427,0.015126854236246823,0.006205252312468365,-0.0023570987647310053,0.9999779692218983,-0.02367436000716694
0.9999422646283967,0.009335258705722431,-0.0053216872071750465,1.1210378986727307,-0.0093206561305821,0.9999527466832299,0.0027622038230733946,0.014716162279116318,0.005347221627090019,-0.0027124427297166276,0.9999820247761003,-0.023690114310306765
0.9999242611688692,0.010079039999071311,-0.007062922807729442,1.159442189666938,-0.010102023824241317,0.9999437692223437,-0.003226066965611951,0.01417983207219986,0.007030009996101352,0.003297172441543288,0.9999698533522626,-0.023892278334166406
0.9999554905475002,0.009042343204011481,-0.0026931307598066713,1.1937992872107992,-0.00903096412022988,0.9999503666808628,0.004207833393487145,0.014318642454639208,0.0027310457644773895,-0.004183324537863689,0.999987520514553,-0.02434366803971999
0.999903085488856,0.013477578865900515,-0.00348919729725554,1.2176483827802724,-0.013472303895677286,0.9999080724353183,0.0015309168588762462,0.0136690183473277,0.0035095095965479352,-0.0014837609644766628,0.9999927408715485,-0.02439629977168467
0.9999452231480038,0.010415691954177575,-0.0010315350720784034,1.2515174713044468,-0.010409502315912289,0.9999287993562656,0.005834250549324635,0.013521921642873025,0.001092229382622491,-0.005823193200724041,0.9999824485739351,-0.025029826067233696
0.9999616552667855,0.008754194443048254,0.00022820114813717332,1.2805431767259385,-0.008755412266215642,0.9999434634777878,0.006034285715362672,0.013229645928542921,-0.0001753629359607132,-0.006036052327418341,0.9999817674938585,-0.02522405181736609
0.9999422757818724,0.01040669151721731,-0.002673177105074944,1.318626303252135,-0.010408638518985387,0.9999455726918813,-0.000715470534995836,0.012488547018670748,0.0026655859300936196,0.0007432533692025621,0.9999961711057089,-0.025402561460165618
0.9999532371332065,0.009274731733910895,-0.0027391418520926612,1.3525652044220724,-0.009284022436208631,0.9999511262865621,-0.003398818271172357,0.01235401369829825,0.002707484852381274,0.0034240895870970714,0.9999904725227508,-0.025643188702774822
0.9999564131100539,0.009327981295978236,-0.00040080546022628407,1.381720753152925,-0.009327413366688943,0.9999555239821274,0.0013962154259087112,0.012392483839328339,0.00041381150537349114,-0.0013924160910134444,0.999998944968177,-0.025992795341664987
0.9999482364217231,0.008929128183187592,-0.0048780269550242825,1.4147535226402712,-0.008954622386531882,0.9999462308557403,-0.005229735682900974,0.012093827322884887,0.004831067687412422,0.0052731458624421515,0.9999744270318681,-0.02650305364432759
0.9999389169090073,0.010941632033537723,-0.0015630544728505716,1.4436916371892885,-0.010939589863411234,0.9999393039021137,0.0013091544511973363,0.012413737020093185,0.0015772838878233407,-0.0012919753091297135,0.9999979214855091,-0.027085015274992852
0.9999513412533083,0.009847780408067355,0.0005799540883931002,1.4724377705765137,-0.009848538970337826,0.999950630760702,0.0013199702360524616,0.012310490363829918,-0.0005669266794711106,-0.0013256177083956515,0.9999989606653757,-0.02770215013181243
0.9999640276319428,0.00839034849985731,0.0012431790515859227,1.5012512609782438,-0.008392979991087983,0.9999625164604635,0.002126866457155581,0.012566952793152786,-0.001225287302046602,-0.002137223925637875,0.9999969654678554,-0.028277907785324352
0.9999559530839248,0.009373880223293342,-0.0004714462630262842,1.5298306226237686,-0.009373916903286478,0.9999560610138866,-7.565370172715257e-05,0.012783835614881167,0.00047071637941703385,8.006966750887479e-05,0.9999998860074628,-0.028738816891312524
0.999961543517947,0.008619214131696674,-0.001618836915143187,1.5584095406638825,-0.008619482722515946,0.9999628389258591,-0.00015901236846190063,0.013172363525061126,0.0016174061957711877,0.00017295979022625393,0.9999986770401796,-0.02928842769440898
0.9999495423654647,0.009764829907685648,-0.002358139090867312,1.5870099359118737,-0.009759894148161682,0.9999501752451379,0.0020955890425246176,0.01353281421456598,0.002378484667721843,-0.002072468116145068,0.9999950238309157,-0.029848812381202627
0.999944154076896,0.009730007420503695,-0.004125007034970888,1.6154964541478767,-0.009722851010254798,0.9999511981870142,0.0017514030339915718,0.013932926433302462,0.0041418468916660294,-0.001711198396455136,0.9999899584017704,-0.03048062366268356
0.9999368639259314,0.010172384910828992,-0.004773965563259411,1.64872043054663,-0.010153807800840508,0.999940845003453,0.003899574454175342,0.014367091212863614,0.004813351131679295,-0.0038508543215766003,0.9999810011054595,-0.0310532104023733
0.9999338870693634,0.010244287590614402,-0.005222648955753685,1.6772609899114854,-0.010226196108501966,0.9999416588300792,0.003479058680245077,0.01477520432398094,0.00525798473796857,-0.0034254208370524683,0.9999803098504416,-0.03164296133416844
0.9999283532423395,0.010710418908848378,-0.005345587793747895,1.7058372569088298,-0.010704623700364431,0.9999420860691889,0.00111154803431757,0.015083351245519516,0.005357183354831105,-0.0010542458897155945,0.9999850944649661,-0.03191545502900306
0.9999413508489882,0.010038664928418302,-0.004064488744679017,1.7296212790110685,-0.010031631783139804,0.9999481556691575,0.0017470940494963283,0.015186890964381305,0.004081816515741146,-0.0017062181294402517,0.9999902137489279,-0.03223180506941681
0.9999423721948876,0.009531012461758647,-0.004940859309342741,1.767795504756425,-0.009528998423796167,0.999954505174671,0.0004310103457869981,0.015614802297945318,0.004944742490788326,-0.00038390406703586315,0.9999877009940508,-0.03276024763406049
0.9999304240544651,0.010760368666116583,-0.004833375262373405,1.7963704998864636,-0.010756004263346929,0.9999417218392918,0.0009280610750355618,0.015944354561837626,0.00484307986146515,-0.0008760086993803085,0.999987888519763,-0.033274738014634764
0.9999322168955824,0.00988785650021916,-0.006147512351907329,1.825026237418356,-0.009888719535550065,0.9999510993665626,-0.0001100070450554383,0.016025867003305994,0.006146124000783734,0.00017079061392575828,0.9999810978165202,-0.033668776062779404
