1.0000000427732696,-7.86092278167999e-09,-4.647366255716712e-09,0.0,-7.86092278167999e-09,0.9999999684457445,4.840440920754133e-10,0.0,-4.647366255716712e-09,4.840440920754133e-10,0.9999999746197467,0.0
0.9999916844850341,0.003934460651005001,0.0010805684180731079,0.1377458223640815,-0.0039367624355433626,0.999989970989636,0.002116081292859489,0.05602943748139566,-0.0010722404096735472,-0.002120316258073518,0.9999971351871463,-0.07526255510619251
0.9999667463896678,0.007866604669107824,0.002169367421596763,0.2756270863972077,-0.007875737431237253,0.9999600124059719,0.00422788530130265,0.11135758402306806,-0.002136026808680372,-0.004244828231839803,0.9999887182566083,-0.15079209875612776
0.9999251109093394,0.011796325160396082,0.0032664854811108313,0.4136439135042451,-0.011816842253948537,0.9999101074253433,0.006335363073999262,0.16598255139220797,-0.0031914566362305635,-0.006373488929241611,0.9999745944387755,-0.22658480868196307
0.9998668516830499,0.01572347705960697,0.004371914866542287,0.5517960357325933,-0.015759974682498696,0.9998401569725124,0.008438470024692203,0.2199024513557113,-0.0042385449376513284,-0.008506246485686098,0.9999548244443504,-0.3026406573906826
0.9997919252209545,0.01964812470278865,0.005485538419179287,0.6900833191059519,-0.01970512629939731,0.9997502727489411,0.010537171918261484,0.2731163397970313,-0.005277137456814768,-0.01064307239434037,0.9999294202942366,-0.37895963113577125
0.9997003765307119,0.023569904129228103,0.006607331193599172,0.8284904686974244,-0.02365197994049077,0.999640447304408,0.012631398482954633,0.3256244833577284,-0.006307238811691124,-0.01278389045874223,0.9998983845479287,-0.4555401606032916
0.9995921771721048,0.02748894250803957,0.007737402269377441,0.9670177398881492,-0.027600660996266294,0.9995106026923032,0.01472112702108209,0.37742593792154366,-0.0073289509399442065,-0.014928679555152535,0.9998617060134755,-0.5323784372719587
0.9994673547266724,0.03140515700922375,0.008875626081749827,1.1056648647255827,-0.031551066203966624,0.9993608115983175,0.016806306932217827,0.4285188152553765,-0.008342149346717717,-0.017077389991597247,0.9998193376567065,-0.6094744336487281
0.9993258659094161,0.03531843337145646,0.010021986996463395,1.2444315752571242,-0.035503083883364345,0.9991910908574119,0.01888690057492032,0.4789012271261228,-0.00934682210112947,-0.01922997914946395,0.9997714009168872,-0.686828122240577
0.9991677837868846,0.03922866373924272,0.011176465323016582,1.3833027105321207,-0.039456626565100926,0.9990013361334241,0.020962854934823482,0.5285743842919022,-0.010342969210378333,-0.021386393832848183,0.9997177779792045,-0.76443794748009
0.998993050894661,0.04313586856687879,0.012339062369597031,1.522293552906092,-0.04341169320760606,0.9987916654409258,0.02303413635933994,0.577535187761784,-0.011330562309323305,-0.023546599628175624,0.9996585286270026,-0.8423016426668681
0.9988016975867473,0.04703983002357104,0.013509762752387591,1.6613888074521128,-0.04736806990947383,0.9985620502859971,0.025100689198342244,0.6257839041773323,-0.012309604512409394,-0.025710541417810207,0.9995936544387202,-0.9204176384869811
0.9985936770452183,0.05094055943914366,0.014688414435461553,1.8005883401939116,-0.051325755629126044,0.9983124896164558,0.027162487343897958,0.6733195894220003,-0.013279963691122582,-0.027878181043329286,0.9995231110962202,-0.9987859211939067
0.9983691103892494,0.054837951125415785,0.015875149295406565,1.939892272536298,-0.05528467131469121,0.9980429992150789,0.029219467601220187,0.7201403552629717,-0.014241749638772602,-0.030049464594999742,0.9994469449860663,-1.077402668519838
0.9981278653758223,0.05873177981914601,0.01706980560385421,2.0792853765405255,-0.059244563060496386,0.9977535516401309,0.03127158831876266,0.7662469404000891,-0.015194836441337706,-0.03222433712880196,0.999365112784602,-1.1562663180241017
0.9978700463770769,0.0626220723709503,0.018272517254617288,2.218782545204647,-0.06320546982923886,0.9974442037945296,0.033318810403648334,0.8116362458421342,-0.01613933217381315,-0.03440276395123015,0.9992777205889808,-1.2353783977810835
0.9975956076217773,0.06650882420962922,0.01948313975614943,2.3583684836017653,-0.06716738320342988,0.9971148966709931,0.03536109826765994,0.8563085382306745,-0.017075104815079567,-0.03658470714477957,0.9991846633894199,-1.3147373384768528
0.9973046082018999,0.07039194478756183,0.0207017766821688,2.4980435141011412,-0.07113022308963106,0.9967657040073972,0.03739840030066072,0.9002633455077209,-0.018002280263322692,-0.0387701199704687,0.9990859904764574,-1.394339338463368
0.9969969786620894,0.07427120122845254,0.02192828883982126,2.6378073687502024,-0.0750937366237358,0.9963965393547229,0.039430675382504964,0.9434987794401746,-0.018920709087975274,-0.04095893921345117,0.9989816562142123,-1.4741843702475919
0.9966727750847397,0.07814662669421613,0.023162667648598395,2.777644886598324,-0.0790579506629996,0.9960075792087344,0.041457872934008246,0.986016050786148,-0.01983039704328854,-0.043151125210520225,0.9988717214006457,-1.5542708782621233
0.9963320128839712,0.08201809271400151,0.024404893461944355,2.917571283012819,-0.08302276194467426,0.9955986618042615,0.04347996002396525,1.0278115884964407,-0.020731338221118153,-0.045346634821313736,0.9987561880515665,-1.6345965889332987
0.9959746338349027,0.0858856228499616,0.025654961253401,3.0575713300549694,-0.08698816942719002,0.9951698445703144,0.04549689134472327,1.0688861312708902,-0.021623511667992618,-0.04754542927007005,0.9986349967651446,-1.7151599398204453
0.9956007699894276,0.08974912174508498,0.026912851169421936,3.1976448937484463,-0.0909540866827575,0.9947212017708605,0.047508642393176946,1.1092387349929496,-0.022506930932912825,-0.04974747255889078,0.9985082094959924,-1.795960917177048
0.9952102916230375,0.09360834684780284,0.028178413016349158,3.337791773128828,-0.09492026349365681,0.9942526485351592,0.04951514728567856,1.14886798348779,-0.023381440401481685,-0.0519526873732446,0.9983757817369527,-1.8769995003833344
0.9948032436973973,0.0974633326217853,0.029451775520139445,3.477997129614778,-0.09888671934124192,0.9937643007734116,0.05151637338326832,1.1877746154555417,-0.024247164522057066,-0.05416104729045246,0.9982377601978529,-1.9582703322238473
0.9943797130165093,0.10131395796262721,0.030732789326833987,3.618275856204349,-0.10285335569227945,0.9932560562538266,0.05351227060630899,1.2259555319049866,-0.025103984876217844,-0.05637248371204512,0.9980941602029447,-2.039774940772979
0.9939396400716841,0.10516024231674292,0.03202143735191937,3.7586127919469163,-0.10682017519315551,0.9927279726684588,0.05550281419129405,1.2634119435942424,-0.025951887868464668,-0.05858697990905887,0.9979449235875956,-2.1215117704633
0.993483044594986,0.10900196133371498,0.03331782055238941,3.89900812523544,-0.11078695841053972,0.9921800828980901,0.05748793408831036,1.3001424343487695,-0.026790987868831065,-0.06080446417932217,0.9977900999108302,-2.2034770059002753
0.9930099397514166,0.112839131656294,0.034621809166159256,4.039461722093677,-0.11475370903237721,0.9916123851013995,0.05946760287684844,1.3361460600520196,-0.02762115141356869,-0.06302490078196143,0.9976296425691362,-2.285670633337368
0.9925202825176498,0.11667164481137204,0.03593338989205502,4.179958354582851,-0.11872031353446293,0.9910248953242092,0.061441789469685114,1.37142355940383,-0.028442366598644006,-0.06524824488361985,0.99746361284483,-2.3680910903339196
0.9920141922548148,0.12049939767217349,0.03725265026597119,4.320513305058398,-0.12268668917697181,0.9904176289547265,0.06341042486908763,1.4059718334132754,-0.029254765506072616,-0.06747444470979752,0.9972920017564225,-2.450736110189524
0.9914916526294758,0.12432227560665182,0.03857934260424112,4.461111412569721,-0.12665270583988203,0.9897905427684432,0.06537349480154954,1.43979209283847,-0.030058099300034974,-0.06970345105035619,0.9971147747995746,-2.5336041373367806
0.9909525788576979,0.12814030726201475,0.03991370182326409,4.601752476152399,-0.13061837815545183,0.9891437537277465,0.06733093345775067,1.4728829215045884,-0.030852583972269892,-0.07193522190643559,0.9969320277061646,-2.616695151155895
0.9903970751447007,0.13195325391787,0.04125556011096215,4.742421724213216,-0.1345834849659349,0.9884771761398751,0.0692826991861402,1.5052455301700327,-0.03163810288979242,-0.07416969908083612,0.9967436578591801,-2.700003801304689
0.9898251535270667,0.13576114323166819,0.04260479588233945,4.8831336603928435,-0.13854802719331108,0.9877909270000962,0.07122877931803429,1.5368768198433003,-0.03241453745246621,-0.0764068479628407,0.9965496777336753,-2.783535410632318
0.9892367588058518,0.139563853187602,0.04396151061773468,5.02387344610986,-0.14251189673006812,0.9870849040437373,0.07316910749147504,1.567777529224518,-0.03318198685243229,-0.07864661109501064,0.9963501368349776,-2.867284621923332
0.9886319610380663,0.14336140162703181,0.04532558430218658,5.164641403733583,-0.14647510233942243,0.9863591651930181,0.07510368210164442,1.5979471862557002,-0.03394034593235189,-0.08088897158369801,0.9961450474770492,-2.9512476335296967
0.9880107359099195,0.14715357410552865,0.046696980259307797,5.30543733229959,-0.1504374093708869,0.9856138020071968,0.07703245572590815,1.6273843747620198,-0.03468958972847411,-0.08313386623282121,0.9959344134230219,-3.035424424831625
0.9873731865179417,0.15094037719160136,0.0480757959896686,5.446261097831581,-0.15439885505843085,0.9848487544268094,0.07895532407056624,1.6560881506269283,-0.03542984116430384,-0.08538122081937022,0.995718224668998,-3.119814982082609
0.9867191650496048,0.15472169365839228,0.049461892289853204,5.587112633341405,-0.15835929521305078,0.9840639794903936,0.08087229869903173,1.6840580417921505,-0.03616097272832379,-0.08763099335666574,0.9954964355801761,-3.204419298409391
0.986048851086084,0.15849744268134647,0.05085537588421063,5.7279771002477275,-0.16231865551239963,0.9832596697395313,0.08278329744534076,1.7112947869578115,-0.03688310770194843,-0.08988315308274808,0.9952690951238308,-3.2892320165965145
0.9853621400261887,0.16226761180054594,0.05225612131205959,5.868854364574247,-0.1662769200434983,0.9824356471001886,0.08468831659500184,1.7377974420073627,-0.037596108027896175,-0.09213764629130122,0.9950362760902411,-3.3742531228974713
0.9846591368724326,0.1660320009588514,0.05366396704674137,6.00974429234472,-0.17023385935070148,0.9815921212119517,0.08658733241014813,1.763565062824254,-0.03829986089983578,-0.09439442998667918,0.9947978752174866,-3.459482603565739
0.9839397522980945,0.16979070807061203,0.055079036052138375,6.150647138940229,-0.17418959778292864,0.9807288979549661,0.08848029802609117,1.7885967052922247,-0.03899447324280286,-0.09665347676674901,0.9945539398066049,-3.544916650080019
0.9832040772820081,0.17354353432395153,0.05650129794256331,6.291547743410177,-0.17814392432431922,0.9798461269093508,0.09036715759210125,1.812893580169387,-0.039679943157022,-0.09891472129454121,0.9943044729752801,-3.6305537068729024
0.9824521252999546,0.17729049050740242,0.05793061698686641,6.4324459717782645,-0.18209682975497604,0.9789438676084868,0.09224787789004017,1.836454743339191,-0.04035615219002453,-0.1011781047594359,0.9940494886500137,-3.7163937601978745
0.9816838565998626,0.1810313472232481,0.05936708124428702,6.573342146413779,-0.18604809175602247,0.9780220330772629,0.09412239361013049,1.8592797227436488,-0.041023208608560124,-0.1034435661759252,0.9937889777956195,-3.8024330084068936
0.9808993745562891,0.1847661158868612,0.060810790826838934,6.714235676994889,-0.18999774560220165,0.9770806823229654,0.0959906452402279,1.8813671022076495,-0.04168123536466034,-0.10571107675648839,0.9935229301402527,-3.888675225654964
0.9800986215501735,0.1884945684123176,0.06226148316380453,6.855127275248265,-0.19394552736553355,0.976119848489421,0.09785265538107511,1.9027164096734932,-0.04232998313131167,-0.1079805831399171,0.9932513726246022,-3.9751128155192674
0.9792816984698356,0.19221684614023893,0.06371916225607555,6.9960013908658425,-0.1978915755835,0.9751395721706817,0.09970835659729677,1.9233288558990047,-0.04296945477030853,-0.11025205489009066,0.9929743647557335,-4.061748017207172
0.9784485194608437,0.19593271780080546,0.065183789530314,7.136873373191293,-0.20183564845587124,0.9741398269771984,0.10155773096989629,1.9432018139515357,-0.04359964521754693,-0.1125254233397256,0.9926918505738437,-4.14857857089153
0.9775991447432435,0.19964219377326176,0.0666553477002968,7.277727994285783,-0.20577775440012525,0.9731206118567881,0.10340073582168774,1.9623360225309217,-0.04422054567242574,-0.11480065959498614,0.9924038318525639,-4.2356029141316895
0.9767336334090113,0.20334517796918883,0.06813393478465823,7.418565576518631,-0.20971781332282366,0.9720820616589817,0.10523729688870576,1.9807310095791788,-0.044832282033130694,-0.11707770885869406,0.9921102985348389,-4.32281724527958
0.9758518980210548,0.20704154738302227,0.06961941064793742,7.559371025927362,-0.21365568299851978,0.9710240741519863,0.10706741256082862,1.9983884579126947,-0.0454347254931832,-0.11935652106155387,0.9918113249166324,-4.410220015641073
0.9749540574985381,0.2107313314224335,0.0711117597862172,7.70015923551,-0.21759138026217079,0.96994676629819,0.10889101645485691,2.0153052685402564,-0.046027873274719994,-0.12163704679303577,0.9915068526711401,-4.497812753290546
0.9740401424816898,0.21441429729667538,0.07261095107819404,7.840915433673359,-0.22152468383646082,0.9688501117080422,0.11070808380198496,2.031482652220264,-0.04661173601125025,-0.12391923220919532,0.9911969449090869,-4.5855901078857855
0.9731100779985932,0.21809056924815806,0.0741169763573406,7.981639553429261,-0.22545571069438888,0.9677340935465898,0.11251854716682841,2.0469201368944443,-0.047186291030987954,-0.12620302265048272,0.9908815425508264,-4.673552072553555
0.9721639864898088,0.2217598181304683,0.07562967661609576,8.122316433827166,-0.22938410045789825,0.9665988192216223,0.11432243022355192,2.0616189333209096,-0.04775143855136123,-0.1284883843453125,0.9905607218286647,-4.7616970917264325
0.9712017762490104,0.22542216742555254,0.07714916003947936,8.262960967865041,-0.2333099996036395,0.9654442718981857,0.11611964132590226,2.075575942508449,-0.04830727776355222,-0.13077527004580441,0.9902344117248746,-4.850026693478803
0.97022353907653,0.22907751087488215,0.07867529854480493,8.403558517926001,-0.23723326903087172,0.9642704673590566,0.11791018466139097,2.0887933193320105,-0.04885369825147989,-0.13306363140097743,0.9899026852987615,-4.938535541214982
0.9692292746987676,0.23272574145946479,0.08020817914462208,8.544124366365509,-0.24115382760458767,0.9630774213870105,0.11969398754433001,2.1012679648006714,-0.049390816077362704,-0.13535342747152007,0.9895655336225335,-5.027221368234564
0.9682190732029078,0.23636675471736357,0.08174765824176555,8.684627935901204,-0.2450715509758673,0.9618652098242934,0.12147104046259019,2.1130032445469187,-0.049918516904495586,-0.13764460260109684,0.9892229714297719,-5.116084871924038
0.9671928175835713,0.24000045248790336,0.08329382756416959,8.825084575876673,-0.24898633379883472,0.9606338474014973,0.12324127758030158,2.123996531638104,-0.05043690856285066,-0.1399371017798995,0.988874989308869,-5.205123792456249
0.9661506555677457,0.243626825143886,0.08484643261412261,8.965494219303764,-0.25289815602887694,0.9593832761635271,0.12500468936409792,2.134247354015953,-0.050945759049783435,-0.14223086410257252,0.9885215534546303,-5.294338122957939
0.9650925145883716,0.24724578899028105,0.08640569101651996,9.10584216157747,-0.2568069354894273,0.958113628855542,0.1267611936692524,2.1437573944971398,-0.05144530058992661,-0.14452585851263067,0.9881627613731059,-5.383722519960173
0.9640185420048306,0.25085722967070634,0.08797146147456636,9.246128268721435,-0.26071256362495576,0.9568249223125024,0.12851078730735702,2.1525257089651166,-0.051935428467753064,-0.1468220433179202,0.9877985676442838,-5.473276969716444
0.9629286507602621,0.25446104217189625,0.08954359279467472,9.386352540735714,-0.2646148982100154,0.9555171122577171,0.13025344680360013,2.1605522974198834,-0.05241601017094945,-0.14911934782613662,0.9874289877811661,-5.563001472226738
0.9618228724591091,0.25805724372568584,0.0911223147989022,9.52651523300139,-0.26851396978983477,0.9541902566462865,0.13198911662337967,2.1678362157451776,-0.052887284867658924,-0.15141775882594039,0.9870539982031957,-5.652892218969761
0.960701250276625,0.2616457159558223,0.09270736230508769,9.666601184567895,-0.272409645598006,0.9528444334248273,0.13371777458588258,2.1743786746991116,-0.05334901731756128,-0.15371721174364206,0.9866736261190082,-5.742947654378099
0.9595638436850178,0.26522635156764895,0.0942988305028698,9.8066103954352,-0.27630184554109033,0.9514795983166462,0.1354393627572464,2.180179674281691,-0.05380132971300751,-0.15601765812194562,0.9862879216793785,-5.833167778451767
0.9584106099591152,0.2687991812141002,0.09589658654213595,9.946543187972566,-0.2801905316979577,0.9500958082246637,0.13715385503219735,2.1852387424349224,-0.05424410157996111,-0.1583190262089978,0.985896898515203,-5.923548789542707
0.957241625318161,0.27236397314055694,0.09750069484259916,10.086399495191898,-0.28407550596060066,0.9486930968187983,0.13886118109245885,2.189555407100535,-0.05467745682908756,-0.1606212622671691,0.9855004900992289,-6.014090680777663
0.9560569023098062,0.2759207357205371,0.09911104009940197,10.226179183116841,-0.28795676832900985,0.9472715231063349,0.14056137252481032,2.1931287241619764,-0.05510127316784011,-0.1629243671556168,0.9850987082621427,-6.104793438410127
0.9548564405538189,0.279469494275312,0.10072759906781803,10.365867614130536,-0.29183431880318556,0.9458310849829111,0.1422543281708784,2.1959608484942024,-0.0555155543020535,-0.16522823861665237,0.98469161530651,-6.195651725844414
0.9536403351098581,0.2830098819353912,0.10235044753676004,10.50547974821913,-0.29570782650873045,0.944371835057772,0.14394003803491107,2.19804915316427,-0.05592042607549702,-0.16753283900816412,0.9842792633736855,-6.286667078028167
0.9524084489661822,0.2865421689305174,0.10397945988942225,10.645000813789466,-0.299577495887994,0.9428937354522657,0.14561842807351505,2.1993948489305826,-0.05631575833997801,-0.16983813613911647,0.9838615455172739,-6.377834144619186
0.9511610042618688,0.29006612198514414,0.10561450750393087,10.78441539450975,-0.3034431161642667,0.9413968198363101,0.14728957781158467,2.2000000906675172,-0.05670145030779229,-0.17214409109521894,0.9834385348518975,-6.469155178571363
0.9498979447840368,0.29358163185700015,0.10725565591985342,10.923738906711748,-0.3073045756573308,0.9398812251638065,0.14895334238260374,2.199862723500697,-0.057077616046439184,-0.17445063275026984,0.9830102246529743,-6.560627926930806
0.94861928689949,0.29708861049740776,0.10890290067027564,11.062956578802272,-0.3111617563526178,0.9383469640609736,0.15060978263518027,2.198983958188524,-0.05744426098006793,-0.17675775207016237,0.9825766153788211,-6.652247039355331
0.94732508550082,0.3005870586584134,0.11055620646825837,11.202068343793144,-0.3150146961712487,0.9367939775205338,0.15225873892974887,2.197363322672727,-0.05780138699600301,-0.17906535925570527,0.9821377705675818,-6.7440125089716645
0.9460153195697385,0.304076758290579,0.11221554559590902,11.341074201684421,-0.3188631211629647,0.9352224172269726,0.1539002896287195,2.1950008169533,-0.05814899193771418,-0.1813734319342616,0.9816936331456387,-6.835924335779822
0.9446900684434203,0.30755794190057006,0.11388092698705615,11.479974474845307,-0.32270731369550404,0.9336321905030934,0.1555343130348762,2.1918959689722612,-0.05848708769030431,-0.18368193404426952,0.9812442021963584,-6.9279787181317545
0.9433492788453024,0.311030278052165,0.1155521787937065,11.618769163275829,-0.3265468881383723,0.9320233457494058,0.15716083466370714,2.1880487787296072,-0.05881555269715319,-0.18599077166163036,0.9807895552695212,-7.020175656027462
0.941993070647233,0.3144937850133269,0.11722928753528353,11.757443106025391,-0.3303818465747064,0.9303960009804799,0.15877982547189656,2.1834604569834557,-0.05913439551269112,-0.1882999316813196,0.980329633830718,-7.1125135938995285
0.9406214560292572,0.3179483676652355,0.11891222673895549,11.895996370082116,-0.33421210049358,0.9287501709269098,0.1603912307924318,2.178131475792078,-0.05944362113148871,-0.19060932944685094,0.9798645604312923,-7.204992538621227
0.9392344978898781,0.32139389697672893,0.12060106247722535,12.034429210827113,-0.33803754029791283,0.9270858745280257,0.16199494909358916,2.172060891039214,-0.05974335958714508,-0.19291892176038622,0.9793942084568454,-7.297608681671242
0.9378320892851304,0.324830392185369,0.12229568163095687,12.17274201761785,-0.3418581639045583,0.9254031096794614,0.16359101252112576,2.165248702725153,-0.060033476326848426,-0.1952286656575929,0.9789186494313673,-7.390358228274799
0.9364143845336177,0.3282576676331317,0.12399603137953358,12.310919763479944,-0.34567372261569557,0.9237020238569648,0.1651793684414905,2.157697065724559,-0.060313994673951585,-0.19753851213052492,0.9784378887744449,-7.483239636611003
0.9349814364345519,0.33167569168064936,0.12570210766544224,12.448962381425304,-0.34948426910426683,0.9219825622619957,0.16675998820491844,2.1494055079791554,-0.060584916300989736,-0.19984839801530013,0.9779519868199623,-7.57625289980659
