0.054407257586717606,0.16490454971790314,-0.9848077893257141,-142.74038696289062,-0.9985188245773315,0.008985176682472229,-0.05366019532084465,-0.6830098628997803,-1.387211767678309e-07,0.9862685799598694,0.16514916718006134,58.2574577331543
0.05696834623813629,0.16652518510818481,-0.984390139579773,-142.5746307373047,-0.9983746409416199,0.007868871092796326,-0.05644650384783745,-0.6788818836212158,-0.0016537262126803398,0.9860057830810547,0.16670279204845428,58.24058532714844
0.059526268392801285,0.16814807057380676,-0.9839628338813782,-142.40890502929688,-0.998221218585968,0.006757127586752176,-0.0592341348528862,-0.6743019819259644,-0.0033113432582467794,0.9857385754585266,0.16825120151042938,58.22344207763672
0.0620809905230999,0.1697734296321869,-0.9835257530212402,-142.24322509765625,-0.9980587363243103,0.005649973172694445,-0.062023039907217026,-0.6692698001861572,-0.004972970113158226,0.9854668974876404,0.16979460418224335,58.206031799316406
0.06463247537612915,0.1714012324810028,-0.9830789566040039,-142.0775909423828,-0.9978870749473572,0.004547418095171452,-0.06481318175792694,-0.6637850999832153,-0.0066385879181325436,0.9851908087730408,0.17133298516273499,58.1883544921875
0.06718079745769501,0.17303146421909332,-0.9826224446296692,-141.91200256347656,-0.9977062344551086,0.003449496114626527,-0.06760463118553162,-0.65784752368927,-0.008308175951242447,0.984910249710083,0.1728663146495819,58.17041015625
0.06972580403089523,0.17466388642787933,-0.9821562170982361,-141.7464599609375,-0.9975162744522095,0.0023561837151646614,-0.07039723545312881,-0.6514567732810974,-0.009981714189052582,0.9846252799034119,0.17439435422420502,58.152198791503906
0.0722675770521164,0.1762988120317459,-0.9816802740097046,-141.58096313476562,-0.9973171353340149,0.0012675350299105048,-0.0731910690665245,-0.6446125507354736,-0.011659184470772743,0.9843358993530273,0.17591743171215057,58.133724212646484
0.07480596005916595,0.17793576419353485,-0.9811946153640747,-141.41551208496094,-0.9971088767051697,0.00018350618483964354,-0.07598598301410675,-0.6373145580291748,-0.013340568169951439,0.9840421080589294,0.17743505537509918,58.11498260498047
0.07734103500843048,0.1795750856399536,-0.9806993007659912,-141.25010681152344,-0.996891438961029,-0.0008958426769822836,-0.07878203690052032,-0.629562497138977,-0.015025842934846878,0.9837438464164734,0.1789475828409195,58.095977783203125
0.07987275719642639,0.18121686577796936,-0.9801942706108093,-141.0847625732422,-0.9966649413108826,-0.0019704895094037056,-0.08157919347286224,-0.6213561296463013,-0.01671498827636242,0.983441174030304,0.18045510351657867,58.07670974731445
0.0824010893702507,0.18286073207855225,-0.979679524898529,-140.91946411132812,-0.9964292049407959,-0.003040451556444168,-0.08437742292881012,-0.6126951575279236,-0.01840798556804657,0.9831341505050659,0.18195724487304688,58.05717849731445
0.08492588251829147,0.18450690805912018,-0.9791551232337952,-140.7542266845703,-0.9961844086647034,-0.004105724394321442,-0.08717655390501022,-0.6035793423652649,-0.020104818046092987,0.9828226566314697,0.1834542155265808,58.03738784790039
0.08744721114635468,0.18615536391735077,-0.9786210656166077,-140.58905029296875,-0.9959304928779602,-0.005166270304471254,-0.08997667580842972,-0.5940083861351013,-0.02180546149611473,0.9825067520141602,0.18494603037834167,58.017337799072266
0.08996514976024628,0.18780598044395447,-0.9780772924423218,-140.42393493652344,-0.9956673979759216,-0.006222068797796965,-0.09277784824371338,-0.5839820504188538,-0.023509899154305458,0.9821864366531372,0.18643252551555634,57.99702835083008
0.09247954934835434,0.18945884704589844,-0.9775238633155823,-140.25888061523438,-0.9953951835632324,-0.007273109629750252,-0.09557992219924927,-0.5735000371932983,-0.02521810121834278,0.9818617105484009,0.18791382014751434,57.97645950317383
0.09499037265777588,0.19111382961273193,-0.9769607782363892,-140.09388732910156,-0.9951138496398926,-0.008319411426782608,-0.0983828529715538,-0.5625621676445007,-0.0269300639629364,0.981532633304596,0.18938976526260376,57.955631256103516
0.09749757498502731,0.19277091324329376,-0.9763880372047424,-139.928955078125,-0.9948233962059021,-0.009360949508845806,-0.101186603307724,-0.5511681437492371,-0.028645753860473633,0.9811991453170776,0.19086036086082458,57.934547424316406
0.10000123828649521,0.19443008303642273,-0.9758056402206421,-139.7640838623047,-0.9945238828659058,-0.010397696867585182,-0.10399124026298523,-0.5393177270889282,-0.03036515787243843,0.980861246585846,0.19232557713985443,57.913204193115234
0.10250120609998703,0.19609130918979645,-0.9752136468887329,-139.5992889404297,-0.994215190410614,-0.011429659090936184,-0.10679660737514496,-0.5270107388496399,-0.03208824619650841,0.9805190563201904,0.1937853991985321,57.891605377197266
0.10499756038188934,0.19775445759296417,-0.9746120572090149,-139.43455505371094,-0.9938973784446716,-0.012456822209060192,-0.10960278660058975,-0.5142468810081482,-0.03381500765681267,0.9801724553108215,0.19523970782756805,57.869754791259766
0.10749014467000961,0.19941963255405426,-0.974000871181488,-139.2698974609375,-0.9935705065727234,-0.013479182496666908,-0.11240960657596588,-0.5010259747505188,-0.03554541990160942,0.9798214435577393,0.19668859243392944,57.84764862060547
0.10997902601957321,0.20108681917190552,-0.9733800292015076,-139.1053009033203,-0.9932345151901245,-0.014496712014079094,-0.11521714180707932,-0.487347811460495,-0.037279460579156876,0.9794661402702332,0.19813203811645508,57.82529067993164
0.1124640628695488,0.2027563452720642,-0.9727495312690735,-138.94078063964844,-0.9928894639015198,-0.015509379096329212,-0.11802525073289871,-0.47321218252182007,-0.03901711106300354,0.9791063666343689,0.19957038760185242,57.802677154541016
0.11494544893503189,0.2044278383255005,-0.9721094369888306,-138.77633666992188,-0.9925352931022644,-0.016517167910933495,-0.1208341121673584,-0.4586188793182373,-0.04075834900140762,0.9787423014640808,0.2010032683610916,57.779815673828125
0.1174229085445404,0.20610126852989197,-0.9714598059654236,-138.61196899414062,-0.9921720623970032,-0.017520111054182053,-0.12364345043897629,-0.44356769323349,-0.04250315576791763,0.9783738255500793,0.20243065059185028,57.7567024230957
0.11989651620388031,0.20777641236782074,-0.9708005785942078,-138.4476776123047,-0.9917997121810913,-0.01851820945739746,-0.12645334005355835,-0.4280584454536438,-0.04425150901079178,0.978001058101654,0.2038523107767105,57.73333740234375
0.12236623466014862,0.20945346355438232,-0.9701318144798279,-138.28346252441406,-0.9914183020591736,-0.019511425867676735,-0.1292637288570404,-0.4120909571647644,-0.04600339010357857,0.9776239395141602,0.20526844263076782,57.70972442626953
0.12483203411102295,0.21113263070583344,-0.9694534540176392,-138.1193389892578,-0.9910277724266052,-0.020499717444181442,-0.13207459449768066,-0.3956650197505951,-0.04775877669453621,0.9772424101829529,0.20667928457260132,57.68586349487305
0.12729385495185852,0.21281369030475616,-0.9687654972076416,-137.95529174804688,-0.9906282424926758,-0.021483106538653374,-0.13488587737083435,-0.3787804841995239,-0.04951765388250351,0.9768565893173218,0.2080845683813095,57.6617546081543
0.1297518014907837,0.21449658274650574,-0.96806800365448,-137.7913360595703,-0.9902195930480957,-0.022461561486124992,-0.13769766688346863,-0.3614371418952942,-0.05127999931573868,0.9764664173126221,0.2094842940568924,57.63740158081055
0.13220570981502533,0.216181218624115,-0.9673610329627991,-137.62745666503906,-0.9898018836975098,-0.02343510091304779,-0.14050978422164917,-0.34363487362861633,-0.05304577946662903,0.9760719537734985,0.21087832748889923,57.61280059814453
0.1346556395292282,0.2178676575422287,-0.9666444659233093,-137.4636688232422,-0.989375114440918,-0.024403689429163933,-0.14332230389118195,-0.32537347078323364,-0.054814986884593964,0.9756731986999512,0.21226675808429718,57.587955474853516
0.13710157573223114,0.21955591440200806,-0.9659184217453003,-137.2999725341797,-0.9889393448829651,-0.025367312133312225,-0.14613519608974457,-0.3066527843475342,-0.05658759921789169,0.9752700924873352,0.21364957094192505,57.5628662109375
0.1395433396100998,0.22124604880809784,-0.9651827812194824,-137.13636779785156,-0.9884944558143616,-0.026325969025492668,-0.1489483118057251,-0.287472665309906,-0.058363597840070724,0.9748626351356506,0.2150268852710724,57.53753662109375
0.14198103547096252,0.2229379564523697,-0.9644376635551453,-136.9728546142578,-0.988040566444397,-0.027279647067189217,-0.15176169574260712,-0.26783299446105957,-0.06014296039938927,0.9744508862495422,0.21639855206012726,57.511962890625
0.14441460371017456,0.22463171184062958,-0.9636830687522888,-136.80943298339844,-0.9875776767730713,-0.02822829969227314,-0.15457531809806824,-0.24773359298706055,-0.061925649642944336,0.9740347862243652,0.21776467561721802,57.486148834228516
0.14684389531612396,0.22632718086242676,-0.9629189372062683,-136.64610290527344,-0.9871057271957397,-0.029171962291002274,-0.15738901495933533,-0.22717437148094177,-0.06371164321899414,0.9736143946647644,0.21912513673305511,57.4600944519043
0.1492689847946167,0.22802436351776123,-0.9621453285217285,-136.4828643798828,-0.9866247773170471,-0.030110614374279976,-0.16020286083221436,-0.2061551809310913,-0.06550093740224838,0.9731897115707397,0.22047989070415497,57.433799743652344
0.15168984234333038,0.22972309589385986,-0.9613623023033142,-136.31973266601562,-0.9861347675323486,-0.031044257804751396,-0.16301681101322174,-0.1846759170293808,-0.06729350239038467,0.972760796546936,0.22182883322238922,57.40726852416992
0.15410654246807098,0.23142363131046295,-0.9605697393417358,-136.1566925048828,-0.9856357574462891,-0.03197285160422325,-0.16583094000816345,-0.1627364456653595,-0.06908935308456421,0.9723275303840637,0.2231721729040146,57.380496978759766
0.15651880204677582,0.2331256866455078,-0.9597678184509277,-135.99375915527344,-0.9851277470588684,-0.03289644420146942,-0.168644979596138,-0.14033666253089905,-0.07088842242956161,0.9718900322914124,0.22450967133045197,57.35348892211914
0.1589268296957016,0.2348293662071228,-0.9589564204216003,-135.8309326171875,-0.9846107363700867,-0.03381497785449028,-0.1714591085910797,-0.1174764633178711,-0.07269071787595749,0.9714482426643372,0.22584140300750732,57.32624435424805
0.161330446600914,0.23653465509414673,-0.9581356048583984,-135.668212890625,-0.9840847253799438,-0.034728460013866425,-0.17427316308021545,-0.09415575861930847,-0.07449621707201004,0.9710022211074829,0.22716738283634186,57.29876708984375
0.16372975707054138,0.23824164271354675,-0.9573053121566772,-135.50559997558594,-0.9835497736930847,-0.03563682362437248,-0.1770872175693512,-0.07037442922592163,-0.07630486786365509,0.9705518484115601,0.22848770022392273,57.271053314208984
0.1661245971918106,0.23995007574558258,-0.9564656615257263,-135.3430938720703,-0.9830058217048645,-0.03654012829065323,-0.179901123046875,-0.0461324080824852,-0.07811666280031204,0.9700973033905029,0.22980210185050964,57.243106842041016
0.16851504147052765,0.24166017770767212,-0.9556165933609009,-135.18069458007812,-0.9824528694152832,-0.03743831068277359,-0.18271493911743164,-0.021429605782032013,-0.0799315944314003,0.969638466835022,0.2311108112335205,57.214927673339844
0.17090104520320892,0.24337179958820343,-0.9547581076622009,-135.01840209960938,-0.9818909764289856,-0.03833136335015297,-0.18552863597869873,0.003734065219759941,-0.08174961805343628,0.9691753387451172,0.23241369426250458,57.186519622802734
0.1732826977968216,0.24508482217788696,-0.9538902044296265,-134.85623168945312,-0.9813200235366821,-0.03921930864453316,-0.18834225833415985,0.029358696192502975,-0.08357074111700058,0.9687080383300781,0.2337106168270111,57.15787887573242
0.17565983533859253,0.2467995584011078,-0.9530128836631775,-134.6941680908203,-0.9807401895523071,-0.04010206088423729,-0.19115567207336426,0.05544435977935791,-0.08539491891860962,0.9682364463806152,0.23500193655490875,57.12900924682617
0.1780322939157486,0.2485155463218689,-0.9521263241767883,-134.5322265625,-0.9801514148712158,-0.04097974672913551,-0.19396869838237762,0.08199109137058258,-0.0872221291065216,0.9677606821060181,0.23628714680671692,57.099910736083984
0.18040016293525696,0.25023308396339417,-0.9512303471565247,-134.37039184570312,-0.9795536994934082,-0.04185225069522858,-0.19678142666816711,0.10899894684553146,-0.08905235677957535,0.9672806262969971,0.23756659030914307,57.070587158203125
0.18276341259479523,0.25195205211639404,-0.950325071811676,-134.20867919921875,-0.9789470434188843,-0.04271961748600006,-0.19959381222724915,0.13646797835826874,-0.09088559448719025,0.966796338558197,0.23884013295173645,57.04103469848633
0.18512208759784698,0.2536723017692566,-0.9494104385375977,-134.04708862304688,-0.978331446647644,-0.04358182102441788,-0.2024058997631073,0.16439823806285858,-0.09272180497646332,0.9663079380989075,0.24010765552520752,57.01125717163086
0.18747618794441223,0.25539419054985046,-0.9484864473342896,-133.8856201171875,-0.9777069687843323,-0.04443875700235367,-0.20521767437458038,0.19278977811336517,-0.09456095844507217,0.9658151865005493,0.24136947095394135,56.98125457763672
0.18982553482055664,0.2571173310279846,-0.9475531578063965,-133.72427368164062,-0.9770735502243042,-0.04529055207967758,-0.20802895724773407,0.2216426134109497,-0.09640305489301682,0.9653183221817017,0.24262523651123047,56.951026916503906
0.19217020273208618,0.25884193181991577,-0.9466105103492737,-133.56304931640625,-0.9764312505722046,-0.04613710194826126,-0.21083982288837433,0.25095680356025696,-0.09824805706739426,0.9648171663284302,0.2438751757144928,56.92057800292969
0.19451016187667847,0.26056787371635437,-0.9456586241722107,-133.40196228027344,-0.9757800102233887,-0.0469784140586853,-0.21365024149417877,0.2807323634624481,-0.10009592771530151,0.9643118977546692,0.2451191395521164,56.8899040222168
0.19684524834156036,0.2622950077056885,-0.9446974396705627,-133.24099731445312,-0.9751198887825012,-0.04781457409262657,-0.21646003425121307,0.3109692931175232,-0.10194668918848038,0.9638023972511292,0.2463569939136505,56.8590087890625
0.1991756558418274,0.2640233039855957,-0.9437270760536194,-133.08016967773438,-0.9744508862495422,-0.04864552244544029,-0.21926937997341156,0.34166762232780457,-0.10380032658576965,0.9632887840270996,0.24758875370025635,56.82789611816406
0.20150113105773926,0.2657528817653656,-0.9427474141120911,-132.91946411132812,-0.9737730622291565,-0.04947124794125557,-0.22207804024219513,0.37282735109329224,-0.10565677285194397,0.9627709984779358,0.24881449341773987,56.79656219482422
0.2038218379020691,0.26748374104499817,-0.9417585134506226,-132.75889587402344,-0.9730862975120544,-0.05029168352484703,-0.22488614916801453,0.4044484794139862,-0.10751600563526154,0.9622490406036377,0.2500342130661011,56.765010833740234
0.2061377614736557,0.2692159116268158,-0.9407603144645691,-132.5984649658203,-0.9723907113075256,-0.05110680311918259,-0.22769370675086975,0.43653103709220886,-0.10937802493572235,0.9617228507995605,0.25124800205230713,56.73324203491211
0.20844873785972595,0.2709493041038513,-0.9397529363632202,-132.43817138671875,-0.9716862440109253,-0.05191667377948761,-0.23050053417682648,0.4690749943256378,-0.11124280840158463,0.9611925482749939,0.2524557411670685,56.701255798339844
0.21075482666492462,0.2726837694644928,-0.9387363791465759,-132.27801513671875,-0.9709729552268982,-0.052721261978149414,-0.23330669105052948,0.5020803213119507,-0.11311031877994537,0.9606581330299377,0.2536573112010956,56.6690559387207
0.21305590867996216,0.27441954612731934,-0.9377105832099915,-132.1179962158203,-0.9702508449554443,-0.05352053418755531,-0.23611202836036682,0.5355470180511475,-0.11498052626848221,0.9601194858551025,0.25485292077064514,56.63663864135742
0.21535202860832214,0.2761562168598175,-0.9366756081581116,-131.95811462402344,-0.969519853591919,-0.05431455746293068,-0.23891660571098328,0.5694750547409058,-0.11685343086719513,0.9595768451690674,0.2560421824455261,56.604007720947266
0.2176431566476822,0.2778942584991455,-0.9356314539909363,-131.79837036132812,-0.9687801003456116,-0.05510321632027626,-0.24172040820121765,0.6038644313812256,-0.11872901767492294,0.9590299129486084,0.2572256028652191,56.5711669921875
0.21992924809455872,0.27963319420814514,-0.9345781803131104,-131.63877868652344,-0.9680315256118774,-0.05588660016655922,-0.24452336132526398,0.6387150883674622,-0.12060724198818207,0.9584789872169495,0.25840264558792114,56.53811264038086
0.22221028804779053,0.2813733220100403,-0.933515727519989,-131.4793243408203,-0.9672741293907166,-0.05666462704539299,-0.24732542037963867,0.6740270256996155,-0.1224881038069725,0.9579238891601562,0.25957369804382324,56.50484848022461
0.22448620200157166,0.2831146717071533,-0.9324440956115723,-131.3200225830078,-0.9665079712867737,-0.057437311857938766,-0.25012657046318054,0.709800124168396,-0.12437158823013306,0.9573646187782288,0.26073870062828064,56.47137451171875
0.2267569750547409,0.2848568260669708,-0.9313634634017944,-131.16087341308594,-0.9657330513000488,-0.05820471793413162,-0.2529267370700836,0.7460343837738037,-0.12625765800476074,0.9568013548851013,0.26189732551574707,56.43769073486328
0.22902268171310425,0.28660011291503906,-0.9302735924720764,-131.00186157226562,-0.9649493098258972,-0.05896669253706932,-0.2557259798049927,0.7827297449111938,-0.12814626097679138,0.9562339186668396,0.2630498707294464,56.40380096435547
0.23128314316272736,0.28834453225135803,-0.9291746616363525,-130.84300231933594,-0.9641568064689636,-0.05972328037023544,-0.25852417945861816,0.8198861479759216,-0.13003739714622498,0.9556623697280884,0.26419636607170105,56.36970138549805
0.2335384637117386,0.2900897264480591,-0.9280666708946228,-130.68429565429688,-0.9633556008338928,-0.06047452241182327,-0.2613213360309601,0.8575034737586975,-0.13193102180957794,0.9550867676734924,0.26533642411231995,56.33539581298828
0.23578859865665436,0.2918360233306885,-0.9269495606422424,-130.5257568359375,-0.9625455737113953,-0.061220355331897736,-0.2641174793243408,0.8955817222595215,-0.13382717967033386,0.9545071125030518,0.26647040247917175,56.30088806152344
0.2380335032939911,0.2935832440853119,-0.9258233904838562,-130.36737060546875,-0.9617268443107605,-0.061960794031620026,-0.2669125199317932,0.934120774269104,-0.13572581112384796,0.9539233446121216,0.26759815216064453,56.26617431640625
0.24027301371097565,0.2953314185142517,-0.9246881604194641,-130.20913696289062,-0.9608994126319885,-0.06269586831331253,-0.2697063386440277,0.9731205701828003,-0.13762688636779785,0.9533355236053467,0.2687196731567383,56.231258392333984
0.2425072193145752,0.29708051681518555,-0.9235439300537109,-130.05105590820312,-0.9600632786750793,-0.06342551857233047,-0.2724989652633667,1.0125809907913208,-0.13953037559986115,0.9527435898780823,0.2698349356651306,56.19614028930664
0.2447361946105957,0.29883047938346863,-0.9223906397819519,-129.8931427001953,-0.959218442440033,-0.06414971500635147,-0.27529045939445496,1.052501916885376,-0.14143627882003784,0.9521476626396179,0.2709439694881439,56.16082000732422
0.24695977568626404,0.3005812466144562,-0.9212284088134766,-129.7353973388672,-0.9583648443222046,-0.0648685097694397,-0.27808067202568054,1.0928833484649658,-0.14334455132484436,0.9515476822853088,0.27204659581184387,56.125301361083984
0.2491779327392578,0.3023328483104706,-0.9200571775436401,-129.5778045654297,-0.9575026035308838,-0.06558191776275635,-0.28086960315704346,1.1337250471115112,-0.1452552229166031,0.950943648815155,0.27314293384552,56.08958435058594
0.25139060616493225,0.3040851652622223,-0.9188770055770874,-129.42037963867188,-0.9566317200660706,-0.06628994643688202,-0.28365713357925415,1.1750270128250122,-0.14716823399066925,0.950335681438446,0.2742328643798828,56.05366897583008
0.2535979151725769,0.30583828687667847,-0.9176878929138184,-129.26312255859375,-0.9557521939277649,-0.06699243187904358,-0.2864433825016022,1.2167890071868896,-0.14908349514007568,0.9497236013412476,0.2753164768218994,56.017555236816406
0.2557997703552246,0.30759212374687195,-0.9164897799491882,-129.1060333251953,-0.954863965511322,-0.06768947094678879,-0.289228230714798,1.2590110301971436,-0.15100103616714478,0.9491075873374939,0.27639368176460266,55.98124694824219
0.25799617171287537,0.3093467056751251,-0.9152827858924866,-128.94911193847656,-0.9539670944213867,-0.06838104128837585,-0.29201173782348633,1.3016929626464844,-0.15292085707187653,0.9484875798225403,0.27746453881263733,55.944740295410156
0.2601870596408844,0.3111021816730499,-0.9140667915344238,-128.7923583984375,-0.953061580657959,-0.0690670982003212,-0.2947937846183777,1.344834566116333,-0.15484292805194855,0.9478634595870972,0.27852916717529297,55.90803909301758
0.2623724043369293,0.31285837292671204,-0.9128419160842896,-128.6357879638672,-0.9521474242210388,-0.06974766403436661,-0.29757437109947205,1.3884357213974,-0.15676723420619965,0.9472354054450989,0.27958744764328003,55.87114715576172
0.26455214619636536,0.3146151900291443,-0.9116081595420837,-128.47938537597656,-0.951224684715271,-0.07042279094457626,-0.30035340785980225,1.4324963092803955,-0.15869374573230743,0.9466033577919006,0.2806392312049866,55.83406448364258
0.26672637462615967,0.316372811794281,-0.9103654623031616,-128.3231658935547,-0.9502933621406555,-0.07109235227108002,-0.30313101410865784,1.4770162105560303,-0.16062243282794952,0.9459673166275024,0.2816847860813141,55.79678726196289
