-0.14122186601161957,0.10104477405548096,-0.9848077893257141,-142.74038696289062,-0.9899779558181763,-0.014414266683161259,0.14048431813716888,9.024218559265137,-7.560165471431901e-08,0.9947774410247803,0.10206770896911621,55.103389739990234
-0.13959892094135284,0.10247921198606491,-0.9848909378051758,-142.60780334472656,-0.9902077913284302,-0.01529554184526205,0.1387610137462616,8.933799743652344,-0.0008443205151706934,0.9946175217628479,0.10361095517873764,55.05838394165039
-0.13797692954540253,0.10391481965780258,-0.9849690794944763,-142.4751434326172,-0.9904339909553528,-0.016174299642443657,0.13703607022762299,8.843646049499512,-0.0016911054262891412,0.9944546818733215,0.10515245050191879,55.01309585571289
-0.13635565340518951,0.10535147041082382,-0.9850422143936157,-142.34239196777344,-0.9906566739082336,-0.017050493508577347,0.13530926406383514,8.75375747680664,-0.0025404253974556923,0.9942888617515564,0.10669207572937012,54.967525482177734
-0.1347353309392929,0.10678939521312714,-0.985110342502594,-142.20956420898438,-0.9908758401870728,-0.017924178391695023,0.13358084857463837,8.664134979248047,-0.003392275655642152,0.9941200613975525,0.10823005437850952,54.92167282104492
-0.13311585783958435,0.10822859406471252,-0.9851734638214111,-142.07666015625,-0.9910913705825806,-0.018795333802700043,0.1318506896495819,8.57477855682373,-0.004246651194989681,0.9939483404159546,0.10976637899875641,54.87553405761719
-0.13149701058864594,0.1096690446138382,-0.9852315783500671,-141.94366455078125,-0.9913034439086914,-0.01966393180191517,0.13011856377124786,8.485689163208008,-0.005103547126054764,0.9937736392021179,0.11130104959011078,54.8291130065918
-0.12987926602363586,0.1111106351017952,-0.9852846264839172,-141.8105926513672,-0.991511881351471,-0.02053000032901764,0.12838496267795563,8.396866798400879,-0.005962958559393883,0.9935959577560425,0.11283393949270248,54.78240966796875
-0.12826240062713623,0.11255335062742233,-0.9853326678276062,-141.6774444580078,-0.9917168021202087,-0.021393511444330215,0.1266496628522873,8.30831241607666,-0.006824880372732878,0.993415355682373,0.11436503380537033,54.73542404174805
-0.12664639949798584,0.11399731040000916,-0.985375702381134,-141.54421997070312,-0.99191814661026,-0.022254470735788345,0.12491267174482346,8.220026016235352,-0.007689306978136301,0.9932317733764648,0.11589445173740387,54.68815612792969
-0.12503129243850708,0.11544238775968552,-0.9854137301445007,-141.41091918945312,-0.9921159148216248,-0.023112863302230835,0.12317398190498352,8.132007598876953,-0.00855623371899128,0.9930452704429626,0.11742205917835236,54.64060974121094
-0.1234169751405716,0.11688857525587082,-0.9854467511177063,-141.2775421142578,-0.9923101663589478,-0.023968668654561043,0.12143350392580032,8.044258117675781,-0.00942565780133009,0.9928557872772217,0.11894785612821579,54.59278106689453
-0.12180367112159729,0.11833597719669342,-0.9854747653007507,-141.1440887451172,-0.9925007820129395,-0.024821922183036804,0.11969146132469177,7.956778526306152,-0.010297571308910847,0.9926633238792419,0.12047195434570312,54.54467010498047
-0.12019128352403641,0.11978436261415482,-0.9854977130889893,-141.01055908203125,-0.9926878809928894,-0.025672581046819687,0.1179477721452713,7.869568347930908,-0.011171970516443253,0.9924679398536682,0.12199410796165466,54.49627685546875
-0.11857981979846954,0.12123395502567291,-0.9855156540870667,-140.876953125,-0.9928714036941528,-0.026520662009716034,0.11620242148637772,7.782628536224365,-0.012048848904669285,0.9922696352005005,0.12351454794406891,54.44760513305664
-0.11696939915418625,0.12268451601266861,-0.9855286478996277,-140.74327087402344,-0.9930513501167297,-0.02736615389585495,0.11445555090904236,7.695959091186523,-0.012928204610943794,0.992068350315094,0.12503302097320557,54.398651123046875
-0.11535991728305817,0.12413638085126877,-0.985536515712738,-140.60952758789062,-0.9932277798652649,-0.028209073469042778,0.11270703375339508,7.609560966491699,-0.01381002925336361,0.9918640851974487,0.12654989957809448,54.34941482543945
-0.1137513816356659,0.12558919191360474,-0.985539436340332,-140.4757080078125,-0.9934005737304688,-0.029049374163150787,0.11095689982175827,7.523434162139893,-0.014694316312670708,0.9916569590568542,0.12806478142738342,54.29990005493164
-0.11214379966259003,0.12704308331012726,-0.9855373501777649,-140.34181213378906,-0.9935698509216309,-0.029887070879340172,0.10920514911413193,7.437579154968262,-0.015581064857542515,0.991446852684021,0.12957781553268433,54.25010299682617
-0.11053717881441116,0.12849801778793335,-0.9855301976203918,-140.20785522460938,-0.9937354922294617,-0.030722154304385185,0.10745178908109665,7.351996421813965,-0.01647026836872101,0.991233766078949,0.131088986992836,54.20002746582031
-0.1089315265417099,0.12995411455631256,-0.9855180382728577,-140.07382202148438,-0.9938976168632507,-0.031554631888866425,0.10569682717323303,7.266685962677002,-0.017361920326948166,0.991017758846283,0.1325983852148056,54.1496696472168
-0.10732697695493698,0.13141115009784698,-0.9855009317398071,-139.93972778320312,-0.9940561652183533,-0.032384492456912994,0.10394039750099182,7.1816487312316895,-0.018256017938256264,0.990798830986023,0.13410578668117523,54.09903335571289
-0.10572340339422226,0.13286931812763214,-0.9854786992073059,-139.80555725097656,-0.9942111372947693,-0.033211734145879745,0.10218238830566406,7.096884727478027,-0.019152553752064705,0.990576982498169,0.1356114149093628,54.048118591308594
-0.10412083566188812,0.13432852923870087,-0.9854515194892883,-139.67132568359375,-0.9943625330924988,-0.03403634577989578,0.10042279958724976,7.012394905090332,-0.02005152218043804,0.9903521537780762,0.13711515069007874,53.996925354003906
-0.10251925885677338,0.13578875362873077,-0.9854193329811096,-139.5370330810547,-0.994510293006897,-0.03485831990838051,0.09866165369749069,6.9281792640686035,-0.020952919498085976,0.9901244044303894,0.13861696422100067,53.94544982910156
-0.10091870278120041,0.1372498869895935,-0.985382080078125,-139.4026641845703,-0.9946545362472534,-0.03567764163017273,0.09689895063638687,6.84423828125,-0.02185674197971821,0.9898937344551086,0.14011676609516144,53.89369583129883
-0.09931927919387817,0.13871212303638458,-0.985339879989624,-139.2682342529297,-0.9947952032089233,-0.03649434447288513,0.09513482451438904,6.76057243347168,-0.022762978449463844,0.9896600842475891,0.14161475002765656,53.8416633605957
-0.09772076457738876,0.1401754915714264,-0.9852926135063171,-139.1337432861328,-0.9949322938919067,-0.03730838745832443,0.09336904436349869,6.677181720733643,-0.023671627044677734,0.9894235134124756,0.14311093091964722,53.78935241699219
-0.09612340480089188,0.14163973927497864,-0.9852403402328491,-138.9991912841797,-0.9950658082962036,-0.038119785487651825,0.09160185605287552,6.594067096710205,-0.02458268590271473,0.9891840219497681,0.14460507035255432,53.73676300048828
-0.09452708810567856,0.14310497045516968,-0.9851830005645752,-138.8645782470703,-0.995195746421814,-0.03892851993441582,0.08983314782381058,6.511228561401367,-0.025496147572994232,0.9889416098594666,0.14609725773334503,53.683895111083984
-0.09293194115161896,0.14457128942012787,-0.9851207137107849,-138.7299041748047,-0.9953221082687378,-0.0397346206009388,0.08806304633617401,6.428666591644287,-0.026412010192871094,0.988696277141571,0.1475876122713089,53.6307487487793
-0.09133785963058472,0.14603857696056366,-0.9850533604621887,-138.5951690673828,-0.9954448342323303,-0.04053805023431778,0.08629144728183746,6.346381664276123,-0.02733026258647442,0.9884479641914368,0.14907599985599518,53.57732391357422
-0.08974484354257584,0.1475067138671875,-0.9849810600280762,-138.4603729248047,-0.9955640435218811,-0.04133879020810127,0.08451836556196213,6.264374256134033,-0.02825089730322361,0.9881967902183533,0.1505623161792755,53.523624420166016
-0.08815301954746246,0.1489756852388382,-0.9849036931991577,-138.3255157470703,-0.9956796169281006,-0.04213685914874077,0.08274392783641815,6.182644844055176,-0.02917391248047352,0.9879426956176758,0.1520465463399887,53.46964645385742
-0.08656228333711624,0.15044572949409485,-0.9848213195800781,-138.19061279296875,-0.9957916736602783,-0.04293225333094597,0.08096801489591599,6.101193428039551,-0.030099306255578995,0.9876856207847595,0.15352891385555267,53.41539001464844
-0.08497276157140732,0.1519167125225067,-0.9847339391708374,-138.05564880371094,-0.9959000945091248,-0.04372497648000717,0.07919075340032578,6.020020484924316,-0.031027069315314293,0.987425684928894,0.15500929951667786,53.36085891723633
-0.08338434249162674,0.1533886343240738,-0.9846415519714355,-137.92062377929688,-0.9960049390792847,-0.04451500251889229,0.07741204649209976,5.939126491546631,-0.031957194209098816,0.9871627688407898,0.15648767352104187,53.30604934692383
-0.0817970335483551,0.15486136078834534,-0.9845441579818726,-137.78555297851562,-0.9961061477661133,-0.045302316546440125,0.07563190162181854,5.858511924743652,-0.032889675348997116,0.9868969917297363,0.15796394646167755,53.2509651184082
-0.08021095395088196,0.1563349962234497,-0.9844417572021484,-137.65042114257812,-0.9962038397789001,-0.046086959540843964,0.07385044544935226,5.778177261352539,-0.03382451832294464,0.9866282939910889,0.15943820774555206,53.19560241699219
-0.07862601429224014,0.15780967473983765,-0.9843343496322632,-137.51524353027344,-0.9962979555130005,-0.04686889424920082,0.07206755876541138,5.698122501373291,-0.0347617045044899,0.9863566160202026,0.16091056168079376,53.13996505737305
-0.07704219967126846,0.1592850238084793,-0.9842219352722168,-137.3800048828125,-0.9963884353637695,-0.0476481057703495,0.07028326392173767,5.618348121643066,-0.03570123761892319,0.986082136631012,0.1623806655406952,53.08405303955078
-0.07545965909957886,0.16076138615608215,-0.9841044545173645,-137.24472045898438,-0.996475338935852,-0.0484246201813221,0.0684976875782013,5.538854598999023,-0.03664310276508331,0.9858046770095825,0.1638488620519638,53.027862548828125
-0.07387825846672058,0.16223874688148499,-0.9839820265769958,-137.10939025878906,-0.996558666229248,-0.04919842258095741,0.0667107030749321,5.45964241027832,-0.037587303668260574,0.9855242967605591,0.16531513631343842,52.971397399902344
-0.07229802757501602,0.16371700167655945,-0.9838545322418213,-136.97401428222656,-0.9966384172439575,-0.04996950179338455,0.06492234021425247,5.380712032318115,-0.038533829152584076,0.9852409958839417,0.16677935421466827,52.91465759277344
-0.07071908563375473,0.1651960164308548,-0.9837220311164856,-136.8385772705078,-0.9967145919799805,-0.050737857818603516,0.06313271820545197,5.302063465118408,-0.03948267549276352,0.9849547743797302,0.16824141144752502,52.857643127441406
-0.06914132088422775,0.1666758954524994,-0.9835845828056335,-136.70309448242188,-0.9967871308326721,-0.05150347948074341,0.06134173646569252,5.223697185516357,-0.040433838963508606,0.9846656918525696,0.16970139741897583,52.80035400390625
-0.06756474077701569,0.16815640032291412,-0.9834421277046204,-136.56756591796875,-0.9968560934066772,-0.05226634070277214,0.05954941362142563,5.145613670349121,-0.04138730838894844,0.9843737483024597,0.17115908861160278,52.74279022216797
-0.06598935276269913,0.169637992978096,-0.983294665813446,-136.43199157714844,-0.9969214797019958,-0.0530264750123024,0.0577557310461998,5.067812919616699,-0.04234308376908302,0.9840788245201111,0.1726149469614029,52.68495178222656
-0.06441529095172882,0.17112042009830475,-0.9831421375274658,-136.29637145996094,-0.9969832897186279,-0.05378388240933418,0.05596083030104637,4.990295886993408,-0.043301161378622055,0.9837810397148132,0.17406870424747467,52.62683868408203
-0.06284256279468536,0.172603577375412,-0.9829846620559692,-136.16070556640625,-0.9970414638519287,-0.0545385479927063,0.05416472256183624,4.913062572479248,-0.04426153004169464,0.9834803342819214,0.17552027106285095,52.568450927734375
-0.061271052807569504,0.1740875542163849,-0.9828221797943115,-136.02499389648438,-0.9970961213111877,-0.05529045686125755,0.052367303520441055,4.836113452911377,-0.04522418975830078,0.9831767082214355,0.1769697219133377,52.50979232788086
-0.059700772166252136,0.1755722463130951,-0.9826546907424927,-135.88925170898438,-0.9971471428871155,-0.05603959783911705,0.050568580627441406,4.759449005126953,-0.04618913307785988,0.9828702807426453,0.17841696739196777,52.45085906982422
-0.05813184753060341,0.17705762386322021,-0.9824821949005127,-135.7534637451172,-0.9971945285797119,-0.056785985827445984,0.04876868799328804,4.683069229125977,-0.047156352549791336,0.982560932636261,0.17986197769641876,52.39165115356445
-0.056564170867204666,0.1785440593957901,-0.9823046922683716,-135.6176300048828,-0.9972383975982666,-0.057529617100954056,0.04696749523282051,4.6069746017456055,-0.048125844448804855,0.9822486042976379,0.18130509555339813,52.33217239379883
-0.054997868835926056,0.18003104627132416,-0.9821222424507141,-135.4817657470703,-0.99727863073349,-0.05827048420906067,0.045165155082941055,4.531165599822998,-0.04909760504961014,0.9819334745407104,0.18274585902690887,52.27241897583008
-0.053432829678058624,0.18151894211769104,-0.9819347262382507,-135.34585571289062,-0.9973152875900269,-0.05900857225060463,0.043361540883779526,4.4556427001953125,-0.05007162317633629,0.981615424156189,0.18418461084365845,52.21239471435547
-0.05186918005347252,0.18300761282444,-0.9817422032356262,-135.2099151611328,-0.9973483085632324,-0.05974389240145683,0.04155678674578667,4.380405902862549,-0.05104789510369301,0.9812945127487183,0.1856212019920349,52.152099609375
-0.05030681565403938,0.18449707329273224,-0.9815447330474854,-135.0739288330078,-0.9973778128623962,-0.06047643721103668,0.03975078463554382,4.305455684661865,-0.052026424556970596,0.9809706807136536,0.18705566227436066,52.091529846191406
-0.04874585568904877,0.18598729372024536,-0.9813422560691833,-134.9379119873047,-0.9974036812782288,-0.06120619550347328,0.03794366493821144,4.23079252243042,-0.05300718545913696,0.9806439280509949,0.1884879469871521,52.03068923950195
-0.04718619957566261,0.18747803568840027,-0.9811347723007202,-134.80184936523438,-0.9974259734153748,-0.06193315237760544,0.03613533452153206,4.156416893005371,-0.053990188986063004,0.9803143739700317,0.18991784751415253,51.96957778930664
-0.04562784731388092,0.1889696568250656,-0.980922281742096,-134.66575622558594,-0.9974446296691895,-0.06265730410814285,0.03432577848434448,4.082328796386719,-0.054975416511297226,0.9799818992614746,0.1913456916809082,51.90819549560547
-0.044070810079574585,0.19046202301979065,-0.9807048439979553,-134.52963256835938,-0.9974597096443176,-0.06337864696979523,0.032515015453100204,4.008528709411621,-0.05596287548542023,0.9796465635299683,0.19277134537696838,51.84654235839844
-0.04251521825790405,0.19195511937141418,-0.9804823994636536,-134.3934783935547,-0.9974712133407593,-0.06409721076488495,0.030703172087669373,3.9350168704986572,-0.05695255473256111,0.9793083071708679,0.19419480860233307,51.78461837768555
-0.04096107929944992,0.19344881176948547,-0.9802549481391907,-134.25729370117188,-0.9974791407585144,-0.06481297314167023,0.02889026701450348,3.8617937564849854,-0.05794445052742958,0.9789672493934631,0.1956159621477127,51.7224235534668
-0.039408281445503235,0.1949431300163269,-0.9800225496292114,-134.12107849121094,-0.9974834322929382,-0.06552591174840927,0.027076195925474167,3.7888596057891846,-0.05893855169415474,0.9786232709884644,0.1970348060131073,51.65995788574219
-0.03785695135593414,0.19643814861774445,-0.979785144329071,-133.9848175048828,-0.9974841475486755,-0.06623604893684387,0.02526107244193554,3.716214895248413,-0.05993485823273659,0.9782764911651611,0.198451429605484,51.597225189208984
-0.03630698472261429,0.1979338675737381,-0.9795427322387695,-133.84854125976562,-0.9974812865257263,-0.06694335490465164,0.023444795981049538,3.64385986328125,-0.06093335524201393,0.9779267907142639,0.19986583292484283,51.53422164916992
-0.03475850448012352,0.19943028688430786,-0.9792953729629517,-133.7122344970703,-0.9974748492240906,-0.06764784455299377,0.02162749134004116,3.5717947483062744,-0.06193404644727707,0.9775742292404175,0.20127801597118378,51.470947265625
-0.033211398869752884,0.200927272439003,-0.9790430068969727,-133.57589721679688,-0.9974647760391235,-0.06834950298070908,0.01980905793607235,3.5000200271606445,-0.0629369243979454,0.9772188067436218,0.20268785953521729,51.407405853271484
-0.031665679067373276,0.20242494344711304,-0.9787856936454773,-133.4395294189453,-0.99745112657547,-0.06904831528663635,0.017989501357078552,3.4285359382629395,-0.06394197791814804,0.976860523223877,0.20409543812274933,51.34359359741211
-0.03012147732079029,0.2039232850074768,-0.9785233736038208,-133.30313110351562,-0.9974338412284851,-0.06974431127309799,0.016168946400284767,3.3573429584503174,-0.06494920700788498,0.9764993786811829,0.2055007815361023,51.27951431274414
-0.028578676283359528,0.20542217791080475,-0.978256106376648,-133.16671752929688,-0.9974130392074585,-0.07043744623661041,0.014347297139465809,3.2864413261413574,-0.06595860421657562,0.9761353731155396,0.20690375566482544,51.21516799926758
-0.027037525549530983,0.20692169666290283,-0.977983832359314,-133.0302734375,-0.9973886013031006,-0.07112777233123779,0.01252478826791048,3.2158312797546387,-0.06697015464305878,0.9757685661315918,0.20830446481704712,51.15055465698242
-0.0254977960139513,0.20842188596725464,-0.9777066111564636,-132.893798828125,-0.9973605275154114,-0.07181523740291595,0.010701194405555725,3.1455132961273193,-0.06798387318849564,0.97539883852005,0.20970289409160614,51.085670471191406
-0.02395949698984623,0.20992259681224823,-0.9774243831634521,-132.75730895996094,-0.9973289370536804,-0.07249985635280609,0.00887653511017561,3.0754876136779785,-0.068999744951725,0.9750263094902039,0.21109893918037415,51.0205192565918
-0.022422756999731064,0.21142393350601196,-0.9771372079849243,-132.6208038330078,-0.9972937107086182,-0.0731816291809082,0.007050930056720972,3.0057544708251953,-0.0700177550315857,0.9746509194374084,0.2124926894903183,50.955101013183594
-0.0208874624222517,0.2129257768392563,-0.9768450856208801,-132.48426818847656,-0.9972549080848694,-0.0738605260848999,0.005224283318966627,2.936314344406128,-0.0710379108786583,0.9742726683616638,0.21388402581214905,50.8894157409668
-0.019353745505213737,0.21442811191082,-0.9765480160713196,-132.34771728515625,-0.9972124695777893,-0.07453657686710358,0.0033967201597988605,2.8671674728393555,-0.07206019014120102,0.9738916158676147,0.2152729481458664,50.823463439941406
-0.01782149262726307,0.21593105792999268,-0.9762459397315979,-132.21115112304688,-0.9971665143966675,-0.07520973682403564,0.001568127074278891,2.798314094543457,-0.07308459281921387,0.9735077023506165,0.2166595607995987,50.75724792480469
-0.016290834173560143,0.21743471920490265,-0.9759389162063599,-132.07455444335938,-0.9971169233322144,-0.0758800357580185,-0.0002613756514620036,2.729754686355591,-0.07411111146211624,0.973120927810669,0.2180439829826355,50.690765380859375
-0.014761659316718578,0.21893896162509918,-0.9756268858909607,-131.9379425048828,-0.9970637559890747,-0.07654746621847153,-0.002091894159093499,2.661489248275757,-0.07513976842164993,0.9727312922477722,0.21942606568336487,50.62401580810547
-0.013234094716608524,0.22044378519058228,-0.9753099083900452,-131.8013153076172,-0.9970069527626038,-0.07721202820539474,-0.003923293203115463,2.5935184955596924,-0.07617051899433136,0.972338855266571,0.220805823802948,50.557003021240234
-0.011708032339811325,0.22194895148277283,-0.9749879837036133,-131.6646728515625,-0.9969466328620911,-0.07787369191646576,-0.005755661986768246,2.5258424282073975,-0.07720337808132172,0.9719436168670654,0.2221830040216446,50.489723205566406
-0.010183597914874554,0.22345468401908875,-0.974661111831665,-131.52801513671875,-0.9968826770782471,-0.07853247970342636,-0.007588891312479973,2.4584615230560303,-0.07823832333087921,0.9715455174446106,0.22355784475803375,50.42218017578125
-0.008660683408379555,0.22496084868907928,-0.9743292927742004,-131.39134216308594,-0.9968151450157166,-0.07918833941221237,-0.009423073381185532,2.39137601852417,-0.07927534729242325,0.9711446166038513,0.22493021190166473,50.3543701171875
-0.007139415480196476,0.22646744549274445,-0.9739925861358643,-131.25465393066406,-0.9967439770698547,-0.07984136044979095,-0.011258093640208244,2.3245861530303955,-0.08031447976827621,0.9707408547401428,0.22630009055137634,50.28629684448242
-0.005619684234261513,0.22797459363937378,-0.9736508727073669,-131.11795043945312,-0.9966692924499512,-0.08049143105745316,-0.013094051741063595,2.2580924034118652,-0.08135566860437393,0.9703343510627747,0.22766761481761932,50.217960357666016
-0.0041014994494616985,0.22948238253593445,-0.9733041524887085,-130.9812469482422,-0.9965909719467163,-0.08113860338926315,-0.014930957928299904,2.191894769668579,-0.08239893615245819,0.9699249267578125,0.22903285920619965,50.14936065673828
-0.002584869274869561,0.230990469455719,-0.9729526042938232,-130.8445281982422,-0.9965090751647949,-0.08178285509347916,-0.016768766567111015,2.1259937286376953,-0.0834442675113678,0.9695127606391907,0.23039549589157104,50.08049774169922
-0.001069922000169754,0.23249906301498413,-0.9725960493087769,-130.70779418945312,-0.996423602104187,-0.08242420852184296,-0.01860737055540085,2.060389757156372,-0.08449165523052216,0.9690977334976196,0.23175574839115143,50.01137161254883
