1.0000000427732696,-7.86092278167999e-09,-4.647366255716712e-09,0.0,-7.86092278167999e-09,0.9999999684457445,4.840440920754133e-10,0.0,-4.647366255716712e-09,4.840440920754133e-10,0.9999999746197467,0.0
0.999997346406206,0.0017167395149967901,-0.0015527782276340135,0.1478654442899483,-0.0017177834858393044,0.999998305266929,-0.0006698685103010307,0.07078893169066447,0.0015516203176586807,0.0006725332504420867,0.9999985359373913,0.030070550241525495
0.9999893103324828,0.0034322961721665324,-0.0031066482295745435,0.2957975904923842,-0.0034364747429596935,0.9999931773236241,-0.0013370801760617355,0.1413046246283738,0.003102033077155855,0.0013477415215530641,0.999994273790853,0.06041802624403658
0.9999758909839891,0.0051469131501311605,-0.004661489459459822,0.44381146558157525,-0.005156302909609432,0.9999846689604817,-0.002001606300944808,0.2115449239384617,0.004651118266252932,0.0020255945763433814,0.9999871154172413,0.09104088618664719
0.9999571467620865,0.0068603551652448025,-0.006217537095710657,0.5918919086069536,-0.006877017204812954,0.9999728138474179,-0.00266346866455881,0.2815110403790424,0.0061990945836166295,0.0027061117576637206,0.999977084946701,0.12194068563677263
0.999933058065896,0.008572707682992453,-0.00777478217622074,0.7400393089259296,-0.008598750394960705,0.9999574792392751,-0.003322646983145225,0.3512029739504037,0.007745956550681249,0.003389279264321865,0.9999642413772529,0.15312121936918288
0.9999035934947258,0.010284215446567657,-0.009333204847443682,0.8882681701790887,-0.010321723757369158,0.9999388105923593,-0.003979116753598685,0.42061762566104477,0.00929170738928646,0.004075067069670979,0.9999485227542841,0.18457716453471562
0.999868750503097,0.011994383243414841,-0.010892698973618886,1.0365634653921347,-0.012045442064472493,0.9999166982246502,-0.00463292141835717,0.4897571503856266,0.010836220035741348,0.004763521069177601,0.9999299181878913,0.21631006295427824
0.9998285548685086,0.01370344741944518,-0.012453239871170696,1.184925060588796,-0.013770135011067467,0.9998912285851694,-0.005284035422121404,0.5586206040076025,0.012379476865808717,0.0054546118637374685,0.999908485063016,0.24831992837437866
0.9997830198050696,0.01541141370557264,-0.014014951807062859,1.3333529557690724,-0.015495795221234517,0.9998623405622622,-0.00593244746187049,0.6272079865269706,0.01392159635880591,0.006148333248071236,0.999884176212324,0.2806067607950169
0.9997321305777436,0.017118252276948187,-0.015577701868579652,1.4818467615755253,-0.017222430070894332,0.9998300383646679,-0.0065781606729220345,0.6955192979434432,0.015462445212076598,0.006844683601254398,0.9998570379160637,0.31316676544140876
0.9996758746262538,0.01882407394537311,-0.017141485923644034,1.630406733389293,-0.018950128070973498,0.999794366269082,-0.007221155823711428,0.7635535941407579,0.017002024714356634,0.0075436487449623835,0.9998270098327019,0.34600375083486057
0.9996142947582478,0.020528641034124773,-0.018706411667489542,1.779032737234104,-0.0206786679441471,0.9997552378264822,-0.007861453219225252,0.8313099310023642,0.01854044281884884,0.00824524510787783,0.9997941030121543,0.37911773072188026
0.9995472956657181,0.022232065296074577,-0.02027223953885665,1.9277248400980511,-0.022408122407970604,0.9997127573730332,-0.008499043065705082,0.8987887805865373,0.020077462144538802,0.008949457478902467,0.9997583527921486,0.4125086982292103
0.9994749575287781,0.023934330354909106,-0.02183919201449147,2.0764825186475093,-0.024138514631726803,0.999666866953635,-0.009133910393402809,0.9659891987764393,0.021613306645232477,0.009656280984824961,0.9997197819995896,0.4461728723285887
0.9993973330778858,0.025635318622275527,-0.023407038811595116,2.225306162239832,-0.02586971289061358,0.9996175834032459,-0.009766077808373748,1.0329111855723578,0.023147716260930512,0.010365725818203664,0.9996783070890779,0.4801140477947925
0.9993142664451449,0.027335140339627362,-0.024976112467760797,2.3741806099244513,-0.027601817322644627,0.9995649509985611,-0.010395514558096373,1.0995559517324072,0.024681081469030683,0.01107777224196188,0.999633962180152,0.5143337801952299
0.9992258968496303,0.029033770757133315,-0.02654604207904787,2.5231204993182246,-0.02933482367664564,0.9995088527771961,-0.011022225047995684,1.165921342381635,0.026212983541587742,0.011792416242045523,0.99958682905188,0.5488267329342307
0.9991321808014973,0.030731219189381376,-0.028116973979271404,2.672126152790497,-0.03106872353512619,0.9994494078059047,-0.011646205090573689,1.232006885462054,0.027743576734729575,0.012509655926523644,0.9995368028834996,0.5835967076598365
0.99903305912739,0.03242746088654025,-0.02968887017312019,2.8211820870213273,-0.03280350110469771,0.9993864991223024,-0.012267450726866675,1.2978142637897658,0.02927285214046038,0.013229487281342156,0.9994838797765561,0.6186414582914139
0.9989286006986808,0.034122504592850156,-0.03126184302181134,2.97030371834245,-0.03453915742692203,0.9993202457931424,-0.01288595249782237,1.3633413224903954,0.030800892568681654,0.013951902855817988,0.9994281311772759,0.6539632377828468
0.9988188602409926,0.03581620957660281,-0.03283567083361605,3.1194754964458866,-0.03627556815290534,0.9992506077504681,-0.013501730905121788,1.4285892723217657,0.0323274677134667,0.014676914280892517,0.9993695343393003,0.6895598069267663
0.9987036687705348,0.03750869981296123,-0.034410544118996855,3.268712448305962,-0.038012818668851506,0.9991775671071359,-0.014114756747980035,1.4935559584092122,0.03385281960403397,0.015404501346578281,0.9993081088096785,0.7254296239022793
0.9985831902172437,0.03919994538201843,-0.035986379342951014,3.4179994129719944,-0.039750934227207,0.9991011280718849,-0.014725031588754527,1.5582425915108526,0.03537681158545786,0.016134661505492087,0.9992437860998556,0.7615742442767868
0.9984573659802153,0.04088995220480429,-0.037563140025520025,3.5673367798014795,-0.041489884282763276,0.9990212295330606,-0.015332552260269788,1.6226491716269713,0.036899419711614256,0.016867390405271965,0.9991766223844242,0.7979974628250872
0.9983261282347667,0.0425787072985635,-0.039140721349867125,3.7167391194231527,-0.04322966041804794,0.9989379937139711,-0.015937318741293248,1.6867730718243443,0.038420561065207054,0.017602685633137605,0.9991066069088037,0.8346939498247536
0.9981896329916062,0.04426609108823554,-0.04071932488194063,3.8661913378745396,-0.04497014670161477,0.9988513773901045,-0.016539336866619618,1.7506159749193575,0.03994041437106369,0.018340548223375497,0.999033700436812,0.8716652539699368
0.9980477319260425,0.045952323505398684,-0.0422989681307967,4.01569343515564,-0.046711554951731356,0.998761348995914,-0.017138561859996793,1.8141778809120126,0.041459009827233245,0.019080953737801276,0.9989579646825035,0.9089113752606295
0.997900493943117,0.04763716222607339,-0.04387940371856136,4.1652452772901825,-0.048453650180846755,0.9986679432535008,-0.017735044247532295,1.8774578456857594,0.042976100693530195,0.019823925167291256,0.9988793742640317,0.946432327443361
0.9977478537689296,0.04932071655064307,-0.045460731751967576,4.3148468642781665,-0.050196534610133285,0.9985711443800911,-0.018328750858861226,1.9404558692405978,0.044491783543646246,0.020569443807542442,0.9987979394527011,0.9842281105181314
0.9975899587628618,0.051002861553365086,-0.04704305914123158,4.464498129131442,-0.051940099684060916,0.9984709702628278,-0.018919696467037252,2.003171479518251,0.046006163093108524,0.02131752060395542,0.9987136712178816,1.022298731358184
0.997426663184674,0.05268369044348331,-0.048626269338377326,4.6141990048618595,-0.05368443183042917,0.9983673471638373,-0.01950786102747045,2.0656042044604455,0.04751911948086694,0.022068134758391922,0.9986264976837681,1.0606441968367903
0.9972580758794908,0.05436321920756981,-0.050210230161024494,4.763949035123858,-0.05542953313238313,0.9982603930976878,-0.020093242935333756,2.1277535720086185,0.04903053668328344,0.022821277140867957,0.9985365251231103,1.0992607190524168
0.9970840957218734,0.056041306172846195,-0.051794935634827344,4.913748542286726,-0.057175261364486286,0.9981500079369533,-0.020675862734777836,2.189619110104781,0.05054041009678563,0.023576960415098602,0.9984436930053545,1.1381520996531123
0.9969047874778153,0.05771807061968959,-0.05338062611662436,5.063582499376139,-0.05892174295876968,0.9980362949656143,-0.021255683067935287,2.2512029736236006,0.05204895776703511,0.02433517047006073,0.9983479660743987,1.1773198804597627
0.9967201567736229,0.0593933701148579,-0.054967157889324825,5.213465477020861,-0.06066885252476299,0.9979191540562442,-0.021832726562080476,2.312502535631845,0.05355605928161075,0.025095912557799915,0.9982494494194921,1.2167587317499482
0.9965301869604749,0.06106732233225243,-0.05655453945693373,5.363397797590181,-0.06241668594930561,0.9977986284333537,-0.0224069674015355,2.373517324071532,0.05506168638996509,0.02585916711485592,0.9981480240780413,1.2564724551717177
0.9963348699594967,0.06273991099061771,-0.05814262448563601,5.513363977764186,-0.06416523585649375,0.9976746601418427,-0.02297840977379835,2.4342490217587596,0.05656575004466942,0.026624930194476093,0.9980437948708089,1.2964588046444376
0.9961342326899781,0.06441103600910036,-0.05973152753939204,5.66337936688646,-0.06591437685584131,0.9975473840312388,-0.023547079515793025,2.494695001760876,0.05806833736004863,0.0273932176825738,0.9979367136349007,1.3367200399952495
0.9959282690513751,0.06608077516170097,-0.0613213815414792,5.813428548625296,-0.06766422696190919,0.9974167284680373,-0.02411292080864318,2.5548574189522597,0.05956955381779022,0.02816400287502574,0.9978267340911476,1.3772539082702693
0.995716947202427,0.0677491351299131,-0.06291179927789908,5.96352648296687,-0.06941476404699166,0.9972826323405846,-0.024675971509758938,2.614733646399971,0.0610690581589132,0.02893728883113944,0.9977139962627168,1.4180588745218614
0.9955002612190706,0.06941597601853111,-0.06450314018312547,6.113658465306145,-0.07116585430310432,0.9971451756998616,-0.025236209034335582,2.6743253669206855,0.0625671955172433,0.029713074925263316,0.9975983572761642,1.4591402822189607
0.9952783091848901,0.07108143028080338,-0.06609538140528975,6.263824039297532,-0.07291763995568594,0.9970043396065406,-0.025793620734917293,2.7336321084558417,0.06406394084967493,0.030491351312071924,0.9974798747043719,1.5004943434600335
0.995050964200061,0.07274546742647514,-0.06768841865090003,6.41402313795291,-0.07467007466614614,0.9968601282693602,-0.026348210278226775,2.792653398947163,0.06555917236205422,0.031272109885429944,0.9973585378464569,1.5421210651183515
0.9948182910642458,0.07440796967707763,-0.06928211984693977,6.564270788246574,-0.0764230488374032,0.9967125585232787,-0.026899996603592137,2.8513870835199864,0.06705277854995577,0.032055358984978355,0.9972343331512588,1.5840189053730072
0.9945803434718159,0.07606903833970824,-0.07087658006312214,6.714551896216108,-0.0781766704617219,0.9965615555782377,-0.02744895391655452,2.9098348449906997,0.0685448437805036,0.03284108447140616,0.9971073302908329,1.6261894129181655
0.9943370425264663,0.07772867330979949,-0.07247156083955925,6.8648663948733315,-0.07993091268186363,0.9964071794937058,-0.027995090071343636,2.9679962113010294,0.0700351514578639,0.03362927512089409,0.9969775047983466,1.66863259462707
0.9940884327602216,0.07938686724996158,-0.07406753397194199,7.015214284218246,-0.08168579393756985,0.9962494313218679,-0.028538373024102493,3.025871182450974,0.07152416137403236,0.03441993168628438,0.9968447852465822,1.7113484504997274
0.9938344479843755,0.08104348770694614,-0.07566423782159787,7.16559543027455,-0.08344116566908122,0.9960883300020519,-0.029078838549108497,3.0834588143239827,0.07301161069114637,0.03521306401290247,0.9967092646256157,1.75433699428266
0.9935751980416352,0.08269851782914994,-0.07726157365539965,7.316009833042301,-0.085197033647497,0.9959238175791573,-0.029616486625133588,3.1407591069200578,0.0744973982626042,0.0360086625952436,0.9965708728875107,1.797598225975861
0.9933106171838628,0.08435208809315076,-0.07885962742864555,7.466457036175882,-0.0869534927180801,0.995755995758887,-0.03015128987413793,3.1977715881806343,0.0759816057313639,0.03680671404593866,0.9964296188515845,1.8411283576778033
0.9930406973321837,0.08600416998536442,-0.0804582826804246,7.616922335070285,-0.08871053550492673,0.9955847481049491,-0.03068325196283521,3.2544979409223895,0.0774641440499968,0.03760721380089599,0.9962856104036661,1.884932732857422
0.9927654542851585,0.08765463800970053,-0.0820575243219761,7.767420756699806,-0.09046802924164925,0.9954100925044863,-0.03121239185179512,3.3109360102706606,0.07894498163872112,0.03841016724676405,0.9961387261604636,1.9290098096938308
0.9924849047070465,0.08930361492511518,-0.08365772478315509,7.917951844718914,-0.09222610300665635,0.9952321317153859,-0.03173865324382215,3.367085324166883,0.08042446131374033,0.03921555804318122,0.9959889444170356,1.9733558002855034
0.992199081605357,0.09095095886871407,-0.08525836582363633,8.068500894522515,-0.09398461401129586,0.9950507656102222,-0.03226210031156508,3.4229475654277355,0.08190211532721711,0.040023397000945204,0.9958363917527833,2.01797604810136
0.9919078847694571,0.09259678713416664,-0.08685980971217017,8.219082476739402,-0.0957436708110629,0.9948660374135054,-0.032782667798336884,3.478520107119987,0.08337829848713335,0.04083366085076101,0.9956809855026327,2.0628652234189957
0.9916113765296071,0.09424096623209643,-0.08846191986206514,8.36968156439525,-0.09750314905705801,0.9946779060050939,-0.03330038570732697,3.533805104118306,0.08485285460425739,0.041646359544269096,0.9955227715698718,2.108024868059303
0.9913096034497788,0.09588361601322837,-0.09006471598512067,8.520313506833674,-0.09926316411746104,0.9944864746689684,-0.03381524455825951,3.5887999294900386,0.08632580885975186,0.04246148452919846,0.995361692059434,2.1534572418494236
0.991002520585142,0.09752459967066684,-0.09166816716174292,8.670962820734758,-0.10102357849636162,0.9942916422255162,-0.03432723749600826,3.6435062660512862,0.08779712092693115,0.04327902362849606,0.9951977437988587,2.199160098708731
0.9906900935590917,0.09916402577338768,-0.09327202433465953,8.821644466084706,-0.10278448439265737,0.9940934534775268,-0.034836383438659746,3.6979214868691095,0.08926658462148244,0.04409897693713877,0.9950310210691171,2.2451319036895825
0.9903723537386506,0.10080188404671375,-0.09487665134265544,8.972343415909165,-0.10454589655814461,0.993891849417714,-0.03534262819339276,3.7520477468181728,0.09073452627165307,0.04492132678511007,0.994861441366227,2.2913741986128784
0.9900493487513153,0.10243817261854193,-0.09648190950565971,9.123059603220042,-0.10630780497053627,0.9936868906316404,-0.03584598701157562,3.805884573840201,0.09220080617616752,0.04574608085418558,0.9946890503786868,2.337886990351876
0.989721037691693,0.10407276194385506,-0.09808779441936122,9.273792994523205,-0.10807007582187386,0.9934785955325407,-0.03634649150122481,3.8594317319060583,0.09366542853205452,0.04657324120160011,0.9945137877370347,2.384670282343201
0.9893874110090886,0.10570564430503149,-0.09969415870325515,9.424543522830561,-0.10983269067239,0.9932669651725996,-0.0368441384739278,3.912688748957466,0.09512827448411541,0.04740280487436116,0.9943357581546387,2.4317240814601178
0.9890485127489643,0.10733692024870489,-0.10130104073425061,9.575311154648034,-0.11159576120231156,0.9930519247617583,-0.037338901593222354,3.96565538896529,0.09658933951313751,0.04823475032148822,0.9941548457339715,2.4790483911392442
0.9887043092997847,0.10896647341276644,-0.1029085048588958,9.72611046060436,-0.11335916651151674,0.9928335511944445,-0.037830792464982166,4.0183290249963,0.0980487169441242,0.049069089482142,0.9939711769123516,2.526637881658168
0.9883547865312382,0.11059440499974604,-0.10451655905785084,9.876911742614254,-0.11512300617479795,0.9926118297400686,-0.03831978158557406,4.070713730770976,0.09950640822690332,0.04990579699319225,0.9937846326734884,2.5744994348700914
0.9880000206744962,0.11222059432294373,-0.10612519934078568,10.027729994157966,-0.11688716506313265,0.9923867777596814,-0.03880588370681461,4.122807115385518,0.10096240553987654,0.05074488898237056,0.9935952725255269,2.622631512390747
0.98763992673271,0.11384514230922504,-0.10773429154130432,10.178564758889934,-0.1186517343338431,0.9921583204632249,-0.039289103016210844,4.17460870678136,0.10241659776889754,0.05158634760453118,0.993403082702518,2.6710303263186006
0.9872745717946521,0.1154680451853276,-0.10934395096426419,10.329416392673522,-0.12041671687246994,0.9919265184362596,-0.039769407926983344,4.226118268929653,0.10386905292737748,0.05243016201227596,0.9932080750351479,2.7196996748650832
0.9869039177351119,0.11708916433906447,-0.11095416712164463,10.48028443916317,-0.12218198071503003,0.9916913313477833,-0.040246830047144085,4.2773353297718355,0.10531980488587175,0.053276346427711785,0.9930102484473108,2.768635770128654
0.986527996088731,0.11870863132089715,-0.11256481633507032,10.631153837890452,-0.123947629243861,0.9914528606404519,-0.04072134195618809,4.328261808153433,0.10676871559429768,0.05412487986358949,0.9928095902491629,2.8178401573668452
0.9861467917736094,0.12032618206030399,-0.11417597322155792,10.782039582335642,-0.12571342170029354,0.9912110235478897,-0.04119298476363576,4.378895313170645,0.10821589145583448,0.05497577443509938,0.9926061680142454,2.867311298195375
0.9857603303055738,0.12194204370294892,-0.11578768664603722,10.932941994868003,-0.127479589623102,0.9909657877154121,-0.04166170052501288,4.429235372765481,0.1096613148730936,0.05582902181568178,0.9923998669211369,2.9170529942623062
0.9853685450865743,0.12355622230320307,-0.11739979978667248,11.083845625661723,-0.1292461052330499,0.9907172724728179,-0.04212752503582945,4.479283905783184,0.11110488782352894,0.05668460640473599,0.9921907907144941,2.967062996050366
0.9849715207537477,0.12516857302312911,-0.11901242145063051,11.234750441222758,-0.13101285847204652,0.9904653779557266,-0.042590443565501436,4.529040676194613,0.11254669149940999,0.05754252808376603,0.9919788906407523,3.0173413069961867
0.9845692316635447,0.1267792168919032,-0.12062543005291548,11.385671401537252,-0.13277994430494913,0.9902101471256038,-0.04305044344534496,4.578503057066829,0.11398660869673093,0.058402781924440095,0.9917641542248571,3.0678863921521327
0.9841616954134362,0.12838801301594727,-0.12223880902179718,11.536593446136862,-0.13454723872426164,0.989951539651445,-0.043507556283367506,4.627672967245362,0.1154246376099191,0.05926535991385656,0.9915466396840587,3.1186997967757293
0.9837488480051317,0.12999509003749166,-0.12385267555908364,11.68751615217002,-0.1363148456798843,0.9896896575019996,-0.04396172098915196,4.676550170700782,0.11686088966117586,0.060130248852856893,0.9913262991261088,3.1697777295288034
0.9833307772034838,0.1316003020447153,-0.1254671365749911,11.83845486898042,-0.13808265450866886,0.9894244010759334,-0.044412952335752,4.725132040500439,0.11829547568063895,0.06099745622282515,0.9911031435203774,3.221122450238532
0.9829073941888602,0.1332037688362005,-0.12708205894981328,11.989394569593657,-0.1398507618710606,0.9891558137292827,-0.04486126188658519,4.773420731519,0.11972825498761056,0.06186699220108438,0.9908771592083097,3.272735500725787
0.9824787781811786,0.13480535274002053,-0.12869743659984068,12.140334764170149,-0.14161904229447386,0.9888838543419027,-0.045306649641647004,4.821415535668759,0.12115923443322713,0.06273882597509278,0.9906484054832614,3.324613096525681
0.9820448907930168,0.13640517841629074,-0.1303130305418405,12.291275842067279,-0.14338758408816926,0.9886086256716824,-0.04574911976721189,4.86911645295001,0.12258816330652493,0.06361295973366249,0.9904168578247028,3.3767590324129984
0.9816057716997597,0.1380031030181313,-0.13192907012128574,12.442217346939515,-0.1451562791489398,0.9883300274596716,-0.04618866282546916,4.916523011304186,0.12401527720692507,0.06448938566431217,0.9901824798467286,3.429169520486205
0.9811613942602753,0.13959924055074857,-0.13354540985462215,12.593159634650192,-0.1469252187536887,0.9880481034564728,-0.046625246124368566,4.963634974702437,0.1254404440533854,0.0653680845800027,0.9899453165397721,3.481848358956725
0.9807118317456092,0.14119346094685276,-0.1351620683858361,12.744102282347825,-0.1486942979152715,0.9877628125419471,-0.0470589581748412,5.010452107115341,0.1268636413486362,0.0662490997848873,0.9897053098992132,3.534791756486392
0.9802569664463958,0.1427858838567334,-0.13677913524539942,12.895045223044264,-0.1504635984515234,0.9874742572109324,-0.04748967150326151,5.056973936484617,0.12828501598460776,0.06713236657454202,0.9894625889463198,3.5879997199484706
0.9797968045280737,0.14437648518442173,-0.13839672405994652,13.045973429765183,-0.15223313050431572,0.9871823208298542,-0.047917425114798115,5.103202617684936,0.12970464222566272,0.0680179098903953,0.9892169855868932,3.641473791163847
0.9793314950385705,0.14596526375723812,-0.14001447591834848,13.196901862496787,-0.15400287414865863,0.9868870635568229,-0.048342245282211,5.149135523783354,0.1311221752323372,0.06890571487337208,0.9889686427480747,3.6952124351848994
0.9788608997406064,0.1475520924740381,-0.14163261157500817,13.347830454250925,-0.15577269810338362,0.9865885035091467,-0.04876412467206378,5.1947721827215965,0.13253785387913164,0.06979578707480505,0.9887174632449189,3.7492156588848786
