0.17364822328090668,-3.924501257301927e-08,-0.9848077297210693,-142.74038696289062,-0.9848077297210693,-2.9154328728964174e-08,-0.17364822328090668,-6.682406902313232,-2.189658232509828e-08,1.0,-4.371138828673793e-08,49.999996185302734
0.17509104311466217,0.0035008795093744993,-0.9845460057258606,-142.61854553222656,-0.9845505952835083,-0.0012025394244119525,-0.17509613931179047,-6.579523086547852,-0.0017969459295272827,0.9999931454658508,0.0032362393103539944,50.048458099365234
0.17652727663516998,0.007003511302173138,-0.9842708110809326,-142.49668884277344,-0.9842891693115234,-0.002399890450760722,-0.17654764652252197,-6.476518630981445,-0.0035985957365483046,0.9999725818634033,0.006469834130257368,50.096614837646484
0.177956685423851,0.010507786646485329,-0.9839822053909302,-142.37481689453125,-0.9840234518051147,-0.0035920676309615374,-0.1780025064945221,-6.3733930587768555,-0.0054049426689744,0.9999383687973022,0.009700676426291466,50.14447021484375
0.17937946319580078,0.014013634994626045,-0.9836801290512085,-142.2529296875,-0.983753502368927,-0.004779052454978228,-0.17946092784404755,-6.270145893096924,-0.007215959019958973,0.9998903870582581,0.012928699143230915,50.19202423095703
0.18079549074172974,0.017521105706691742,-0.9833646416664124,-142.1310272216797,-0.9834792613983154,-0.0059608095325529575,-0.1809227615594864,-6.166776657104492,-0.009031616151332855,0.9998286962509155,0.016153957694768906,50.23927688598633
0.18220463395118713,0.021030010655522346,-0.983035683631897,-142.0091094970703,-0.98320072889328,-0.007137344218790531,-0.18238790333271027,-6.0632853507995605,-0.010851883329451084,0.9997533559799194,0.01937626488506794,50.286224365234375
0.1836071014404297,0.02454039640724659,-0.9826933145523071,-141.88717651367188,-0.9829179644584656,-0.00830861460417509,-0.1838565468788147,-5.959671497344971,-0.012676732614636421,0.999664306640625,0.02259567566215992,50.33287048339844
0.18500275909900665,0.02805207669734955,-0.9823375344276428,-141.76524353027344,-0.9826309084892273,-0.009474631398916245,-0.18532857298851013,-5.8559346199035645,-0.014506137929856777,0.9995615482330322,0.02581200562417507,50.379215240478516
0.18639160692691803,0.031565215438604355,-0.981968343257904,-141.64329528808594,-0.98233962059021,-0.010635333135724068,-0.18680395185947418,-5.752074241638184,-0.016340067610144615,0.9994450807571411,0.029025424271821976,50.42525863647461
0.18777360022068024,0.035079505294561386,-0.981585681438446,-141.52134704589844,-0.9820441007614136,-0.011790746822953224,-0.18828266859054565,-5.64808988571167,-0.018178490921854973,0.9993149638175964,0.032235629856586456,50.47100067138672
0.18914863467216492,0.03859499469399452,-0.9811896681785583,-141.39938354492188,-0.9817443490028381,-0.012940837070345879,-0.1897645890712738,-5.543981552124023,-0.020021378993988037,0.9991711378097534,0.03544267639517784,50.516441345214844
0.19051679968833923,0.042111728340387344,-0.980780303478241,-141.2774200439453,-0.9814403057098389,-0.014085568487644196,-0.1912498027086258,-5.439748764038086,-0.021868707612156868,0.9990136027336121,0.03864661231637001,50.561580657958984
0.19187796115875244,0.04562951996922493,-0.9803574681282043,-141.15545654296875,-0.9811320900917053,-0.015224947594106197,-0.19273819029331207,-5.335391044616699,-0.02372044138610363,0.9988424181938171,0.04184725508093834,50.60641860961914
0.1932322084903717,0.04914841428399086,-0.979921281337738,-141.03347778320312,-0.9808196425437927,-0.016358932480216026,-0.1942298412322998,-5.230907917022705,-0.025576554238796234,0.9986575245857239,0.045044656842947006,50.65095520019531
0.19457954168319702,0.05266822129487991,-0.979471743106842,-140.9114990234375,-0.9805029630661011,-0.017487527802586555,-0.1957247406244278,-5.1262993812561035,-0.027437012642621994,0.9984589219093323,0.04823863133788109,50.6951904296875
0.19591982662677765,0.05618898943066597,-0.9790087938308716,-140.78952026367188,-0.9801820516586304,-0.01861070655286312,-0.1972227543592453,-5.021564960479736,-0.02930179238319397,0.9982466697692871,0.051429230719804764,50.7391242980957
0.19725316762924194,0.05971064418554306,-0.9785324931144714,-140.66754150390625,-0.9798569083213806,-0.019728438928723335,-0.19872398674488068,-4.916704177856445,-0.031170856207609177,0.9980207681655884,0.05461638793349266,50.78276062011719
0.19857951998710632,0.06323311477899551,-0.9780428409576416,-140.54556274414062,-0.9795275926589966,-0.02084071934223175,-0.20022839307785034,-4.811716556549072,-0.033044181764125824,0.9977811574935913,0.057800039649009705,50.82609558105469
0.19989877939224243,0.06675633043050766,-0.9775397777557373,-140.42359924316406,-0.9791940450668335,-0.02194753848016262,-0.20173585414886475,-4.706601619720459,-0.034921739250421524,0.9975278973579407,0.060980115085840225,50.8691291809082
0.20121093094348907,0.07028033584356308,-0.9770234823226929,-140.3016357421875,-0.9788563251495361,-0.023048868402838707,-0.2032463699579239,-4.6013593673706055,-0.036803506314754486,0.9972609877586365,0.0641566663980484,50.911861419677734
0.20251594483852386,0.07380493730306625,-0.976493775844574,-140.17967224121094,-0.9785143733024597,-0.024144697934389114,-0.2047598958015442,-4.4959893226623535,-0.03868943825364113,0.9969803690910339,0.0673295110464096,50.95429611206055
0.20381392538547516,0.07733018696308136,-0.9759507775306702,-140.05772399902344,-0.9781683087348938,-0.02523498795926571,-0.206276535987854,-4.390491008758545,-0.04057950899004936,0.9966861009597778,0.07049869745969772,50.996429443359375
0.20510485768318176,0.08085589855909348,-0.9753944277763367,-139.93577575683594,-0.977817952632904,-0.026319751515984535,-0.20779626071453094,-4.28486442565918,-0.0424736924469471,0.9963782429695129,0.07366403937339783,51.038265228271484
0.20638860762119293,0.08438210189342499,-0.9748247861862183,-139.8138427734375,-0.9774634838104248,-0.027398956939578056,-0.20931896567344666,-4.1791090965271,-0.04437195509672165,0.9960566759109497,0.0768255889415741,51.07979965209961
0.20766517519950867,0.08790884166955948,-0.9742418527603149,-139.69190979003906,-0.9771048426628113,-0.02847256511449814,-0.21084459125995636,-4.0732245445251465,-0.04627427086234093,0.9957215189933777,0.07998339831829071,51.121036529541016
0.20893451571464539,0.09143581986427307,-0.9736456274986267,-139.5699920654297,-0.9767420291900635,-0.02954060770571232,-0.21237315237522125,-3.967210292816162,-0.04818059876561165,0.9953727126121521,0.0831371620297432,51.16197204589844
0.21019664406776428,0.0949632003903389,-0.9730361700057983,-139.44808959960938,-0.9763750433921814,-0.030603034421801567,-0.21390461921691895,-3.8610663414001465,-0.05009092763066292,0.995010256767273,0.08628704398870468,51.20261001586914
0.21145153045654297,0.09849090129137039,-0.9724133610725403,-139.32620239257812,-0.9760039448738098,-0.03165982663631439,-0.21543896198272705,-3.7547919750213623,-0.05200521647930145,0.994634211063385,0.08943299204111099,51.242950439453125
0.21269915997982025,0.10201873630285263,-0.9717773795127869,-139.20433044433594,-0.975628674030304,-0.03271099552512169,-0.21697618067264557,-3.6483871936798096,-0.05392343923449516,0.9942445158958435,0.09257480502128601,51.282989501953125
0.21393951773643494,0.1055467426776886,-0.9711281061172485,-139.0824737548828,-0.9752492904663086,-0.033756498247385025,-0.21851623058319092,-3.54185152053833,-0.05584556236863136,0.9938412308692932,0.09571253508329391,51.322731018066406
0.21517260372638702,0.10907485336065292,-0.9704656004905701,-138.96063232421875,-0.974865734577179,-0.03479631617665291,-0.2200591117143631,-3.4351844787597656,-0.05777154490351677,0.9934243559837341,0.09884612262248993,51.36217498779297
0.21639837324619293,0.11260299384593964,-0.9697898030281067,-138.8388214111328,-0.9744780659675598,-0.03583044931292534,-0.22160480916500092,-3.328386068344116,-0.05970137193799019,0.9929938316345215,0.10197549313306808,51.40132141113281
0.2176167219877243,0.11613108217716217,-0.9691008925437927,-138.71702575683594,-0.9740862846374512,-0.03685888648033142,-0.22315315902233124,-3.2214558124542236,-0.06163499876856804,0.9925497174263,0.10510057955980301,51.44017028808594
0.21882785856723785,0.11965905874967575,-0.9683986902236938,-138.59524536132812,-0.973690390586853,-0.03788159787654877,-0.22470439970493317,-3.1143932342529297,-0.06357240676879883,0.9920920729637146,0.10822132229804993,51.478721618652344
0.2200315296649933,0.12318706512451172,-0.9676833748817444,-138.47349548339844,-0.9732903242111206,-0.0388985350728035,-0.2262582629919052,-3.0071980953216553,-0.06551355868577957,0.9916208386421204,0.11133787781000137,51.51697540283203
0.22122783958911896,0.1267148107290268,-0.9669548273086548,-138.3517608642578,-0.9728862047195435,-0.03990974277257919,-0.22781486809253693,-2.8998701572418213,-0.06745843589305878,0.9911360144615173,0.11444994062185287,51.554931640625
0.22241666913032532,0.13024231791496277,-0.9662131071090698,-138.2300567626953,-0.9724780321121216,-0.04091517627239227,-0.22937405109405518,-2.7924089431762695,-0.06940698623657227,0.9906376004219055,0.1175575777888298,51.592594146728516
0.22359812259674072,0.13376952707767487,-0.9654582142829895,-138.10838317871094,-0.9720656871795654,-0.041914816945791245,-0.2309359312057495,-2.684814214706421,-0.07135919481515884,0.9901256561279297,0.120660699903965,51.62995910644531
0.2247721552848816,0.13729636371135712,-0.9646902084350586,-137.9867401123047,-0.9716492891311646,-0.04290865361690521,-0.23250046372413635,-2.5770857334136963,-0.07331502437591553,0.9896001815795898,0.12375925481319427,51.66702651977539
0.22593867778778076,0.1408228725194931,-0.9639090299606323,-137.86512756347656,-0.971228837966919,-0.043896645307540894,-0.23406752943992615,-2.4692232608795166,-0.07527443021535873,0.989061176776886,0.12685328722000122,51.703800201416016
0.22709764540195465,0.1443488448858261,-0.9631147980690002,-137.74354553222656,-0.9708043336868286,-0.04487884044647217,-0.2356371134519577,-2.3612263202667236,-0.07723741978406906,0.9885086417198181,0.12994259595870972,51.74027633666992
0.2282491773366928,0.14787432551383972,-0.9623073935508728,-137.6219940185547,-0.9703757166862488,-0.04585514962673187,-0.23720930516719818,-2.2530946731567383,-0.07920391857624054,0.9879425764083862,0.13302725553512573,51.776458740234375
0.22939325869083405,0.15139925479888916,-0.9614868760108948,-137.50047302246094,-0.9699430465698242,-0.0468255989253521,-0.2387840896844864,-2.1448278427124023,-0.08117393404245377,0.9873629808425903,0.1361071765422821,51.812347412109375
0.23052963614463806,0.15492354333400726,-0.9606533050537109,-137.3789825439453,-0.9695063829421997,-0.04779018834233284,-0.24036119878292084,-2.0364255905151367,-0.08314741402864456,0.9867698550224304,0.13918231427669525,51.847938537597656
0.23165854811668396,0.1584470123052597,-0.9598066806793213,-137.2575225830078,-0.9690656065940857,-0.04874890670180321,-0.24194085597991943,-1.9278877973556519,-0.08512433618307114,0.986163318157196,0.14225246012210846,51.883235931396484
0.23277994990348816,0.16196982562541962,-0.958946943283081,-137.1361083984375,-0.9686208367347717,-0.049701690673828125,-0.2435230314731598,-1.8192139863967896,-0.0871046707034111,0.9855432510375977,0.14531777799129486,51.91823959350586
0.2338937371969223,0.1654917597770691,-0.9580742120742798,-137.0147247314453,-0.9681719541549683,-0.05064854398369789,-0.24510760605335236,-1.7104039192199707,-0.08908835053443909,0.9849097728729248,0.14837810397148132,51.95294952392578
0.23499999940395355,0.1690128892660141,-0.9571884274482727,-136.8933868408203,-0.9677191376686096,-0.05158943682909012,-0.2466946542263031,-1.6014572381973267,-0.09107539057731628,0.9842627644538879,0.15143348276615143,51.98736572265625
0.2360984981060028,0.1725330948829651,-0.9562895894050598,-136.77207946777344,-0.9672622680664062,-0.0525243915617466,-0.24828395247459412,-1.4923737049102783,-0.09306573122739792,0.9836023449897766,0.154483824968338,52.021488189697266
0.23718945682048798,0.17605234682559967,-0.9553778171539307,-136.65081787109375,-0.9668013453483582,-0.05345335230231285,-0.24987567961215973,-1.383152961730957,-0.0950593426823616,0.982928454875946,0.1575290709733963,52.05531692504883
0.23827262222766876,0.1795705407857895,-0.9544530510902405,-136.52960205078125,-0.9663364887237549,-0.05437634140253067,-0.25146961212158203,-1.2737947702407837,-0.09705619513988495,0.982241153717041,0.1605691760778427,52.0888557434082
0.23934823274612427,0.18308772146701813,-0.9535152316093445,-136.40843200683594,-0.9658676385879517,-0.055293310433626175,-0.25306594371795654,-1.1642988920211792,-0.09905628114938736,0.9815403819084167,0.16360415518283844,52.122100830078125
0.240416020154953,0.18660369515419006,-0.952564537525177,-136.2873077392578,-0.9653947949409485,-0.05620427802205086,-0.25466442108154297,-1.054664969444275,-0.10105952620506287,0.9808262586593628,0.16663382947444916,52.15505599975586
0.24147610366344452,0.19011852145195007,-0.9516009092330933,-136.16622924804688,-0.9649179577827454,-0.057109225541353226,-0.25626516342163086,-0.9448927640914917,-0.10306593775749207,0.9800987243652344,0.16965825855731964,52.18771743774414
0.24252846837043762,0.1936320960521698,-0.9506242871284485,-136.04519653320312,-0.9644371867179871,-0.058008115738630295,-0.25786811113357544,-0.8349819779396057,-0.10507547110319138,0.9793577790260315,0.17267736792564392,52.220088958740234
0.24357308447360992,0.19714446365833282,-0.9496347904205322,-135.92420959472656,-0.9639524221420288,-0.058900926262140274,-0.2594732940196991,-0.7249323129653931,-0.10708809643983841,0.9786034822463989,0.17569121718406677,52.252166748046875
0.24460986256599426,0.20065534114837646,-0.9486324191093445,-135.8032684326172,-0.9634637236595154,-0.059787724167108536,-0.2610805332660675,-0.6147435307502747,-0.10910377651453018,0.9778358340263367,0.17869947850704193,52.28395462036133
0.24563899636268616,0.20416496694087982,-0.9476171135902405,-135.68238830566406,-0.9629710912704468,-0.06066836044192314,-0.26269006729125977,-0.5044152736663818,-0.1111224815249443,0.9770547747612,0.18170244991779327,52.315452575683594
0.24666035175323486,0.2076730579137802,-0.946588933467865,-135.56155395507812,-0.9624744653701782,-0.06154289096593857,-0.26430174708366394,-0.3939473330974579,-0.1131441667675972,0.9762604236602783,0.18469981849193573,52.34666061401367
0.24767382442951202,0.21117964386940002,-0.945547878742218,-135.44078063964844,-0.9619739055633545,-0.06241132318973541,-0.2659154236316681,-0.28333941102027893,-0.11516881734132767,0.975452721118927,0.18769164383411407,52.37757873535156
0.248679518699646,0.2146846354007721,-0.9444940686225891,-135.32005310058594,-0.9614694714546204,-0.06327363103628159,-0.26753121614456177,-0.17259123921394348,-0.11719640344381332,0.9746317267417908,0.19067786633968353,52.408206939697266
0.24967728555202484,0.21818795800209045,-0.9434273838996887,-135.1993865966797,-0.960961103439331,-0.0641297921538353,-0.26914897561073303,-0.06170256435871124,-0.1192268654704094,0.9737973809242249,0.19365838170051575,52.43854904174805
0.25066712498664856,0.22168955206871033,-0.9423480033874512,-135.0787811279297,-0.9604488015174866,-0.06497985124588013,-0.2707686722278595,0.04932686686515808,-0.12126021087169647,0.9729498028755188,0.19663316011428833,52.46860122680664
0.2516491711139679,0.2251894474029541,-0.9412557482719421,-134.95822143554688,-0.9599326252937317,-0.06582371145486832,-0.2723904252052307,0.16049733757972717,-0.12329639494419098,0.9720889925956726,0.19960221648216248,52.49836349487305
0.2526233494281769,0.2286875694990158,-0.9401507377624512,-134.8377227783203,-0.9594125747680664,-0.06666136533021927,-0.2740142047405243,0.27180910110473633,-0.12533536553382874,0.9712148308753967,0.2025655061006546,52.52783966064453
0.25358960032463074,0.23218393325805664,-0.9390329718589783,-134.71728515625,-0.9588886499404907,-0.0674927830696106,-0.2756398618221283,0.38326239585876465,-0.12737709283828735,0.9703274369239807,0.2055230587720871,52.557029724121094
0.2545478940010071,0.23567825555801392,-0.9379025101661682,-134.59690856933594,-0.9583607912063599,-0.06831806898117065,-0.2772673964500427,0.4948574900627136,-0.12942159175872803,0.9694268703460693,0.20847457647323608,52.58592987060547
0.25549831986427307,0.23917056620121002,-0.936759352684021,-134.4766082763672,-0.9578291177749634,-0.0691371038556099,-0.27889689803123474,0.6065946817398071,-0.1314687579870224,0.968513011932373,0.21142011880874634,52.61454391479492
0.2564407289028168,0.24266090989112854,-0.9356034398078918,-134.3563690185547,-0.9572935700416565,-0.06994988024234772,-0.2805282175540924,0.7184741497039795,-0.13351857662200928,0.9675860404968262,0.21435973048210144,52.64287185668945
0.25737518072128296,0.2461491972208023,-0.9344348907470703,-134.23619079589844,-0.9567541480064392,-0.07075640559196472,-0.2821613550186157,0.8304961919784546,-0.13557103276252747,0.9666457772254944,0.21729332208633423,52.67091369628906
0.25830161571502686,0.2496352344751358,-0.9332537055015564,-134.11607360839844,-0.9562109112739563,-0.0715567022562027,-0.2837962508201599,0.9426610469818115,-0.13762609660625458,0.9656924605369568,0.22022071480751038,52.69866943359375
0.25922027230262756,0.25311920046806335,-0.9320598244667053,-133.99603271484375,-0.955663800239563,-0.07235066592693329,-0.28543317317962646,1.0549689531326294,-0.1396837681531906,0.964725911617279,0.2231420874595642,52.72614288330078
0.26013070344924927,0.2566009759902954,-0.9308533668518066,-133.87606811523438,-0.9551129341125488,-0.07313836365938187,-0.2870715856552124,1.1674201488494873,-0.14174394309520721,0.963746190071106,0.22605736553668976,52.75333023071289
0.26103317737579346,0.2600802779197693,-0.9296342730522156,-133.75616455078125,-0.9545581936836243,-0.07391978055238724,-0.2887118458747864,1.2800148725509644,-0.14380662143230438,0.962753415107727,0.22896623611450195,52.780235290527344
0.2619275152683258,0.2635573744773865,-0.9284026622772217,-133.63633728027344,-0.9539996981620789,-0.07469488680362701,-0.2903537154197693,1.3927533626556396,-0.14587178826332092,0.9617474675178528,0.23186899721622467,52.806854248046875
0.262813925743103,0.2670319378376007,-0.9271584153175354,-133.51658630371094,-0.953437328338623,-0.07546363770961761,-0.29199737310409546,1.5056358575820923,-0.14793936908245087,0.9607284665107727,0.23476532101631165,52.83319091796875
0.263692170381546,0.2705041170120239,-0.9259017109870911,-133.3968963623047,-0.9528712630271912,-0.07622607797384262,-0.2936425805091858,1.6186625957489014,-0.1500093936920166,0.959696352481842,0.2376553863286972,52.85924530029297
0.26456236839294434,0.27397388219833374,-0.9246323704719543,-133.27728271484375,-0.9523013830184937,-0.07698214054107666,-0.29528945684432983,1.731833815574646,-0.15208177268505096,0.9586511850357056,0.24053911864757538,52.88501739501953
0.2654244601726532,0.27744099497795105,-0.9233506321907043,-133.15774536132812,-0.9517276883125305,-0.07773186266422272,-0.2969379425048828,1.8451497554779053,-0.15415652096271515,0.9575929641723633,0.24341635406017303,52.91050720214844
0.2662785053253174,0.28090551495552063,-0.9220563173294067,-133.03829956054688,-0.9511502385139465,-0.07847520709037781,-0.2985880374908447,1.9586106538772583,-0.15623357892036438,0.9565216898918152,0.24628709256649017,52.93571472167969
0.2671244442462921,0.2843673527240753,-0.9207495450973511,-132.91893005371094,-0.9505690932273865,-0.07921213656663895,-0.3002397119998932,2.072216749191284,-0.15831291675567627,0.955437421798706,0.2491513043642044,52.96063995361328
0.2679620683193207,0.2878262996673584,-0.9194304347038269,-132.7996368408203,-0.9499841928482056,-0.07994275540113449,-0.3018927276134491,2.1859681606292725,-0.16039447486400604,0.9543401598930359,0.2520087957382202,52.985286712646484
0.26879170536994934,0.2912825345993042,-0.9180988669395447,-132.680419921875,-0.9493955373764038,-0.0806669145822525,-0.30354738235473633,2.299865245819092,-0.1624782532453537,0.9532299637794495,0.2548597455024719,53.00965118408203
0.2696131467819214,0.29473596811294556,-0.9167548418045044,-132.56129455566406,-0.9488031268119812,-0.08138462901115417,-0.30520346760749817,2.413908004760742,-0.16456419229507446,0.952106773853302,0.2577040195465088,53.03373718261719
0.27042633295059204,0.2981864809989929,-0.9153984785079956,-132.44224548339844,-0.9482070803642273,-0.0820959284901619,-0.30686095356941223,2.528096914291382,-0.16665227711200714,0.9509705901145935,0.2605416178703308,53.05754470825195
0.27123141288757324,0.3016340732574463,-0.9140297770500183,-132.3232879638672,-0.9476072788238525,-0.08280078321695328,-0.3085198998451233,2.6424319744110107,-0.16874249279499054,0.9498215317726135,0.2633724510669708,53.08107376098633
0.27202823758125305,0.3050785958766937,-0.9126487374305725,-132.20440673828125,-0.9470037817955017,-0.08349922299385071,-0.3101802170276642,2.756913423538208,-0.17083480954170227,0.9486595392227173,0.26619642972946167,53.10432434082031
0.27281680703163147,0.30852001905441284,-0.9112553596496582,-132.0856170654297,-0.9463965892791748,-0.08419119566679001,-0.3118418753147125,2.8715415000915527,-0.17292913794517517,0.9474846720695496,0.26901352405548096,53.127296447753906
0.2735971510410309,0.31195834279060364,-0.9098497629165649,-131.9669189453125,-0.9457857608795166,-0.08487670123577118,-0.31350481510162354,2.986316442489624,-0.17502549290657043,0.9462969303131104,0.2718237340450287,53.14999008178711
