0.17364822328090668,-3.924501257301927e-08,-0.9848077297210693,-142.74038696289062,-0.9848077297210693,-2.9154328728964174e-08,-0.17364822328090668,-6.682406902313232,-2.189658232509828e-08,1.0,-4.371138828673793e-08,49.999996185302734
0.1752738207578659,0.0019708697218447924,-0.9845177531242371,-142.58604431152344,-0.9845196604728699,0.0007499810890294611,-0.1752726435661316,-6.68062162399292,0.00039293014560826123,0.9999977946281433,0.0020718120504170656,50.062870025634766
0.17689961194992065,0.003940479829907417,-0.9842210412025452,-142.43157958984375,-0.9842286109924316,0.0015032310038805008,-0.17689494788646698,-6.678534507751465,0.0007824604981578887,0.9999911189079285,0.004144254140555859,50.12543487548828
0.17852571606636047,0.00590889947488904,-0.9839174747467041,-142.27699279785156,-0.9839345812797546,0.0022597371134907007,-0.1785152405500412,-6.676145553588867,0.0011685662902891636,0.9999799728393555,0.006217391695827246,50.18769454956055
0.1801520138978958,0.007876002229750156,-0.9836072325706482,-142.12229919433594,-0.9836375713348389,0.003019473282620311,-0.1801333874464035,-6.673454761505127,0.0015512448735535145,0.9999644160270691,0.008291095495223999,50.24964904785156
0.18177872896194458,0.009841778315603733,-0.9832901954650879,-141.9674835205078,-0.9833375811576843,0.003782436717301607,-0.181749626994133,-6.670462608337402,0.0019304933957755566,0.9999443888664246,0.01036535669118166,50.31129455566406
0.18340550363063812,0.011806337162852287,-0.982966423034668,-141.8125457763672,-0.983034610748291,0.004548640921711922,-0.18336360156536102,-6.667168617248535,0.0023063088301569223,0.9999199509620667,0.01244028378278017,50.37263488769531
0.1850326955318451,0.013769550248980522,-0.9826359152793884,-141.65750122070312,-0.9827287197113037,0.00531806331127882,-0.18497565388679504,-6.663573265075684,0.002678688382729888,0.9998910427093506,0.014515748247504234,50.43366622924805
0.1866600513458252,0.015731411054730415,-0.9822986125946045,-141.50233459472656,-0.9824198484420776,0.00609069736674428,-0.18658554553985596,-6.6596760749816895,0.0030476299580186605,0.9998577237129211,0.016591738909482956,50.494388580322266
0.18828755617141724,0.01769190840423107,-0.9819545745849609,-141.34706115722656,-0.9821079969406128,0.006866538897156715,-0.18819326162338257,-6.655477523803711,0.0034131312277168036,0.9998199343681335,0.018668249249458313,50.55480194091797
0.18991535902023315,0.019651034846901894,-0.9816038012504578,-141.19168090820312,-0.981793224811554,0.007645584177225828,-0.18979893624782562,-6.650977611541748,0.003775188699364662,0.9997776746749878,0.02074526622891426,50.614906311035156
0.19154329597949982,0.021608781069517136,-0.9812462329864502,-141.0361785888672,-0.9814754724502563,0.008427826687693596,-0.19140243530273438,-6.646175861358643,0.0041338000446558,0.9997310042381287,0.022822782397270203,50.67469787597656
0.1931713968515396,0.02356513775885105,-0.9808819890022278,-140.8805694580078,-0.98115473985672,0.009213262237608433,-0.19300375878810883,-6.641073226928711,0.004488963168114424,0.9996798634529114,0.024900786578655243,50.73418045043945
0.1947997510433197,0.025520095601677895,-0.9805110096931458,-140.724853515625,-0.9808310866355896,0.010001890361309052,-0.19460302591323853,-6.635669231414795,0.004840675741434097,0.9996242523193359,0.026979269459843636,50.79335403442383
0.19642823934555054,0.02747364714741707,-0.9801332354545593,-140.56903076171875,-0.9805044531822205,0.010793701745569706,-0.19620008766651154,-6.6299638748168945,0.005188933573663235,0.9995642304420471,0.029058221727609634,50.85221481323242
0.19805686175823212,0.029425783082842827,-0.9797487258911133,-140.41310119628906,-0.9801748991012573,0.011588691733777523,-0.19779495894908905,-6.62395715713501,0.005533734802156687,0.9994997978210449,0.031137634068727493,50.910762786865234
0.19968561828136444,0.031376492232084274,-0.9793575406074524,-140.25706481933594,-0.9798424243927002,0.012386858463287354,-0.19938762485980988,-6.617649555206299,0.005875078495591879,0.9994308948516846,0.033217497169971466,50.968997955322266
0.20131437480449677,0.03332577273249626,-0.9789596199989319,-140.10092163085938,-0.9795069694519043,0.013188191689550877,-0.20097798109054565,-6.6110405921936035,0.006212960463017225,0.9993575215339661,0.03529779985547066,51.02692413330078
0.20294325053691864,0.035273607820272446,-0.9785549640655518,-139.94468688964844,-0.9791685938835144,0.013992691412568092,-0.20256613194942474,-6.604130744934082,0.006547379307448864,0.9992797374725342,0.03737853094935417,51.08453369140625
0.20457224547863007,0.03721987456083298,-0.978143572807312,-139.78834533691406,-0.9788272976875305,0.014800329692661762,-0.20415206253528595,-6.596920013427734,0.006878333631902933,0.9991974830627441,0.03945956751704216,51.14183044433594
0.20620134472846985,0.03916468098759651,-0.9777255058288574,-139.63189697265625,-0.9784830212593079,0.015611126087605953,-0.20573578774929047,-6.5894083976745605,0.007205819245427847,0.9991108179092407,0.04154101386666298,51.198814392089844
0.207830548286438,0.0411079041659832,-0.9773006439208984,-139.47535705566406,-0.978135883808136,0.01642504893243313,-0.2073172777891159,-6.5815958976745605,0.007529832888394594,0.9990196824073792,0.04362274333834648,51.25548553466797
0.20945973694324493,0.0430496521294117,-0.9768691658973694,-139.31871032714844,-0.9777857661247253,0.01724211685359478,-0.2088964283466339,-6.573482513427734,0.007850373163819313,0.9989241361618042,0.04570486396551132,51.31184005737305
0.21108901500701904,0.04498979449272156,-0.9764308929443359,-139.16197204589844,-0.9774327278137207,0.018062302842736244,-0.21047335863113403,-6.56506872177124,0.008167438209056854,0.9988241195678711,0.04778725281357765,51.367881774902344
0.21271838247776031,0.04692832753062248,-0.9759859442710876,-139.00514221191406,-0.9770767688751221,0.018885603174567223,-0.21204803884029388,-6.55635404586792,0.008481024764478207,0.9987196922302246,0.04986989125609398,51.423606872558594
0.2143477201461792,0.04886535555124283,-0.9755343198776245,-138.8482208251953,-0.9767178297042847,0.019712036475539207,-0.2136203795671463,-6.547338962554932,0.00879113283008337,0.9986108541488647,0.051952894777059555,51.4790153503418
0.21597713232040405,0.050800871104002,-0.9750759601593018,-138.69119262695312,-0.976356029510498,0.02054160088300705,-0.21519045531749725,-6.538023471832275,0.009097758680582047,0.9984975457191467,0.054036255925893784,51.53410720825195
0.21760651469230652,0.05273475497961044,-0.9746109247207642,-138.53407287597656,-0.9759913086891174,0.021374262869358063,-0.21675819158554077,-6.528407573699951,0.009400900453329086,0.9983797669410706,0.05611984059214592,51.58888244628906
0.2192358374595642,0.05466698855161667,-0.9741392135620117,-138.37686157226562,-0.9756236672401428,0.0222100168466568,-0.21832354366779327,-6.518491268157959,0.009700557217001915,0.998257577419281,0.05820364132523537,51.643341064453125
0.22086521983146667,0.056597571820020676,-0.9736607670783997,-138.2195587158203,-0.9752531051635742,0.02304886467754841,-0.2198866307735443,-6.508275032043457,0.009996725246310234,0.9981309771537781,0.06028765067458153,51.69748306274414
0.222494438290596,0.05852649360895157,-0.9731756448745728,-138.0621795654297,-0.9748796820640564,0.02389078587293625,-0.22144722938537598,-6.497758865356445,0.01028940174728632,0.9979999661445618,0.06237185746431351,51.751304626464844
0.22412371635437012,0.060453861951828,-0.972683846950531,-137.9047088623047,-0.9745032787322998,0.024735819548368454,-0.22300557792186737,-6.486942768096924,0.010578583925962448,0.9978644251823425,0.06445636600255966,51.8048095703125
0.22575291991233826,0.06237943097949028,-0.9721853733062744,-137.7471466064453,-0.974124014377594,0.025583898648619652,-0.22456152737140656,-6.475826740264893,0.010864272713661194,0.9977245330810547,0.06654094159603119,51.857994079589844
0.22738194465637207,0.06430355459451675,-0.971680223941803,-137.58949279785156,-0.973741888999939,0.026435093954205513,-0.22611495852470398,-6.464410781860352,0.011146464385092258,0.9975801706314087,0.06862591952085495,51.91086196899414
0.22901099920272827,0.06622585654258728,-0.9711683988571167,-137.4317626953125,-0.9733567833900452,0.027289334684610367,-0.22766612470149994,-6.452694892883301,0.011425156146287918,0.9974313974380493,0.07071094214916229,51.963409423828125
0.2306399792432785,0.06814645975828171,-0.9706498980522156,-137.27394104003906,-0.9729688167572021,0.028146635740995407,-0.2292148768901825,-6.440679550170898,0.011700347997248173,0.9972782135009766,0.07279611378908157,52.0156364440918
0.23226875066757202,0.07006534934043884,-0.9701247811317444,-137.1160430908203,-0.9725779891014099,0.02900698594748974,-0.23076112568378448,-6.4283647537231445,0.011972037144005299,0.9971205592155457,0.0748814269900322,52.067543029785156
0.23389743268489838,0.07198240607976913,-0.9695929884910583,-136.95806884765625,-0.9721842408180237,0.02987036108970642,-0.23230496048927307,-6.415750503540039,0.012240222655236721,0.9969584941864014,0.07696675509214401,52.1191291809082
0.23552602529525757,0.07389772683382034,-0.9690545201301575,-136.8000030517578,-0.9717875719070435,0.030736783519387245,-0.23384638130664825,-6.402836799621582,0.012504901736974716,0.9967920184135437,0.07905220985412598,52.17039489746094
0.2371545284986496,0.07581131160259247,-0.9685093760490417,-136.64186096191406,-0.971388041973114,0.03160624951124191,-0.23538540303707123,-6.389624118804932,0.01276607159525156,0.9966211318969727,0.0811377689242363,52.22134017944336
0.23878291249275208,0.07772315293550491,-0.9679575562477112,-136.483642578125,-0.9709856510162354,0.032478753477334976,-0.2369219809770584,-6.376112461090088,0.013023731298744678,0.9964457750320435,0.08322343975305557,52.2719612121582
0.24041107296943665,0.07963324338197708,-0.9673991203308105,-136.32534790039062,-0.9705803394317627,0.03335428237915039,-0.23845602571964264,-6.362301826477051,0.013277877122163773,0.9962660670280457,0.08530919998884201,52.322261810302734
0.24203912913799286,0.08154145628213882,-0.9668340086936951,-136.16697692871094,-0.9701721668243408,0.034232813864946365,-0.23998765647411346,-6.34819221496582,0.013528509065508842,0.9960818886756897,0.08739493042230606,52.37223815917969
0.24366705119609833,0.08344800770282745,-0.9662622809410095,-136.00852966308594,-0.9697611331939697,0.03511440381407738,-0.2415168285369873,-6.333784103393555,0.013775624334812164,0.9958932995796204,0.08948085457086563,52.42189025878906
0.24529463052749634,0.08535255491733551,-0.9656839370727539,-135.85000610351562,-0.9693471789360046,0.035998936742544174,-0.24304334819316864,-6.319077014923096,0.014019222930073738,0.9957002401351929,0.09156660735607147,52.471221923828125
0.2469220757484436,0.08725520223379135,-0.9650989770889282,-135.69142150878906,-0.9689304232597351,0.036886461079120636,-0.24456743896007538,-6.304071426391602,0.01425930391997099,0.9955028295516968,0.09365230053663254,52.52022933959961
0.24854916334152222,0.08915594220161438,-0.9645074009895325,-135.5327606201172,-0.9685108065605164,0.037776947021484375,-0.24608884751796722,-6.2887678146362305,0.01449585985392332,0.9953010082244873,0.09573792666196823,52.568912506103516
0.25017601251602173,0.0910549983382225,-0.9639092087745667,-135.3740234375,-0.9680883288383484,0.038670461624860764,-0.24760769307613373,-6.273165702819824,0.014728895388543606,0.9950947761535645,0.09782370179891586,52.617271423339844
0.2518026828765869,0.09295212477445602,-0.963304340839386,-135.21522521972656,-0.9676629900932312,0.03956695273518562,-0.24912407994270325,-6.257265567779541,0.014958404004573822,0.9948840737342834,0.09990939497947693,52.665306091308594
0.25342923402786255,0.09484731405973434,-0.96269291639328,-135.0563507080078,-0.96723473072052,0.040466420352458954,-0.2506380081176758,-6.241067409515381,0.015184390358626842,0.9946690201759338,0.10199499130249023,52.7130126953125
0.25505539774894714,0.09674056619405746,-0.9620748162269592,-134.8974151611328,-0.9668036699295044,0.04136882722377777,-0.2521492540836334,-6.224571704864502,0.015406846068799496,0.9944495558738708,0.10408048331737518,52.76039505004883
0.25668129324913025,0.09863210469484329,-0.9614501595497131,-134.73841857910156,-0.9663697481155396,0.04227425158023834,-0.25365790724754333,-6.207777976989746,0.01562577299773693,0.9942256212234497,0.10616609454154968,52.80745315551758
0.25830692052841187,0.10052156448364258,-0.960818886756897,-134.579345703125,-0.9659330248832703,0.04318259283900261,-0.2551639974117279,-6.1906867027282715,0.0158411655575037,0.99399733543396,0.10825145989656448,52.854183197021484
0.2599322497844696,0.10240916907787323,-0.9601809978485107,-134.4202117919922,-0.965493381023407,0.04409390687942505,-0.25666749477386475,-6.173297882080078,0.016053028404712677,0.9937645792961121,0.11033681035041809,52.90058898925781
0.26155731081962585,0.10429468750953674,-0.9595365524291992,-134.26101684570312,-0.9650509357452393,0.045008134096860886,-0.25816839933395386,-6.155611991882324,0.016261355951428413,0.9935274720191956,0.1124219000339508,52.9466667175293
0.2631819546222687,0.10617811977863312,-0.9588855504989624,-134.1017608642578,-0.9646056890487671,0.04592525213956833,-0.2596666216850281,-6.13762903213501,0.01646614633500576,0.9932860136032104,0.11450671404600143,52.99241638183594
0.2648063004016876,0.10805967450141907,-0.9582279324531555,-133.94244384765625,-0.9641575813293457,0.04684533178806305,-0.2611622214317322,-6.119349002838135,0.016667401418089867,0.9930400848388672,0.11659149080514908,53.037837982177734
0.2664303779602051,0.10993922501802444,-0.9575636982917786,-133.78306579589844,-0.9637066125869751,0.04776833951473236,-0.26265519857406616,-6.100771903991699,0.016865117475390434,0.9927898049354553,0.118676096200943,53.08293151855469
0.26805412769317627,0.11181677132844925,-0.9568929076194763,-133.62364196777344,-0.9632527828216553,0.048694271594285965,-0.2641456127166748,-6.081898212432861,0.017059294506907463,0.9925350546836853,0.12076052278280258,53.1276969909668
0.2696773409843445,0.11369220167398453,-0.9562155604362488,-133.4641571044922,-0.9627962112426758,0.049623068422079086,-0.26563316583633423,-6.062727928161621,0.017249930649995804,0.9922760128974915,0.1228446364402771,53.17213439941406
0.2713002562522888,0.11556560546159744,-0.955531656742096,-133.3046112060547,-0.9623367786407471,0.050554774701595306,-0.2671181261539459,-6.043261528015137,0.017437024042010307,0.9920125007629395,0.1249285563826561,53.216243743896484
0.27292272448539734,0.11743687093257904,-0.9548412561416626,-133.14501953125,-0.9618746042251587,0.05148935317993164,-0.26860034465789795,-6.02349853515625,0.017620574682950974,0.9917446374893188,0.12701214849948883,53.2600212097168
0.27454474568367004,0.11930599063634872,-0.9541442394256592,-132.98536682128906,-0.9614095687866211,0.052426788955926895,-0.2700798213481903,-6.003439426422119,0.017800576984882355,0.9914724230766296,0.1290954202413559,53.303470611572266
0.2761663496494293,0.1211731806397438,-0.9534407258033752,-132.82566833496094,-0.960941731929779,0.053367141634225845,-0.2715565860271454,-5.983084678649902,0.01797703094780445,0.9911957383155823,0.1311785727739334,53.34659194946289
0.2777875065803528,0.12303820252418518,-0.952730655670166,-132.66592407226562,-0.9604710936546326,0.05431034788489342,-0.2730306088924408,-5.962433815002441,0.01814994029700756,0.9909147024154663,0.13326136767864227,53.389381408691406
0.27940821647644043,0.1249011754989624,-0.9520140290260315,-132.50611877441406,-0.9599976539611816,0.055256437510252,-0.27450186014175415,-5.941487789154053,0.018319299444556236,0.9906293153762817,0.13534393906593323,53.43183898925781
0.28102847933769226,0.12676195800304413,-0.9512909054756165,-132.3462677001953,-0.9595214128494263,0.05620536580681801,-0.2759703993797302,-5.920246124267578,0.01848510652780533,0.9903395175933838,0.13742612302303314,53.473968505859375
0.2826482653617859,0.1286206841468811,-0.9505612254142761,-132.18637084960938,-0.9590423703193665,0.05715717002749443,-0.27743616700172424,-5.898709297180176,0.018647363409399986,0.9900453686714172,0.13950805366039276,53.51576614379883
0.2842676043510437,0.13047730922698975,-0.9498250484466553,-132.02642822265625,-0.9585605263710022,0.05811184272170067,-0.2788991630077362,-5.876877307891846,0.01880606822669506,0.9897467494010925,0.1415897160768509,53.55723190307617
0.2858864665031433,0.1323317438364029,-0.9490823149681091,-131.86643981933594,-0.9580758810043335,0.05906934663653374,-0.2803594172000885,-5.854750156402588,0.018961220979690552,0.989443838596344,0.1436709761619568,53.598365783691406
0.2875048518180847,0.1341838389635086,-0.9483330845832825,-131.70640563964844,-0.9575884342193604,0.060029640793800354,-0.28181692957878113,-5.8323283195495605,0.019112814217805862,0.9891365766525269,0.1457517147064209,53.63916778564453
0.28912267088890076,0.13603374361991882,-0.9475774168968201,-131.54632568359375,-0.9570982456207275,0.06099274009466171,-0.28327155113220215,-5.809612274169922,0.01926085352897644,0.9888249039649963,0.14783203601837158,53.67963790893555
0.29074010252952576,0.13788150250911713,-0.9468151330947876,-131.38621520996094,-0.9566052556037903,0.061958715319633484,-0.28472352027893066,-5.786601543426514,0.019405338913202286,0.9885088801383972,0.1499120593070984,53.71977233886719
0.292356938123703,0.1397271603345871,-0.9460463523864746,-131.22605895996094,-0.9561094641685486,0.06292751431465149,-0.28617262840270996,-5.763296604156494,0.019546261057257652,0.9881884455680847,0.15199176967144012,53.75957489013672
0.2939731776714325,0.14157046377658844,-0.9452711343765259,-131.06585693359375,-0.955610990524292,0.06389907747507095,-0.28761881589889526,-5.7396979331970215,0.01968362182378769,0.9878637194633484,0.1540709137916565,53.79904556274414
0.29558882117271423,0.14341142773628235,-0.9444894790649414,-130.90562438964844,-0.955109715461731,0.06487338989973068,-0.28906214237213135,-5.7158050537109375,0.019817421212792397,0.9875345826148987,0.1561494916677475,53.83818054199219
0.2972039580345154,0.14525023102760315,-0.9437013268470764,-130.74534606933594,-0.9546056389808655,0.06585054099559784,-0.290502667427063,-5.691618919372559,0.019947662949562073,0.9872011542320251,0.15822772681713104,53.876983642578125
0.2988186776638031,0.1470867544412613,-0.9429066181182861,-130.5850372314453,-0.9540987610816956,0.06683050841093063,-0.2919405400753021,-5.667139053344727,0.02007434517145157,0.9868633151054382,0.16030548512935638,53.91545104980469
0.30043259263038635,0.14892102777957916,-0.9421055316925049,-130.42469787597656,-0.9535892009735107,0.0678132176399231,-0.29337525367736816,-5.6423659324646,0.020197464153170586,0.9865211248397827,0.16238278150558472,53.953582763671875
0.3020459711551666,0.15075290203094482,-0.9412979483604431,-130.2643280029297,-0.9530768394470215,0.06879869103431702,-0.29480722546577454,-5.617299556732178,0.020317018032073975,0.9861745834350586,0.1644594669342041,53.99138259887695
0.30365872383117676,0.15258249640464783,-0.9404838681221008,-130.10391235351562,-0.9525617361068726,0.0697869211435318,-0.2962362468242645,-5.591940402984619,0.020433006808161736,0.9858236908912659,0.1665356606245041,54.028846740722656
0.30527085065841675,0.15440981090068817,-0.9396634101867676,-129.94346618652344,-0.952043890953064,0.07077792286872864,-0.2976623773574829,-5.566288471221924,0.02054543048143387,0.9854684472084045,0.1686113476753235,54.065975189208984
0.3068823516368866,0.15623469650745392,-0.9388364553451538,-129.78298950195312,-0.9515233039855957,0.07177164405584335,-0.2990856170654297,-5.54034423828125,0.020654285326600075,0.9851089119911194,0.17068640887737274,54.10276794433594
0.3084931969642639,0.1580572873353958,-0.9380031228065491,-129.6224822998047,-0.9509999752044678,0.07276812195777893,-0.3005059063434601,-5.514107704162598,0.020759575068950653,0.9847449660301208,0.1727609485387802,54.139225006103516
0.3101033866405487,0.1598774492740631,-0.9371632933616638,-129.4619598388672,-0.9504739046096802,0.07376731932163239,-0.30192330479621887,-5.487578868865967,0.020861294120550156,0.9843767285346985,0.17483484745025635,54.17534637451172
0.3117128312587738,0.16169530153274536,-0.9363171458244324,-129.30140686035156,-0.9499451518058777,0.07476924359798431,-0.3033376634120941,-5.460758209228516,0.02095944620668888,0.9840041399002075,0.1769081950187683,54.21112823486328
0.31332162022590637,0.16351069509983063,-0.9354645013809204,-129.1408233642578,-0.9494136571884155,0.07577387988567352,-0.30474910140037537,-5.433646202087402,0.021054033190011978,0.9836272597312927,0.17898088693618774,54.24657440185547
0.314929723739624,0.1653236448764801,-0.9346054792404175,-128.980224609375,-0.9488794207572937,0.07678121328353882,-0.3061576187610626,-5.406242370605469,0.02114504761993885,0.9832460284233093,0.18105289340019226,54.28168487548828
0.316537082195282,0.1671343743801117,-0.9337400197982788,-128.81959533691406,-0.948342502117157,0.07779131084680557,-0.30756309628486633,-5.378547668457031,0.021232489496469498,0.9828604459762573,0.18312446773052216,54.31645584106445
0.3181438744068146,0.1689426302909851,-0.9328680634498596,-128.65895080566406,-0.9478027820587158,0.07880411297082901,-0.3089657127857208,-5.350561618804932,0.02131636254489422,0.9824705123901367,0.18519534170627594,54.35089111328125
