0.1412217766046524,0.10104478895664215,-0.9848077893257141,-142.74038696289062,-0.9899779558181763,0.014414164237678051,-0.14048424363136292,-5.024213790893555,-1.906089330816485e-08,0.9947774410247803,0.10206770896911621,55.103389739990234
0.1420074850320816,0.09916602820158005,-0.9848857522010803,-142.57449340820312,-0.9898647665977478,0.012964272871613503,-0.14142005145549774,-5.016277313232422,-0.0012557369191199541,0.9949864745140076,0.1000019833445549,55.1173210144043
0.14279547333717346,0.09728796780109406,-0.9849591255187988,-142.40863037109375,-0.989749014377594,0.011512567289173603,-0.14235274493694305,-5.008231163024902,-0.0025098014157265425,0.9951896667480469,0.09793461114168167,55.13157653808594
0.14358572661876678,0.09541061520576477,-0.9850279092788696,-142.2427978515625,-0.9896307587623596,0.010059056803584099,-0.14328233897686005,-5.000075817108154,-0.0037622046656906605,0.9953871965408325,0.09586560726165771,55.146156311035156
0.14437814056873322,0.09353398531675339,-0.985092043876648,-142.07701110839844,-0.9895098805427551,0.00860374141484499,-0.14420871436595917,-4.991811752319336,-0.005012937821447849,0.9955788850784302,0.09379499405622482,55.16106033325195
0.14517293870449066,0.09165821969509125,-0.9851515293121338,-141.9112548828125,-0.9893864989280701,0.0071466704830527306,-0.14513207972049713,-4.9834394454956055,-0.006261994130909443,0.9957648515701294,0.09172290563583374,55.17628860473633
0.14597000181674957,0.08978333324193954,-0.9852064251899719,-141.7455291748047,-0.9892604947090149,0.005687842611223459,-0.1460523158311844,-4.974959373474121,-0.007509364280849695,0.9959450960159302,0.08964935690164566,55.19184112548828
0.1467691957950592,0.08790910243988037,-0.9852567315101624,-141.57984924316406,-0.9891320466995239,0.004227225203067064,-0.14696931838989258,-4.966372013092041,-0.008755039423704147,0.9961195588111877,0.08757413923740387,55.20771789550781
0.1475706547498703,0.08603590726852417,-0.9853023290634155,-141.41419982910156,-0.9890009760856628,0.0027648890390992165,-0.14788317680358887,-4.957678318023682,-0.00999901257455349,0.9962881803512573,0.08549761772155762,55.22391891479492
0.14837436378002167,0.08416341245174408,-0.9853433966636658,-141.2485809326172,-0.9888674020767212,0.0013007917441427708,-0.14879390597343445,-4.948878288269043,-0.011241276748478413,0.9964511394500732,0.08341945707798004,55.24044418334961
0.1491803228855133,0.0822918564081192,-0.9853797554969788,-141.0830078125,-0.9887312054634094,-0.00016502072685398161,-0.14970149099826813,-4.939972877502441,-0.01248182263225317,0.9966082572937012,0.08133991062641144,55.257293701171875
0.14998851716518402,0.08042115718126297,-0.985411524772644,-140.91748046875,-0.9885925054550171,-0.0016325557371601462,-0.1506059318780899,-4.930962085723877,-0.013720642775297165,0.9967596530914307,0.07925888895988464,55.27446746826172
0.150798961520195,0.07855143398046494,-0.9854386448860168,-140.75198364257812,-0.9884513020515442,-0.0031017872970551252,-0.1515072137117386,-4.921846866607666,-0.014957730658352375,0.9969052076339722,0.0771765187382698,55.29196548461914
0.15161150693893433,0.07668259739875793,-0.9854611754417419,-140.58653259277344,-0.988307535648346,-0.004572726786136627,-0.15240523219108582,-4.912627696990967,-0.016193073242902756,0.9970450401306152,0.07509270310401917,55.30978775024414
0.15242628753185272,0.07481453567743301,-0.9854790568351746,-140.42111206054688,-0.9881612062454224,-0.006045375019311905,-0.15330007672309875,-4.9033050537109375,-0.017426664009690285,0.9971791505813599,0.07300734519958496,55.32793426513672
0.15324316918849945,0.07294750958681107,-0.9854923486709595,-140.2557373046875,-0.9880123734474182,-0.007519688922911882,-0.15419164299964905,-4.893879413604736,-0.01865849271416664,0.9973074197769165,0.07092069834470749,55.346405029296875
0.15406227111816406,0.07108129560947418,-0.9855010509490967,-140.0904083251953,-0.9878609776496887,-0.008995694108307362,-0.15508003532886505,-4.88435173034668,-0.019888555631041527,0.9974299669265747,0.06883253902196884,55.365203857421875
0.1548837125301361,0.0692160353064537,-0.9855050444602966,-139.9251251220703,-0.9877070188522339,-0.010473350062966347,-0.15596537292003632,-4.874722003936768,-0.021116843447089195,0.9975467324256897,0.06674300879240036,55.38432693481445
0.1557072550058365,0.06735186278820038,-0.9855044484138489,-139.7598876953125,-0.9875504970550537,-0.011952647939324379,-0.15684740245342255,-4.864990711212158,-0.022343352437019348,0.9976577162742615,0.06465224921703339,55.40377426147461
0.15653298795223236,0.0654885470867157,-0.9854992032051086,-139.59469604492188,-0.987391471862793,-0.013433605432510376,-0.1577262431383133,-4.855158805847168,-0.02356806956231594,0.99776291847229,0.06256003677845001,55.423545837402344
0.15736080706119537,0.0636262372136116,-0.9854893684387207,-139.42955017089844,-0.9872299432754517,-0.014916200190782547,-0.1586017906665802,-4.845226764678955,-0.024790991097688675,0.9978623390197754,0.06046650558710098,55.44364547729492
0.15819083154201508,0.06176506355404854,-0.9854748845100403,-139.2644500732422,-0.987065851688385,-0.01640038751065731,-0.15947411954402924,-4.835195064544678,-0.026012100279331207,0.9979559779167175,0.05837179720401764,55.46406936645508
0.15902304649353027,0.059904806315898895,-0.9854557514190674,-139.09939575195312,-0.9868992567062378,-0.01788620837032795,-0.16034327447414398,-4.825064182281494,-0.027231400832533836,0.9980438351631165,0.056275688111782074,55.48481750488281
0.15985745191574097,0.05804559960961342,-0.9854320287704468,-138.93438720703125,-0.9867300987243652,-0.01937362365424633,-0.16120921075344086,-4.8148345947265625,-0.02844887413084507,0.9981259107589722,0.05417832359671593,55.50589370727539
0.16069404780864716,0.0561874620616436,-0.9854036569595337,-138.76942443847656,-0.9865583777427673,-0.020862624049186707,-0.16207192838191986,-4.804506778717041,-0.02966451644897461,0.9982022643089294,0.052079711109399796,55.52729415893555
0.1615327000617981,0.054330289363861084,-0.9853706955909729,-138.60450744628906,-0.9863841533660889,-0.02235322631895542,-0.16293132305145264,-4.794081211090088,-0.030878320336341858,0.9982727766036987,0.049979761242866516,55.54901885986328
0.16237352788448334,0.05247410014271736,-0.9853330850601196,-138.43963623046875,-0.9862074255943298,-0.02384541556239128,-0.16378749907016754,-4.7835588455200195,-0.03209028020501137,0.9983375668525696,0.047878485172986984,55.57107162475586
0.16321641206741333,0.05061914771795273,-0.9852908849716187,-138.2748260498047,-0.9860281348228455,-0.025339145213365555,-0.16464033722877502,-4.772939682006836,-0.033300381153821945,0.9983965158462524,0.045776139944791794,55.593448638916016
0.16406145691871643,0.048765212297439575,-0.9852440357208252,-138.1100616455078,-0.9858463406562805,-0.02683444507420063,-0.16548994183540344,-4.7622246742248535,-0.03450862690806389,0.9984497427940369,0.043672505766153336,55.616153717041016
0.16490867733955383,0.046912308782339096,-0.9851925373077393,-137.94534301757812,-0.9856619834899902,-0.02833128720521927,-0.1663363128900528,-4.7514142990112305,-0.03571499511599541,0.9984971284866333,0.0415676049888134,55.639183044433594
0.1657579243183136,0.04506045579910278,-0.9851364493370056,-137.7806854248047,-0.9854751229286194,-0.029829688370227814,-0.16717933118343353,-4.740509033203125,-0.0369194895029068,0.9985387921333313,0.03946145251393318,55.66253662109375
0.16660933196544647,0.04320978745818138,-0.9850757718086243,-137.61607360839844,-0.985285758972168,-0.03132959455251694,-0.168019101023674,-4.729509353637695,-0.03812209516763687,0.9985746741294861,0.03735418617725372,55.68621826171875
0.1674627661705017,0.04136019945144653,-0.9850104451179504,-137.45152282714844,-0.985093891620636,-0.03283103182911873,-0.16885551810264587,-4.718416213989258,-0.039322808384895325,0.9986047744750977,0.03524570167064667,55.71022415161133
0.16831834614276886,0.03951182961463928,-0.9849404692649841,-137.28701782226562,-0.9848994612693787,-0.0343339629471302,-0.16968868672847748,-4.7072296142578125,-0.04052162170410156,0.9986290335655212,0.033136144280433655,55.73455810546875
0.16917607188224792,0.03766469657421112,-0.9848659038543701,-137.12257385253906,-0.9847025275230408,-0.035838380455970764,-0.17051859200000763,-4.695950508117676,-0.041718531399965286,0.9986475706100464,0.03102552518248558,55.75921630859375
0.1700359284877777,0.03581858053803444,-0.9847866892814636,-136.95819091796875,-0.9845030307769775,-0.037344302982091904,-0.17134523391723633,-4.684578895568848,-0.042913515120744705,0.9986603260040283,0.028913628309965134,55.784202575683594
0.17089779675006866,0.033973608165979385,-0.9847028851509094,-136.79385375976562,-0.9843010306358337,-0.03885170817375183,-0.17216850817203522,-4.6731157302856445,-0.04410657286643982,0.998667299747467,0.02680058777332306,55.809513092041016
0.1717616766691208,0.0321299210190773,-0.9846144318580627,-136.62957763671875,-0.9840965867042542,-0.04036056622862816,-0.1729883849620819,-4.661561489105225,-0.04529770091176033,0.9986684322357178,0.024686545133590698,55.83515167236328
0.17262768745422363,0.03028741292655468,-0.9845213890075684,-136.46536254882812,-0.9838895797729492,-0.04187089204788208,-0.17380499839782715,-4.649916648864746,-0.04648689180612564,0.9986638426780701,0.022571394219994545,55.861114501953125
0.1734957993030548,0.028446106240153313,-0.9844236969947815,-136.30120849609375,-0.983680009841919,-0.0433826670050621,-0.17461833357810974,-4.638182163238525,-0.047674134373664856,0.9986534714698792,0.02045515738427639,55.88740539550781
0.17436590790748596,0.026606012135744095,-0.9843214154243469,-136.13710021972656,-0.9834679961204529,-0.044895876199007034,-0.17542825639247894,-4.6263580322265625,-0.04885941743850708,0.998637318611145,0.018337849527597427,55.91402053833008
0.17523813247680664,0.02476714923977852,-0.9842144846916199,-135.97305297851562,-0.9832534193992615,-0.046410512179136276,-0.1762349158525467,-4.614445209503174,-0.050042737275362015,0.9986153841018677,0.0162194911390543,55.94096374511719
0.1761123389005661,0.02292953059077263,-0.9841029644012451,-135.80906677246094,-0.9830363988876343,-0.04792657867074013,-0.17703814804553986,-4.602444171905518,-0.05122409388422966,0.9985876679420471,0.014100099913775921,55.968231201171875
0.1769886463880539,0.021093176677823067,-0.9839868545532227,-135.6451416015625,-0.9828168153762817,-0.0494440533220768,-0.17783810198307037,-4.590355396270752,-0.052403468638658524,0.9985541105270386,0.011979693546891212,55.995826721191406
0.17786693572998047,0.019258098676800728,-0.9838660955429077,-135.4812774658203,-0.9825947284698486,-0.050962917506694794,-0.1786346435546875,-4.578179359436035,-0.05358085036277771,0.9985148310661316,0.009858288802206516,56.02375030517578
0.17874731123447418,0.017424318939447403,-0.9837406873703003,-135.31747436523438,-0.9823701977729797,-0.052483174949884415,-0.1794278770685196,-4.565916538238525,-0.05475624278187752,0.9984697699546814,0.0077359057031571865,56.051998138427734
0.17962975800037384,0.015591851435601711,-0.9836106896400452,-135.15374755859375,-0.9821431040763855,-0.054004792124032974,-0.18021780252456665,-4.553567409515381,-0.055929623544216156,0.998418927192688,0.005612561013549566,56.08057403564453
0.18051418662071228,0.013760709203779697,-0.9834761023521423,-134.99008178710938,-0.9819135069847107,-0.055527787655591965,-0.18100431561470032,-4.541132926940918,-0.05710100010037422,0.9983623027801514,0.003488272661343217,56.109474182128906
0.18140068650245667,0.011930912733078003,-0.983336865901947,-134.82647705078125,-0.9816814064979553,-0.057052131742239,-0.18178750574588776,-4.528613567352295,-0.05827035754919052,0.9982998967170715,0.001363059040158987,56.138702392578125
0.18228913843631744,0.010102472268044949,-0.983193039894104,-134.66293334960938,-0.9814468026161194,-0.058577828109264374,-0.1825672686100006,-4.516009330749512,-0.059437695890665054,0.9982317090034485,-0.0007630621548742056,56.16825485229492
0.18317966163158417,0.008275412954390049,-0.9830446243286133,-134.4994659423828,-0.9812096953392029,-0.060104865580797195,-0.18334370851516724,-4.503321170806885,-0.06060301139950752,0.9981577396392822,-0.0028900729957967997,56.19813537597656
0.18407200276851654,0.006449615117162466,-0.9828916192054749,-134.3360595703125,-0.9809701442718506,-0.06163324415683746,-0.18411658704280853,-4.4905500411987305,-0.06176627799868584,0.9980780482292175,-0.005018074531108141,56.22834014892578
0.18496641516685486,0.004625224508345127,-0.982733964920044,-134.17271423339844,-0.9807280898094177,-0.0631629154086113,-0.1848861426115036,-4.477695941925049,-0.0629274845123291,0.9979925155639648,-0.007146930322051048,56.258872985839844
0.18586286902427673,0.0028021459002047777,-0.9825717210769653,-134.0094451904297,-0.9804834723472595,-0.06469392776489258,-0.18565236032009125,-4.464759349822998,-0.06408664584159851,0.997901201248169,-0.009276741184294224,56.28973388671875
0.18676114082336426,0.0009804920991882682,-0.982404887676239,-133.8462371826172,-0.9802364706993103,-0.06622622162103653,-0.18641501665115356,-4.4517412185668945,-0.06524373590946198,0.9978041648864746,-0.011407370679080486,56.320919036865234
0.18766145408153534,-0.0008398212376050651,-0.9822334051132202,-133.68310546875,-0.9799869060516357,-0.06775981187820435,-0.18717432022094727,-4.4386420249938965,-0.06639876216650009,0.9977012872695923,-0.01353891845792532,56.35243225097656
0.18856380879878998,-0.002658658428117633,-0.9820573329925537,-133.52003479003906,-0.9797348976135254,-0.06929468363523483,-0.18793028593063354,-4.425462245941162,-0.06755170971155167,0.9975926876068115,-0.015671249479055405,56.38426971435547
0.18946820497512817,-0.004476124886423349,-0.9818766713142395,-133.35704040527344,-0.9794803261756897,-0.0708308294415474,-0.1886828988790512,-4.41220235824585,-0.0687025710940361,0.9974783062934875,-0.01780446618795395,56.41643524169922
0.19037450850009918,-0.0062919738702476025,-0.9816913604736328,-133.19412231445312,-0.9792233109474182,-0.07236821204423904,-0.1894320547580719,-4.398863315582275,-0.0698513463139534,0.9973581433296204,-0.019938310608267784,56.44892883300781
0.191282719373703,-0.008106428198516369,-0.9815015196800232,-133.03126525878906,-0.9789638519287109,-0.07390684634447098,-0.19017773866653442,-4.3854451179504395,-0.07099802047014236,0.99723219871521,-0.02207300253212452,56.481746673583984
0.192192941904068,-0.009919459000229836,-0.9813070297241211,-132.8684844970703,-0.9787018299102783,-0.07544674724340439,-0.19092006981372833,-4.371948719024658,-0.0721426010131836,0.9971004724502563,-0.02420852705836296,56.514892578125
0.193105086684227,-0.01173106487840414,-0.9811079502105713,-132.70578002929688,-0.9784373641014099,-0.07698788493871689,-0.19165891408920288,-4.35837459564209,-0.0732850581407547,0.9969630241394043,-0.026344863697886467,56.548362731933594
0.1940191090106964,-0.013541108928620815,-0.9809042811393738,-132.54315185546875,-0.9781704545021057,-0.07853022962808609,-0.19239427149295807,-4.344723224639893,-0.07442540675401688,0.9968197345733643,-0.028481876477599144,56.58216094970703
0.19493502378463745,-0.01534958090633154,-0.9806960225105286,-132.38059997558594,-0.977901041507721,-0.0800737515091896,-0.19312617182731628,-4.330995082855225,-0.07556360960006714,0.9966707229614258,-0.030619550496339798,56.61628341674805
0.19585295021533966,-0.01715657114982605,-0.9804831743240356,-132.21812438964844,-0.9776291847229004,-0.08161848783493042,-0.1938546746969223,-4.317190647125244,-0.07669967412948608,0.9965159893035889,-0.03275798633694649,56.650733947753906
0.1967727392911911,-0.01896207220852375,-0.980265736579895,-132.05572509765625,-0.9773548245429993,-0.08316440880298615,-0.19457970559597015,-4.303310871124268,-0.07783358544111252,0.996355414390564,-0.03489715978503227,56.685508728027344
0.19769442081451416,-0.02076607011258602,-0.9800437092781067,-131.89340209960938,-0.9770779609680176,-0.08471152186393738,-0.19530121982097626,-4.289356231689453,-0.07896535098552704,0.9961891174316406,-0.037037063390016556,56.720611572265625
0.19861796498298645,-0.022568434476852417,-0.9798170924186707,-131.7311553955078,-0.9767987132072449,-0.08625976741313934,-0.1960192620754242,-4.275327205657959,-0.08009494841098785,0.9960170388221741,-0.039177555590867996,56.756038665771484
0.19954338669776917,-0.02436937764286995,-0.9795859456062317,-131.56898498535156,-0.9765169620513916,-0.08780921250581741,-0.19673378765583038,-4.261224269866943,-0.08122238516807556,0.9958391785621643,-0.0413188561797142,56.79179382324219
0.20047065615653992,-0.026168769225478172,-0.9793501496315002,-131.40689086914062,-0.9762327671051025,-0.0893598198890686,-0.19744479656219482,-4.2470479011535645,-0.08234766125679016,0.9956555962562561,-0.04346083104610443,56.82787322998047
0.20139992237091064,-0.027966473251581192,-0.9791097640991211,-131.244873046875,-0.9759460687637329,-0.09091152250766754,-0.19815242290496826,-4.232799053192139,-0.08347073942422867,0.9954662322998047,-0.04560334235429764,56.864280700683594
0.20233114063739777,-0.02976258471608162,-0.9788647890090942,-131.0829315185547,-0.9756568670272827,-0.0924643725156784,-0.1988566666841507,-4.218477725982666,-0.08459163457155228,0.9952710866928101,-0.04774649068713188,56.9010124206543
0.20326410233974457,-0.03155722841620445,-0.9786152839660645,-130.92108154296875,-0.9753652811050415,-0.09401835501194,-0.19955725967884064,-4.204084873199463,-0.0857103243470192,0.995070219039917,-0.04989038035273552,56.938072204589844
0.20419901609420776,-0.0333501361310482,-0.9783611297607422,-130.75930786132812,-0.9750711917877197,-0.09557341784238815,-0.20025447010993958,-4.1896209716796875,-0.08682680130004883,0.9948635697364807,-0.05203475430607796,56.97545623779297
0.2051357626914978,-0.035141535103321075,-0.978102445602417,-130.5976104736328,-0.9747746586799622,-0.09712960571050644,-0.20094814896583557,-4.175086498260498,-0.08794108033180237,0.9946511387825012,-0.0541798360645771,57.01316833496094
0.20607435703277588,-0.036931175738573074,-0.9778391718864441,-130.43600463867188,-0.9744756817817688,-0.09868685901165009,-0.20163831114768982,-4.160482406616211,-0.08905313163995743,0.9944329857826233,-0.056325364857912064,57.051204681396484
0.20701490342617035,-0.03871927037835121,-0.9775713086128235,-130.27447509765625,-0.9741742610931396,-0.10024520754814148,-0.20232504606246948,-4.145808696746826,-0.0901629626750946,0.9942091107368469,-0.05847156420350075,57.089569091796875
0.20795726776123047,-0.04050568491220474,-0.9772988557815552,-130.113037109375,-0.9738703370094299,-0.10180463641881943,-0.2030082643032074,-4.13106632232666,-0.0912705659866333,0.9939794540405273,-0.06061829999089241,57.128257751464844
0.2089013308286667,-0.04229043424129486,-0.9770218729972839,-129.95167541503906,-0.9735640287399292,-0.10336510092020035,-0.20368783175945282,-4.116255760192871,-0.09237591922283173,0.9937440156936646,-0.06276555359363556,57.16727066040039
0.2098473310470581,-0.044073350727558136,-0.976740300655365,-129.7904052734375,-0.9732552170753479,-0.10492660105228424,-0.20436400175094604,-4.101377487182617,-0.09347903728485107,0.9935028553009033,-0.06491319090127945,57.20661163330078
0.21079514920711517,-0.04585466533899307,-0.9764541983604431,-129.62921142578125,-0.9729440212249756,-0.1064891666173935,-0.20503661036491394,-4.086432456970215,-0.09457991272211075,0.9932559728622437,-0.0670614242553711,57.24627685546875
0.2117447704076767,-0.04763425141572952,-0.9761634469032288,-129.46810913085938,-0.9726303219795227,-0.10805276036262512,-0.2057056874036789,-4.071420669555664,-0.09567852318286896,0.9930033087730408,-0.06921012699604034,57.2862663269043
0.21269620954990387,-0.04941220581531525,-0.9758682250976562,-129.30709838867188,-0.9723142385482788,-0.10961739718914032,-0.2063712179660797,-4.056343078613281,-0.0967748761177063,0.9927449226379395,-0.07135939598083496,57.32658386230469
0.2136494219303131,-0.051188405603170395,-0.9755683541297913,-129.14617919921875,-0.9719956517219543,-0.11118301749229431,-0.2070332020521164,-4.041200160980225,-0.09786893427371979,0.9924807548522949,-0.0735090970993042,57.367225646972656
0.214604452252388,-0.05296282842755318,-0.9752640128135681,-128.98533630371094,-0.9716746807098389,-0.11274963617324829,-0.20769163966178894,-4.025992393493652,-0.09896072745323181,0.992210865020752,-0.07565921545028687,57.4081916809082
0.2155613750219345,-0.05473555997014046,-0.9749550223350525,-128.8245849609375,-0.9713512659072876,-0.11431727558374405,-0.20834662020206451,-4.010720252990723,-0.10005023330450058,0.9919352531433105,-0.07780984044075012,57.449485778808594
0.21651996672153473,-0.05650651082396507,-0.9746415615081787,-128.66392517089844,-0.9710254073143005,-0.11588585376739502,-0.2089979499578476,-3.995384454727173,-0.1011374220252037,0.9916539192199707,-0.07996086031198502,57.49110412597656
0.21748022735118866,-0.05827553570270538,-0.9743235111236572,-128.50335693359375,-0.9706971645355225,-0.1174553707242012,-0.20964562892913818,-3.9799857139587402,-0.10222232341766357,0.9913668036460876,-0.08211211860179901,57.53304672241211
0.2184423804283142,-0.06004294753074646,-0.9740009307861328,-128.34288024902344,-0.9703664183616638,-0.11902588605880737,-0.2102898359298706,-3.964524507522583,-0.1033049002289772,0.9910740256309509,-0.08426395803689957,57.575313568115234
0.21940642595291138,-0.061808500438928604,-0.9736737012863159,-128.1824951171875,-0.9700332880020142,-0.12059733271598816,-0.21093060076236725,-3.9490013122558594,-0.10438515245914459,0.990775465965271,-0.08641613274812698,57.6179084777832
