1.0000000218394804,3.233339991330673e-09,-3.856223090847877e-09,0.0,3.233339991330673e-09,0.9999999431933096,-8.049085194379489e-10,0.0,-3.856223090847877e-09,-8.049085194379489e-10,0.9999999746777734,0.0
0.9999974226589194,0.0009178445597310403,0.0020752368308940006,0.16306628165403936,-0.0009154158670418121,0.9999988475241992,-0.0011700393600141909,0.015570844323322675,-0.002076307736843322,0.001168135722503072,0.9999971785210028,-0.030735594426978707
0.9999896980676843,0.0018381224336481705,0.004149446468649981,0.3260848212442795,-0.0018283999823303567,0.9999955365102022,-0.0023419728547673753,0.031028805490581846,-0.004153740954892196,0.0023343602098169214,0.9999886162321115,-0.06179224190646693
0.9999768516800809,0.0027608130019921573,0.006222634662422177,0.48905555178259874,-0.0027389638643464565,0.9999900670542347,-0.003515793121460706,0.0463743555600562,-0.006232288901818497,0.003498667178026438,0.9999744665782523,-0.09316993556524977
0.9999588103313548,0.003685829385281947,0.008294768486302367,0.6519633793066077,-0.00364699791599473,0.9999823064111484,-0.00469150226446605,0.061605811716717085,-0.008311921601572694,0.0046610566472646275,0.9999545531850417,-0.12486712670901312
0.9999356170171496,0.004613374269014647,0.010365713762987477,0.8148232638024808,-0.004552708662767994,0.9999724041610387,-0.005869071409874091,0.07672580089213987,-0.010392508651132767,0.005821501033737964,0.9999290096546808,-0.15688535028565553
0.9999073152104843,0.0055433460514006105,0.012435456013952115,0.9776351382821247,-0.00545596967262335,0.9999602254543892,-0.007048504045036514,0.09173479514460325,-0.01247403953159619,0.0069800014000347965,0.999897837472718,-0.18922459942196923
0.9998738689647269,0.006475586635832364,0.01450421385644611,1.1403839087831216,-0.00635667768281709,0.9999459283737367,-0.008229800874036249,0.10663111165907857,-0.014556720266194478,0.008136565073413204,0.9998609542906787,-0.22188332542363298
0.9998352107046315,0.007410252502932035,0.01657159705633257,1.3030844683035525,-0.0072549380392165,0.9999293548365441,-0.009412945487119876,0.12141784942541634,-0.01664017692637132,0.009291168976817421,0.9998183402304083,-0.2548630563653447
0.9997914844000659,0.008347311517958422,0.018637960000326123,1.4657368168434175,-0.008150740241227581,0.9999106207530115,-0.010597932486484947,0.1360950084436201,-0.01872476132025827,0.010443809385794256,0.9997701386832667,-0.2881637922470972
0.9997425377160618,0.009286779477358786,0.020703043184878187,1.6283257934522055,-0.009044094789445897,0.9998896081085699,-0.011784750047644415,0.15066137795693635,-0.02081020316808828,0.011594475317454556,0.9997161965225431,-0.32178397750136156
0.9996884789252918,0.010228624198862946,0.022766940523119006,1.7908513981299166,-0.00993498484892549,0.9998664328134195,-0.012973393886043592,0.16511695796536685,-0.022896603455372852,0.012743162584115786,0.9996566239475482,-0.35572361212813064
0.9996292601631418,0.011172859691844783,0.024829518798246353,1.9533285238746316,-0.010823404085316679,0.9998410969719287,-0.01416385510738194,0.17946484745876035,-0.024983829946203948,0.013889863194882446,0.9995913147916676,-0.38998422420210943
0.9995649155890538,0.012119346251210139,0.02689087982501115,2.1157420767239046,-0.011709240818399795,0.9998135205331282,-0.015356132350997316,0.19370336362209528,-0.02707198351150933,0.015034578377028651,0.9995203784434781,-0.4245642650289696
0.9994953891781515,0.013068215284569806,0.028951133778742144,2.2781070166640234,-0.012592591976577102,0.9997837224363341,-0.016550210640866512,0.2078351333869417,-0.029161155768980457,0.016177288094181397,0.9994438035985979,-0.4594652695566239
0.9994207508316704,0.014019325299756247,0.031010005632205198,2.4404082497325135,-0.013473345879622255,0.9997517427495144,-0.017746084161456937,0.22185847393827984,-0.03125109924107858,0.01731799656560845,0.9993614986406681,-0.49468568909073696
0.9993409923893481,0.014972801688287962,0.033067731272507644,2.602645252595721,-0.014351605790287198,0.9997175393003324,-0.018943746701931975,0.23577432939258358,-0.0333420377814032,0.01845668718084642,0.9992735592019641,-0.5302293046596844
0.999256027648785,0.015928760897822247,0.0351241595141612,2.7648184146111134,-0.015227506558085682,0.9996811289237354,-0.020143178147279495,0.2495826997499293,-0.03543382024105858,0.019593338629830925,0.9991799408770886,-0.566092321488668
0.9991659528695958,0.016886967751653437,0.037179157041205946,2.9269276687905403,-0.016100780567108678,0.9996424779498281,-0.021344388677921832,0.2632840570685868,-0.037526314192409385,0.020727971297682224,0.999080657344734,-0.6022747327044939
0.9990707032857782,0.017847500594134313,0.03923295379861269,3.088972881157787,-0.01697155424940306,0.9996016580121054,-0.02254736319393546,0.2768793454651117,-0.03961973768110415,0.0218605640390217,0.9989756850117271,-0.6387765245607326
0.9989703366311486,0.018810256321575736,0.04128539989851776,3.2509535953673776,-0.017839715924744762,0.9995586543799881,-0.023752100611273294,0.2903690369977028,-0.04171396181631612,0.022991123687807424,0.9988650392570966,-0.6756014849589604
0.9988648191222906,0.019775358994684744,0.04333636065646446,3.4128701337885445,-0.0187053477697104,0.999513424881139,-0.024958575087696052,0.3037536037247097,-0.04380884082752497,0.024119620663154373,0.9987487338999467,-0.7127458122511925
0.9987541342254285,0.020742785945400133,0.04538605828224257,3.5747224294332796,-0.01956849403976753,0.9994660264184743,-0.026166796151277004,0.3170335177044077,-0.045904597709179054,0.025246061035733125,0.9986267461407619,-0.7502094995642139
0.9986383491885875,0.02171254364607611,0.04743435520771738,3.7365100259559654,-0.02042910206197626,0.999416399984709,-0.02737674401780188,0.3302092509949972,-0.04800109331209852,0.02637042541721879,0.9984990900945224,-0.787996334799594
0.998517406073113,0.02268463171648083,0.04948123786476244,3.898233245725976,-0.021287180253810274,0.9993645455798432,-0.028588412097841933,0.343281275654828,-0.05009831420187512,0.02749271010177662,0.9983658270709324,-0.8261025163093478
0.9983913397989106,0.02365890894962064,0.05152679916446662,4.059892021755161,-0.022142616935049764,0.9993105032718451,-0.02980180225661897,0.35625006374217527,-0.05219635383776711,0.02861292208805044,0.9982268277018508,-0.8645280372202606
0.9982601074612059,0.024635492173384677,0.053571030837396116,4.221485830709895,-0.02299552378591603,0.999254289895662,-0.031016902372770192,0.3691165593735164,-0.054295196583045977,0.029731043771810628,0.9980822126708833,-0.903276678560708
0.9981237772480878,0.02561427084212209,0.05561366470307105,4.383000034973293,-0.023845774374361566,0.9991958296090618,-0.032233702121120714,0.3818786076756222,-0.05639459103955044,0.030847071516044544,0.9979318896591693,-0.9423431037347783
0.9979822826804075,0.02659533968600858,0.05765493356866652,4.544449138186053,-0.024693480380612066,0.9991351961499081,-0.03345219996587571,0.39453930763827216,-0.0584947513323065,0.03196099934594526,0.9977759546149962,-0.9817326355919533
0.997835626039556,0.027578719471946123,0.059694806666899414,4.705833462717436,-0.02553864180466711,0.9990723326152844,-0.03467237035174135,0.40709913131981423,-0.06059565522630565,0.033072802661668455,0.9976142908600637,-1.0214414724842484
0.9976838507985524,0.02856425545885699,0.06173328017676494,4.867137914605053,-0.026381132214483804,0.9990072769687908,-0.035894232504974685,0.41955639590522154,-0.06269729220264537,0.03418250108504689,0.9974470186215535,-1.061468065717328
0.9975269856796234,0.029552078198830323,0.06377020835304048,5.028377064477695,-0.027221054872807203,0.998940048149743,-0.037117751889541466,0.4319137283259984,-0.0647995266489544,0.035290066241579376,0.9972740929358774,-1.1018177450138893
0.9973649466835104,0.03054205523861775,0.06580569758259547,5.189536140742234,-0.028058314934365437,0.9988706272188249,-0.03834293959054943,0.44416991782546766,-0.06690245480235249,0.036395507976593355,0.9970955028873641,-1.1424851600316117
0.9971977632929039,0.031534311589505926,0.06783960080656304,5.350629781015584,-0.028893015661903422,0.9987989720036995,-0.03956977819385518,0.45632711927685676,-0.06900593363879888,0.03749880597379068,0.9969112036472104,-1.1834756473664
0.9970254932542395,0.03252883849774957,0.06987191080219857,5.511643213704616,-0.029725133886126024,0.9987251415116513,-0.04079826295400648,0.4683841219234868,-0.07110995784874029,0.03859995738648775,0.9967213157916279,-1.224783856675927
0.9968480558149517,0.033525627380691425,0.07190284055551477,5.672576049451919,-0.030554678024511183,0.9986490746310268,-0.042028381271346095,0.48034092576528664,-0.07321473634785347,0.0396989406262096,0.9965257575499268,-1.2664135827349767
0.996665508708857,0.03452455246658115,0.07393226219081739,5.833443570613014,-0.03138153639683483,0.998570813534163,-0.04326012890527425,0.4922006297921797,-0.07532014024531168,0.04079576859758488,0.9963245420426087,-1.308362558843477
0.9964778034988901,0.035525605001673455,0.07596002602723384,5.994230293868043,-0.03220568791692591,0.998490417228344,-0.04449349634365025,0.503961551189068,-0.07742602226708009,0.04189043845392998,0.9961176247098976,-1.3506330310818768
0.9962850068879674,0.03652891837076844,0.0779862508833663,6.154936541586352,-0.03302725693370248,0.9984077845339485,-0.04572848334466764,0.5156241620142978,-0.0795324959852779,0.04298292901979561,0.9959051131957144,-1.3932211978021698
0.996087060364983,0.03753446208361133,0.08001090604661287,6.315561790434288,-0.033846237112816854,0.9983229112422396,-0.046965074625103895,0.5271894063843483,-0.08163953292737006,0.04407323218904691,0.9956869507337148,-1.4361308400327388
0.9958840053095774,0.038542115529022425,0.08203397841751048,6.476121456743556,-0.034662487270405044,0.9982359006372066,-0.04820325701141424,0.5386594391725925,-0.08374712235966626,0.045161349102274706,0.9954631386679502,-1.4793597048199203
0.9956758060476911,0.03955201247203366,0.08405544860589542,6.636599990206264,-0.035476163342151465,0.9981466515392282,-0.0494430257581487,0.5500330496222059,-0.08585524002521448,0.04624726228986448,0.9952336789879203,-1.522910031370948
0.9954625000573818,0.040564004092601635,0.08607530429468013,6.796997713191672,-0.03628709464054987,0.9980552630235571,-0.05068438639458496,0.56131070979154,-0.08796387198137277,0.04733098702128069,0.9949985729574021,-1.5667780180378372
0.9952441100785343,0.04157822263483091,0.08809351608226557,6.957314169354277,-0.0370954286838109,0.9979616339105718,-0.05192731968649913,0.5724928917387935,-0.09007300277330392,0.04841249100356981,0.9947577636755379,-1.6109674527221642
0.9950205602826683,0.04259454118627559,0.09011008251326313,7.117549291705956,-0.03790104112301818,0.9978658063726089,-0.053171808772388904,0.5835800675222416,-0.09218260776892273,0.04949177602385624,0.9945113711267879,-1.655478328550707
0.9947918673671784,0.04361305447711139,0.09212497601513847,7.277703402616055,-0.03870403522091903,0.9977678541475321,-0.054417860496763386,0.5945727092002357,-0.09429266855288192,0.05056883610733304,0.9942593382226262,-1.700306843875488
0.9945580917422264,0.04463376229819449,0.09413817812018438,7.437761018764661,-0.03950440256003929,0.9976676571164036,-0.05566544364087053,0.6054691339576745,-0.09640317447166386,0.05164364880637412,0.9940016668579048,-1.7454552447769558
0.9943192205840297,0.04565656898779746,0.09614967860469165,7.597737422507379,-0.040302039877630924,0.9975652616602972,-0.05691457848580912,0.6162724407844831,-0.09851410618742432,0.052716231425908255,0.9937383580816129,-1.7909212645550312
0.9940752096311344,0.04668156107367061,0.09815945310408158,7.75763215749862,-0.04109704410209401,0.9974606804054236,-0.058165238421443576,0.6269831017388636,-0.10062544066859218,0.05378656010848831,0.9934694143936426,-1.8367086911112835
0.993826104735112,0.047708621157577014,0.1001674920527878,7.91744561309585,-0.04188930355320669,0.9973538965168348,-0.05941742858248249,0.6376011168208873,-0.10273716483167664,0.0548546468995918,0.9931948367754552,-1.8828137296709286
0.9935719223794766,0.048737866257521745,0.10217376911708592,8.077162238991093,-0.04267892149371632,0.9972449268294785,-0.060671141456181805,0.648125275273733,-0.10484926234586245,0.05592047604790645,0.9929146279289843,-1.9292386194412146
0.9933126187563858,0.04976903586711501,0.10417840823750926,8.236797317539839,-0.043465661894487244,0.997133794576375,-0.06192636014183123,0.6585586760873241,-0.10696183029531266,0.05698404806837987,0.992628835055056,-1.975981093722062
0.9930481825867661,0.050802386690428136,0.10618124690547098,8.396350459384735,-0.04424976920212827,0.9970204765245032,-0.06318305727936842,0.6689013192615878,-0.10907473036769534,0.05804532538771695,0.9923373549924966,-2.0230449472882484
0.9927786601863333,0.051837899272342725,0.10818239178917376,8.555806570563277,-0.045031220247346376,0.9969049094578423,-0.06444126736398115,0.6791515219814972,-0.1111880686601144,0.05910432498147494,0.992040236714336,-2.070428631445452
0.9925040340804034,0.05287532570900133,0.11018172950614613,8.715180933431071,-0.04580979375282251,0.9967872388327179,-0.0657009473191107,0.6893123832369774,-0.11330170622455532,0.06016104607153433,0.9917375517715847,-2.118129879493587
0.9922242647059532,0.05391491200310217,0.11217933304389296,8.874458064668204,-0.04658570466152776,0.996667319192804,-0.06696209998552623,0.6993822202129305,-0.11541573917638792,0.061215470906840874,0.9914291728403325,-2.166150937513109
0.9919394266388837,0.05495663988669097,0.11417507885570775,9.033653313618345,-0.04735895930780683,0.9965452685526691,-0.06822472977266553,0.7093636598410047,-0.11753003941662904,0.062267586382357853,0.9911152324320438,-2.2144895456771465
0.9916495073294409,0.05600052534633093,0.1161690636237929,9.192751196961638,-0.048129542939840564,0.9964209688977442,-0.06948881441785641,0.7192550193061003,-0.11964470864094652,0.06331738336811349,0.9907956607092139,-2.2631479500661484
0.9913544597559132,0.057046419561978645,0.11816103912098849,9.351751580721896,-0.048897360712350194,0.9962945193032821,-0.07075435188692851,0.7290572427247692,-0.12175948269403067,0.06436487713357225,0.9904704831408331,-2.312126136933692
0.9910543767894802,0.05809432101270673,0.12015122687448682,9.510669881230797,-0.04966238103857115,0.9961659197692823,-0.07202132546481836,0.7387724849703847,-0.12387459205082146,0.06541005285539514,0.9901396769974224,-2.361421853326135
0.9907491592998592,0.05914434992946305,0.12213960054528072,9.66949054818042,-0.0504247387680196,0.9960350670117555,-0.07328975398056091,0.7483995352861221,-0.1259900115608047,0.06645290568715656,0.9898032449814581,-2.4110373384507042
0.9904388492370386,0.06019639847468827,0.12412616065456245,9.828213903940053,-0.051184292716831434,0.9959020664190591,-0.0745596081277974,0.7579388657303312,-0.12810572493153788,0.06749341673458892,0.9894612469570297,-2.4609687906594147
0.9901234604794809,0.06125042414497095,0.1261107560236185,9.986839492164222,-0.05194104288500406,0.9957669116780881,-0.07583087773677309,0.7673909483612142,-0.1302215969000527,0.06853160533808528,0.9891135786004788,-2.5112199978538285
0.98980299873487,0.06230644618628567,0.12809338454420022,10.145367635222158,-0.052695018776179395,0.9956295458859257,-0.07710353475059682,0.7767562552371192,-0.13233761307258565,0.06956743207446231,0.9887603599632512,-2.5617871583859753
0.9894774621104596,0.0633645743838196,0.13007414041560494,10.303797876768442,-0.053446279397643744,0.9954900448848043,-0.07837760329108759,0.7860352584162484,-0.13445387436582618,0.07060089316906315,0.9884015813801641,-2.61267406015741
0.9891468426108649,0.06442466884236264,0.13205299994626707,10.462130472184185,-0.05419475099029115,0.9953483286237546,-0.07965305490678969,0.7952289020152232,-0.13657035561790948,0.07163198799624454,0.9880371254469232,-2.6638768946469327
0.9888111347164146,0.06548675967193773,0.13402996259268896,10.620364965123883,-0.05494038929865819,0.9952044013115134,-0.08092989894645682,0.8043376580922477,-0.1386870487728027,0.0726607209563066,0.9876671120544263,-2.715399449756127
0.9884703591560537,0.06655079849456769,0.136004885493326,10.778501677956854,-0.05568323857820545,0.9950583767539125,-0.08220809481602973,0.8133619987056679,-0.14080381365314867,0.07368707454391249,0.9872914959432093,-2.7672379238370013
0.9881245459150869,0.06761681749252269,0.13797798718399035,10.936540154337592,-0.056423246156,0.9949101390407517,-0.08348767891145284,0.8223023959136899,-0.14292087428157307,0.07471105294674474,0.9869102546907205,-2.8193961047911174
0.9877735912836236,0.06868477894273006,0.13994914011062398,11.094480716635417,-0.05716042886698694,0.9947597429705781,-0.08476863276639628,0.831159321774658,-0.14503808520254735,0.07573266003532386,0.9865234613020264,-2.8718701909704976
0.9874175868697659,0.06975483416418093,0.14191819486195079,11.252322841516616,-0.0578949110600797,0.9946071505797915,-0.0860509092000284,0.8399337204050514,-0.1471553172560146,0.07675184283530434,0.9861310711896887,-2.9246639634034963
0.9870565224072538,0.07082694065346384,0.14388525231651506,11.410066918338714,-0.05862669273528019,0.9944523555552868,-0.08733454642837415,0.8486255918049412,-0.1492726704995131,0.07776862068707924,0.9857330740032103,-2.9777736273153295
0.9866904082679038,0.07190087393524625,0.14585043936592723,11.567697396793676,-0.05935549994233681,0.9942954464504739,-0.08861951207552546,0.8572337252175082,-0.15139025085297442,0.07878299415352796,0.9853295166406258,-3.031201421913245
0.9863191909702866,0.07297685544300592,0.14781347845362047,11.725229626225143,-0.06008161504897208,0.9941363347119421,-0.08990579238874184,0.8657607475743969,-0.15350779443450344,0.0797949330250931,0.9849203676626609,-3.0849450873703788
0.985942944164945,0.0740547609259199,0.14977459965011897,11.882663150287613,-0.06080487370203163,0.9939750625120287,-0.09119339953186763,0.8742071309338098,-0.15562553349178485,0.08080446502974231,0.9845056034632604,-3.139008411588293
0.985561637862368,0.07513460201691302,0.15173355486306028,12.039983197387983,-0.06152529907080541,0.9938116319551014,-0.09248230974578894,0.8825716645390731,-0.15774320280843515,0.08181155901511289,0.9840853094151504,-3.193386044224674
0.9851752618089149,0.07621648219990629,0.15369055739481063,12.197204405143111,-0.06224297966622427,0.9936460577717396,-0.09377252254689748,0.8908565032634108,-0.15986102602326607,0.08281621185308152,0.9836594636327483,-3.24808332187542
0.9847838171326622,0.07730027701493292,0.1556454669952656,12.354312001959926,-0.06295782697735906,0.9934782620153427,-0.09506404212268937,0.8990604363501475,-0.1619788684374999,0.08381842882398977,0.983228020588648,-3.3030948941982032
0.9843873455934822,0.07838585003533804,0.15759829205906972,12.5113209478246,-0.06366969982034572,0.9933083458655314,-0.0963568221133329,0.9071860907308587,-0.16409671561161154,0.0848182014566089,0.9827909794215284,-3.358422296140951
0.983985837768035,0.07947345432554975,0.15954887357866188,12.668215759417308,-0.0643788573936142,0.9931362249776324,-0.09765088619297202,0.9152317835904444,-0.16621443176420364,0.08581551876502064,0.9823484163636981,-3.4140677737841116
0.9835793076550621,0.08056295497984056,0.1614974431998828,12.825011719093567,-0.06508512900966261,0.9929620005312668,-0.09894623124753789,0.92320061391883,-0.16833223178793003,0.08681038710133526,0.9819003076474687,-3.470029060427599
0.9831676549709658,0.08165435178906666,0.16344386486995033,12.981693799879054,-0.0657885610070784,0.992785552407497,-0.10024283828461075,0.9310904268427151,-0.17044997806850726,0.08780278401792668,0.9814466073147738,-3.526304614250286
0.9827510438336953,0.08274764344144447,0.16538824215201986,13.138261478440143,-0.06648911338162086,0.9926070007252601,-0.10154070837761563,0.9389021664785773,-0.17256778481106735,0.08879271713908199,0.9809873646572311,-3.5828982162805545
0.9823293118342415,0.08384279885734358,0.1673304395219366,13.294715077146122,-0.0671868113857089,0.9924262211568815,-0.10283979988030902,0.9466363048847626,-0.174685500537343,0.08978015220520547,0.9805225336625343,-3.639806064870406
0.9819026365908874,0.08493984835593071,0.16927044314461903,13.451069555983253,-0.06788162976692073,0.9922433380300358,-0.10414013070106357,0.9542954689928482,-0.1768031284922115,0.09076511606422333,0.9800521756677787,-3.697029694967746
0.9814708454409833,0.0860388714032263,0.17120834054011747,13.607309431631649,-0.06857368228860616,0.9920583028592805,-0.1054417108674923,0.9618779759877363,-0.17892074083621728,0.0917475780935525,0.9795762816930956,-3.7545713526530236
0.9810340986749213,0.08713964483568137,0.17314403214617324,13.76343499296658,-0.06926275192466728,0.9918710840790882,-0.1067444718707899,0.9693845339569105,-0.18103824167029287,0.09272753123178529,0.9790948619539261,-3.8124272328416637
0.9805922948642021,0.08824216332163726,0.1750773687999756,13.919446139505851,-0.06994885551004879,0.9916817406967439,-0.10804843422855,0.9768158509877853,-0.1831554633039013,0.09370500598475084,0.9786078718373398,-3.8705973252238337
0.9801454828471545,0.08934665992749657,0.17700867921282892,14.075342804261425,-0.07063216164913654,0.9914901862632047,-0.10935361275631708,0.984172399138636,-0.18527275527403175,0.09467994099052907,0.9781153974515191,-3.9290816229263257
0.9796935745076003,0.09045311790623245,0.1789376996632479,14.231124530887712,-0.07131271668051571,0.9912965387930397,-0.11065997579297804,0.9914546504676647,-0.18738986137968877,0.09565233796742223,0.9776173460200943,-3.9878839138507303
