0.054407138377428055,-0.16490474343299866,-0.9848077297210693,-142.74038696289062,-0.9985188245773315,-0.00898536667227745,-0.05366004258394241,-0.6830098628997803,-6.279260134078868e-08,0.9862685799598694,-0.16514936089515686,41.74253463745117
0.05473349615931511,-0.16635839641094208,-0.984545111656189,-142.5980682373047,-0.9985004663467407,-0.008122464641928673,-0.054136861115694046,-0.6302766799926758,0.001009188825264573,0.9860318899154663,-0.16655351221561432,41.8114128112793
0.05505836382508278,-0.1678120642900467,-0.9842802882194519,-142.45587158203125,-0.9984810948371887,-0.00726026576012373,-0.05461490526795387,-0.5774327516555786,0.002018903847783804,0.9857922792434692,-0.16795691847801208,41.880455017089844
0.055381737649440765,-0.16926562786102295,-0.9840131998062134,-142.3137969970703,-0.9984606504440308,-0.00639876676723361,-0.05509417504072189,-0.5244779586791992,0.003029078943654895,0.9855496883392334,-0.16935944557189941,41.94965744018555
0.05570349842309952,-0.17071908712387085,-0.9837439060211182,-142.17184448242188,-0.9984391927719116,-0.005537950433790684,-0.05557454749941826,-0.4714122414588928,0.004039710387587547,0.9853041768074036,-0.1707611083984375,42.019020080566406
0.056023769080638885,-0.17217253148555756,-0.9834724068641663,-142.03001403808594,-0.9984166622161865,-0.0046778456307947636,-0.05605614185333252,-0.4182354509830475,0.0050507960841059685,0.985055685043335,-0.1721619963645935,42.08854293823242
0.05634254217147827,-0.1736258566379547,-0.9831986427307129,-141.8883056640625,-0.9983931183815002,-0.0038184470031410456,-0.056538958102464676,-0.36494749784469604,0.0060623325407505035,0.9848042726516724,-0.17356199026107788,42.158226013183594
0.056659821420907974,-0.17507904767990112,-0.9829226732254028,-141.74671936035156,-0.998368501663208,-0.002959759207442403,-0.05702298879623413,-0.31154829263687134,0.007074315566569567,0.9845499396324158,-0.17496109008789062,42.22806930541992
0.056975603103637695,-0.17653220891952515,-0.9826444983482361,-141.60525512695312,-0.9983428120613098,-0.0021017894614487886,-0.05750823765993118,-0.2580376863479614,0.008086743764579296,0.9842926263809204,-0.1763594001531601,42.29806900024414
0.05728989094495773,-0.17798520624637604,-0.9823640584945679,-141.46389770507812,-0.9983161091804504,-0.0012445348547771573,-0.05799470096826553,-0.20441558957099915,0.009099612943828106,0.984032392501831,-0.17775680124759674,42.368228912353516
0.05760267376899719,-0.17943818867206573,-0.982081413269043,-141.32266235351562,-0.9982883930206299,-0.00038800571928732097,-0.05848237872123718,-0.15068189799785614,0.01011291891336441,0.9837691783905029,-0.17915339767932892,42.43854904174805
0.05791396275162697,-0.18089111149311066,-0.9817965030670166,-141.18154907226562,-0.9982595443725586,0.00046779567492194474,-0.05897127091884613,-0.09683648496866226,0.011126657947897911,0.9835030436515808,-0.18054918944835663,42.50902557373047
0.058223746716976166,-0.18234385550022125,-0.9815093874931335,-141.04055786132812,-0.9982297420501709,0.001322873984463513,-0.05946137011051178,-0.04287925362586975,0.012140829116106033,0.9832339286804199,-0.18194404244422913,42.57966232299805
0.05853203311562538,-0.18379643559455872,-0.9812200665473938,-140.89968872070312,-0.9981988668441772,0.0021772279869765043,-0.05995268002152443,0.011189904063940048,0.013155428692698479,0.982961893081665,-0.18333794176578522,42.650455474853516
0.05883881449699402,-0.1852489411830902,-0.9809285402297974,-140.75894165039062,-0.9981669187545776,0.003030847990885377,-0.06044519692659378,0.06537109613418579,0.014170453883707523,0.9826869368553162,-0.18473102152347565,42.721405029296875
0.059144094586372375,-0.18670125305652618,-0.9806348085403442,-140.61831665039062,-0.9981339573860168,0.003883739234879613,-0.06093892082571983,0.11966443061828613,0.015185901895165443,0.9824090600013733,-0.18612314760684967,42.79251480102539
0.059447865933179855,-0.188153475522995,-0.9803388118743896,-140.47781372070312,-0.9980999231338501,0.004735890310257673,-0.06143384799361229,0.17407001554965973,0.016201768070459366,0.9821282029151917,-0.18751442432403564,42.8637809753418
0.059750135987997055,-0.18960560858249664,-0.9800406098365784,-140.3374481201172,-0.9980648756027222,0.005587296094745398,-0.06192997843027115,0.22858795523643494,0.017218047752976418,0.981844425201416,-0.18890485167503357,42.935203552246094
0.060050901025533676,-0.19105753302574158,-0.9797402024269104,-140.19720458984375,-0.9980287551879883,0.006437965668737888,-0.06242730841040611,0.2832183539867401,0.0182347409427166,0.9815577268600464,-0.1902942955493927,43.00678253173828
0.06035015732049942,-0.19250933825969696,-0.9794375896453857,-140.0570831298828,-0.9979916214942932,0.007287890650331974,-0.06292584538459778,0.3379613161087036,0.01925184577703476,0.981268048286438,-0.1916828751564026,43.07851791381836
0.06064790487289429,-0.193961039185524,-0.9791327714920044,-139.91708374023438,-0.9979534149169922,0.008137064054608345,-0.06342557072639465,0.392816960811615,0.020269356667995453,0.9809755086898804,-0.19307059049606323,43.15040969848633
0.06094414368271828,-0.19541262090206146,-0.9788256883621216,-139.77720642089844,-0.9979141354560852,0.008985483087599277,-0.06392650306224823,0.4477853775024414,0.02128726802766323,0.9806799292564392,-0.19445741176605225,43.22245788574219
0.06123887374997139,-0.19686396420001984,-0.9785163998603821,-139.637451171875,-0.997873842716217,0.009833156131207943,-0.06442862749099731,0.5028666853904724,0.022305579856038094,0.9803814888000488,-0.19584323465824127,43.29465866088867
0.061532095074653625,-0.19831517338752747,-0.9782049059867859,-139.49781799316406,-0.9978325366973877,0.010680069215595722,-0.0649319440126419,0.5580610036849976,0.023324284702539444,0.9800801277160645,-0.19722816348075867,43.36701583862305
0.061823803931474686,-0.1997661143541336,-0.9778912663459778,-139.3583221435547,-0.9977901577949524,0.011526226997375488,-0.065436452627182,0.6133683919906616,0.024343382567167282,0.9797757863998413,-0.1986120641231537,43.43952941894531
0.06211400032043457,-0.2012169063091278,-0.9775753617286682,-139.2189483642578,-0.9977467656135559,0.012371626682579517,-0.06594215333461761,0.6687889695167542,0.025362873449921608,0.979468584060669,-0.19999505579471588,43.5121955871582
0.06240268424153328,-0.20266753435134888,-0.977257251739502,-139.07969665527344,-0.9977023005485535,0.013216260820627213,-0.06644903868436813,0.7243228554725647,0.026382749900221825,0.9791584014892578,-0.20137713849544525,43.58501434326172
0.06268973648548126,-0.204118013381958,-0.976936936378479,-138.94056701660156,-0.9976567625999451,0.014060149900615215,-0.0669570043683052,0.779970109462738,0.027403010055422783,0.9788452982902527,-0.2027582973241806,43.657989501953125
0.06297527253627777,-0.2055683135986328,-0.9766144752502441,-138.80157470703125,-0.9976102709770203,0.014903273433446884,-0.06746615469455719,0.8357308506965637,0.028423655778169632,0.9785292744636536,-0.20413851737976074,43.731117248535156
0.0632592961192131,-0.2070184350013733,-0.9762897491455078,-138.66270446777344,-0.9975626468658447,0.0157456211745739,-0.06797648221254349,0.8916051983833313,0.029444674029946327,0.9782103300094604,-0.20551779866218567,43.80439758300781
0.06354179978370667,-0.20846836268901825,-0.9759628176689148,-138.52395629882812,-0.9975140690803528,0.016587190330028534,-0.06848800182342529,0.9475932121276855,0.03046606294810772,0.9778884649276733,-0.20689614117145538,43.877830505371094
0.06382279098033905,-0.2099180966615677,-0.9756336808204651,-138.3853302001953,-0.9974643588066101,0.01742798089981079,-0.06900069862604141,1.003695011138916,0.03148782253265381,0.9775636196136475,-0.2082735300064087,43.951416015625
0.06410225480794907,-0.2113676369190216,-0.9753023386001587,-138.24684143066406,-0.9974136352539062,0.018267996609210968,-0.06951458007097244,1.059910774230957,0.032509952783584595,0.9772359132766724,-0.2096499502658844,44.02515411376953
0.0643802136182785,-0.2128169685602188,-0.9749687910079956,-138.1084747314453,-0.9973618984222412,0.019107230007648468,-0.07002963870763779,1.1162405014038086,0.03353244811296463,0.9769052267074585,-0.2110254019498825,44.09904479980469
0.06465664505958557,-0.2142660766839981,-0.9746330380439758,-137.97024536132812,-0.9973090887069702,0.019945669919252396,-0.07054587453603745,1.1726843118667603,0.03455529734492302,0.9765716791152954,-0.2123998999595642,44.17308807373047
0.06493155658245087,-0.2157149761915207,-0.9742950797080994,-137.83213806152344,-0.997255265712738,0.020783323794603348,-0.07106328755617142,1.2292423248291016,0.03557850420475006,0.9762351512908936,-0.21377339959144592,44.247283935546875
0.06520494818687439,-0.21716351807117462,-0.973954975605011,-137.69415283203125,-0.9972003698348999,0.021620197221636772,-0.0715818703174591,1.285914659500122,0.036602068692445755,0.9758957624435425,-0.2151457965373993,44.32162857055664
0.06547681987285614,-0.21861182153224945,-0.9736126661300659,-137.55630493164062,-0.9971444606781006,0.022456279024481773,-0.07210162281990051,1.3427014350891113,0.037625983357429504,0.9755534529685974,-0.21651721000671387,44.39612579345703
0.06574704498052597,-0.22005988657474518,-0.9732682108879089,-137.4185791015625,-0.9970874786376953,0.023291587829589844,-0.07262243330478668,1.3996026515960693,0.03865024447441101,0.9752082824707031,-0.21788761019706726,44.47077178955078
0.06601575762033463,-0.22150780260562897,-0.9729214906692505,-137.28099060058594,-0.9970294833183289,0.024126088246703148,-0.07314441353082657,1.4566184282302856,0.039674848318099976,0.9748601317405701,-0.21925711631774902,44.545570373535156
0.06628293544054031,-0.22295546531677246,-0.9725725650787354,-137.14352416992188,-0.9969704747200012,0.02495979703962803,-0.07366756349802017,1.5137488842010498,0.040699802339076996,0.974509060382843,-0.2206256091594696,44.62051773071289
0.06654859334230423,-0.22440285980701447,-0.9722214937210083,-137.00619506835938,-0.9969103932380676,0.025792697444558144,-0.07419188320636749,1.5709941387176514,0.04172508418560028,0.974155068397522,-0.2219930738210678,44.695613861083984
0.06681273132562637,-0.22584998607635498,-0.9718682169914246,-136.86898803710938,-0.9968492388725281,0.02662479132413864,-0.07471735775470734,1.6283541917800903,0.042750705033540726,0.9737981557846069,-0.22335951030254364,44.7708625793457
0.06707533448934555,-0.22729693353176117,-0.9715127348899841,-136.73191833496094,-0.9967870712280273,0.027456074953079224,-0.0752440094947815,1.6858292818069458,0.043776657432317734,0.9734383821487427,-0.22472502291202545,44.84626007080078
0.06733641773462296,-0.22874371707439423,-0.971155047416687,-136.594970703125,-0.9967238903045654,0.028286533430218697,-0.07577181607484818,1.7434194087982178,0.044802937656641006,0.9730756282806396,-0.22608961164951324,44.92180633544922
0.06759597361087799,-0.23019008338451385,-0.970795214176178,-136.45816040039062,-0.9966596364974976,0.0291161946952343,-0.07630078494548798,1.8011246919631958,0.045829545706510544,0.9727100133895874,-0.22745303809642792,44.997501373291016
0.0678538829088211,-0.23163627088069916,-0.9704331755638123,-136.32147216796875,-0.9965943694114685,0.02994505874812603,-0.07683080434799194,1.8589452505111694,0.04685647785663605,0.9723414778709412,-0.22881551086902618,45.07334518432617
0.0681103840470314,-0.2330821305513382,-0.9700689315795898,-136.18492126464844,-0.9965280294418335,0.030773084610700607,-0.07736209034919739,1.9168812036514282,0.04788373410701752,0.9719700217247009,-0.2301769107580185,45.14933395385742
0.06836535036563873,-0.23452769219875336,-0.9697024822235107,-136.04849243164062,-0.9964606761932373,0.03160028159618378,-0.07789453119039536,1.9749325513839722,0.04891129583120346,0.9715957045555115,-0.23153725266456604,45.22547149658203
0.0686187893152237,-0.2359730303287506,-0.9693338871002197,-135.91220092773438,-0.9963922500610352,0.03242664784193039,-0.07842813432216644,2.033099412918091,0.049939174205064774,0.9712184071540833,-0.232896625995636,45.3017578125
0.06887070089578629,-0.2374180406332016,-0.968963086605072,-135.7760467529297,-0.9963228106498718,0.03325220197439194,-0.07896288484334946,2.0913820266723633,0.050967372953891754,0.9708383083343506,-0.23425491154193878,45.37818908691406
0.06912107765674591,-0.23886282742023468,-0.9685901403427124,-135.6400146484375,-0.9962523579597473,0.034076910465955734,-0.079498790204525,2.1497802734375,0.051995862275362015,0.9704552292823792,-0.23561221361160278,45.454769134521484
0.06936980783939362,-0.2403072565793991,-0.9682149887084961,-135.50411987304688,-0.9961808323860168,0.034900810569524765,-0.0800357237458229,2.20829439163208,0.05302465334534645,0.9700692296028137,-0.23696841299533844,45.531494140625
0.06961700320243835,-0.24175132811069489,-0.9678376913070679,-135.3683624267578,-0.9961082339286804,0.03572387248277664,-0.08057381212711334,2.2669243812561035,0.05405373498797417,0.9696804285049438,-0.23832350969314575,45.60836410522461
0.06986267119646072,-0.24319516122341156,-0.967458188533783,-135.23272705078125,-0.9960346817970276,0.03654610365629196,-0.08111304044723511,2.3256704807281494,0.055083125829696655,0.9692886471748352,-0.23967759311199188,45.68538284301758
0.07010680437088013,-0.24463872611522675,-0.9670764803886414,-135.09722900390625,-0.9959600567817688,0.037367478013038635,-0.0816534236073494,2.3845326900482178,0.05611279979348183,0.9688940048217773,-0.24103067815303802,45.76254653930664
0.07034939527511597,-0.24608193337917328,-0.9666926264762878,-134.9618682861328,-0.995884358882904,0.03818802535533905,-0.08219494670629501,2.4435110092163086,0.057142775505781174,0.9684964418411255,-0.24238264560699463,45.8398551940918
0.07059045881032944,-0.24752473831176758,-0.9663066267967224,-134.82664489746094,-0.9958076477050781,0.03900773078203201,-0.08273760974407196,2.502605676651001,0.058173034340143204,0.9680960178375244,-0.2437334656715393,45.91730880737305
0.07082998752593994,-0.24896715581417084,-0.9659184813499451,-134.69154357910156,-0.995729923248291,0.039826586842536926,-0.08328141272068024,2.561816692352295,0.05920356884598732,0.9676927328109741,-0.24508313834667206,45.99490737915039
0.07106786221265793,-0.2504093050956726,-0.965528130531311,-134.55657958984375,-0.995651125907898,0.04064461216330528,-0.08382623642683029,2.6211440563201904,0.06023438647389412,0.9672865271568298,-0.24643176794052124,46.07265090942383
0.07130420207977295,-0.2518511414527893,-0.9651355743408203,-134.4217529296875,-0.9955713152885437,0.04146178811788559,-0.08437220752239227,2.6805880069732666,0.061265479773283005,0.9668774008750916,-0.24777936935424805,46.150535583496094
0.07153912633657455,-0.25329267978668213,-0.9647408723831177,-134.2870635986328,-0.9954904317855835,0.04227807745337486,-0.08491943031549454,2.7401487827301025,0.06229685992002487,0.966465413570404,-0.2491259127855301,46.22856521606445
0.0717725083231926,-0.2547338008880615,-0.9643440246582031,-134.1525115966797,-0.9954085350036621,0.04309350624680519,-0.08546777814626694,2.799826145172119,0.06332849711179733,0.9660505056381226,-0.250471293926239,46.306739807128906
0.07200423628091812,-0.25617462396621704,-0.9639449715614319,-134.01809692382812,-0.9953256249427795,0.04390809312462807,-0.08601714670658112,2.8596203327178955,0.06436039507389069,0.9656327962875366,-0.2518155872821808,46.38505554199219
0.07223442941904068,-0.25761500000953674,-0.9635438323020935,-133.88380432128906,-0.9952417016029358,0.0447218157351017,-0.08656764775514603,2.9195315837860107,0.06539255380630493,0.9652121663093567,-0.25315871834754944,46.46351623535156
0.07246308028697968,-0.25905513763427734,-0.9631404280662537,-133.74964904785156,-0.9951567053794861,0.04553467407822609,-0.08711928874254227,2.9795596599578857,0.06642498821020126,0.9647886157035828,-0.2545008957386017,46.542118072509766
0.07269018888473511,-0.26049497723579407,-0.9627349376678467,-133.61563110351562,-0.9950706362724304,0.04634665325284004,-0.08767205476760864,3.0397047996520996,0.0674576684832573,0.9643621444702148,-0.2558419704437256,46.6208610534668
0.07291576266288757,-0.2619343400001526,-0.962327241897583,-133.48175048828125,-0.9949835538864136,0.047157760709524155,-0.08822593837976456,3.0999672412872314,0.06849060207605362,0.9639328718185425,-0.2571818232536316,46.699745178222656
0.07313968241214752,-0.26337334513664246,-0.9619174003601074,-133.34800720214844,-0.9948954582214355,0.04796802997589111,-0.08878084272146225,3.1603469848632812,0.06952378898859024,0.9635006785392761,-0.25852060317993164,46.778770446777344
0.07336205244064331,-0.26481199264526367,-0.9615054130554199,-133.2144012451172,-0.9948063492774963,0.04877740517258644,-0.08933687210083008,3.220844030380249,0.07055721431970596,0.9630656242370605,-0.25985825061798096,46.85793685913086
0.07358288764953613,-0.26625028252601624,-0.9610912203788757,-133.0809326171875,-0.9947161674499512,0.04958590492606163,-0.08989401906728745,3.281458616256714,0.07159088551998138,0.962627649307251,-0.26119479537010193,46.9372444152832
0.07380218058824539,-0.26768821477890015,-0.9606748819351196,-132.94760131835938,-0.9946249723434448,0.05039353668689728,-0.09045229852199554,3.3421905040740967,0.0726248174905777,0.9621868133544922,-0.26253023743629456,47.016693115234375
0.07402005046606064,-0.26912564039230347,-0.9602564573287964,-132.8144073486328,-0.9945327639579773,0.051200252026319504,-0.09101179987192154,3.4030401706695557,0.07365898042917252,0.961743175983429,-0.2638643980026245,47.096282958984375
0.07423626631498337,-0.2705627679824829,-0.9598358273506165,-132.6813507080078,-0.9944394826889038,0.05200609564781189,-0.09157231450080872,3.4640073776245117,0.07469337433576584,0.9612966179847717,-0.2651975750923157,47.1760139465332
0.07445093244314194,-0.2719995379447937,-0.9594129920005798,-132.54843139648438,-0.9943451881408691,0.05281105265021324,-0.09213394671678543,3.525092363357544,0.07572799921035767,0.9608471393585205,-0.2665295898914337,47.255882263183594
0.07466405630111694,-0.2734357714653015,-0.9589880704879761,-132.4156494140625,-0.9942498207092285,0.053615111857652664,-0.09269668161869049,3.5862953662872314,0.0767628476023674,0.9603948593139648,-0.2678603529930115,47.33589172363281
0.07487563788890839,-0.27487170696258545,-0.9585610032081604,-132.2830047607422,-0.9941534399986267,0.05441829189658165,-0.09326054900884628,3.647616386413574,0.07779794186353683,0.9599396586418152,-0.26919007301330566,47.416038513183594
0.07508555799722672,-0.2763071358203888,-0.9581317901611328,-132.15049743652344,-0.9940560460090637,0.0552205964922905,-0.09382539987564087,3.7090554237365723,0.07883323729038239,0.9594816565513611,-0.2705185115337372,47.4963264465332
0.07529393583536148,-0.2777421176433563,-0.9577004313468933,-132.01812744140625,-0.9939576387405396,0.05602201446890831,-0.094391368329525,3.7706124782562256,0.07986876368522644,0.9590207934379578,-0.2718457877635956,47.576751708984375
0.07550077140331268,-0.27917689085006714,-0.9572668671607971,-131.88589477539062,-0.9938581585884094,0.05682249367237091,-0.09495845437049866,3.8322877883911133,0.08090449869632721,0.9585569500923157,-0.2731721103191376,47.65731430053711
0.07570605725049973,-0.280611127614975,-0.9568312168121338,-131.75381469726562,-0.9937576651573181,0.05762208253145218,-0.09552664309740067,3.8940813541412354,0.08194044977426529,0.9580903649330139,-0.2744971215724945,47.738014221191406
0.0759098008275032,-0.2820448875427246,-0.9563934206962585,-131.6218719482422,-0.9936561584472656,0.05842076614499092,-0.09609593451023102,3.955993175506592,0.08297660201787949,0.9576208591461182,-0.27582094073295593,47.818851470947266
0.07611200213432312,-0.2834782302379608,-0.9559534788131714,-131.4900665283203,-0.993553638458252,0.059218525886535645,-0.09666632860898972,4.018023490905762,0.0840129554271698,0.9571484923362732,-0.27714356780052185,47.89982604980469
0.07631265372037888,-0.28491121530532837,-0.9555113911628723,-131.3583984375,-0.9934500455856323,0.06001536175608635,-0.09723783284425735,4.080172538757324,0.08504951000213623,0.956673264503479,-0.2784651219844818,47.98093795776367
0.07651164382696152,-0.28634384274482727,-0.9550670981407166,-131.22686767578125,-0.9933454394340515,0.06081129238009453,-0.09781032800674438,4.142439842224121,0.08608625084161758,0.9561951756477356,-0.2797855734825134,48.06218719482422
0.07670908421278,-0.2877758741378784,-0.9546207189559937,-131.09548950195312,-0.9932397603988647,0.06160634011030197,-0.09838391840457916,4.2048258781433105,0.08712320774793625,0.955714225769043,-0.2811046838760376,48.14357376098633
0.07690498232841492,-0.28920742869377136,-0.9541722536087036,-130.96424865722656,-0.9931331276893616,0.062400467693805695,-0.09895861148834229,4.267330646514893,0.08816035836935043,0.9552304744720459,-0.2824225425720215,48.225093841552734
0.07709933072328568,-0.29063835740089417,-0.9537217020988464,-130.83314514160156,-0.9930254220962524,0.063193678855896,-0.09953438490629196,4.329954624176025,0.08919769525527954,0.9547439217567444,-0.2837390899658203,48.3067512512207
0.07729201763868332,-0.29206904768943787,-0.9532688856124878,-130.70217895507812,-0.9929167032241821,0.06398597359657288,-0.10011115670204163,4.392697334289551,0.09023521095514297,0.9542543888092041,-0.28505462408065796,48.38854217529297
0.0774831548333168,-0.29349932074546814,-0.952813982963562,-130.5713653564453,-0.9928069114685059,0.06477734446525574,-0.10068903863430023,4.455559253692627,0.09127292782068253,0.9537620544433594,-0.2863689959049225,48.4704704284668
