1.000000045898739,-1.1814229603041599e-09,3.203019904862714e-09,0.0,-1.1814229603041599e-09,0.9999999927134224,5.622162025575446e-10,0.0,3.203019904862714e-09,5.622162025575446e-10,0.9999999557337369,0.0
0.9999988278385507,-0.0008321525640708404,0.001305094235776516,0.1383248600447189,0.0008311715142451055,0.9999993748983705,0.0007494294161757534,0.09022526232204431,-0.0013057068145475026,-0.0007483425544781812,0.9999988634603911,-0.022462223486790833
0.9999952076675462,-0.001665208361107352,0.002609526655103722,0.2765407085245499,0.0016612952321140102,0.9999975049379854,0.0014999526219388127,0.18054832214747574,-0.002612011771368772,-0.0014956098158371497,0.9999954640909491,-0.045173071892932626
0.9999892380878501,-0.002499285415253266,0.0039133261288624155,0.4146481850287955,0.0024904848082837163,0.9999943763464171,0.0022515496015531465,0.2709690009277441,-0.003918920492349265,-0.002241778246171666,0.9999898137618638,-0.06812878450905657
0.999980866597238,-0.003334262380801315,0.005216452514311881,0.5526617025296332,0.0033186216868817714,0.9999899958121992,0.0030042364024671833,0.36148783126938877,-0.005226424186056011,-0.0029868664531100403,0.9999818587604791,-0.09133564257273008
0.9999700896596299,-0.004170256098437498,0.006518931579262949,0.6905662468464016,0.004145817461084943,0.9999843568494815,0.003757990586842444,0.45210374491810246,-0.006534507151770175,-0.0037308514488116062,0.9999716552065117,-0.11479113198247148
0.9999568939845047,-0.0050071453089710685,0.007820879972328248,0.8283624639651066,0.004971953098157014,0.9999774661467977,0.00451283258967629,0.5428164442926162,-0.007843288032985007,-0.0044737523575801574,0.9999591835673289,-0.1384914930999912
0.9999413038918903,-0.005845164309002615,0.009122035046723292,0.9660497302884608,0.005797262943795863,0.9999693107324473,0.005268719919511369,0.633625810359681,-0.009152544272733487,-0.005215526877871135,0.9999444878227347,-0.16244048931248045
0.9999233393951906,-0.006684077763733302,0.01042274809760968,1.103628065006859,0.006621508455671489,0.9999599035781315,0.006025688772875454,0.7245314860211369,-0.01046259650328707,-0.005956211111123294,0.9999275091488923,-0.18663812383327638
0.9999030283505134,-0.007523995109905063,0.011722774934630698,1.2410981109079842,0.007444812386305005,0.9999492983224083,0.00678371780857113,0.8155332332120739,-0.011773237868397568,-0.006695785788041919,0.9999082280006087,-0.21108063648856756
0.9998802258663403,-0.00836479904393772,0.013022021478587664,1.3784592507913374,0.008267042254449124,0.9999373820130437,0.0075428236701223965,0.9066308138665251,-0.013084293019951676,-0.007434265357325054,0.9998867205657918,-0.23577179173663865
0.9998551018801062,-0.009206606109252294,0.014320797998800427,1.5157114974504964,0.009088318905157492,0.9999242078832302,0.008302984325275731,0.9978239899190484,-0.01439615302068864,-0.008171627943242055,0.9998629348903264,-0.26071159171971203
0.9998275426925803,-0.010049294461004651,0.015618779851019254,1.6528554936731439,0.00990852473629966,0.999909842340544,0.009064215415894606,1.0891125233047356,-0.01570845133349341,-0.008907892059955125,0.9998369253353884,-0.2858962762639834
0.9997975731497795,-0.010892864578369396,0.016916163338150603,1.7898906286555416,0.010727651831454478,0.9998941659469002,0.009826515273005454,1.1804960569248983,-0.01702140363951954,-0.009643054794343575,0.999808598595866,-0.31132961089884503
0.9997652758710504,-0.011737546648529398,0.018212739481506424,1.9268169087945353,0.011545945218790066,0.9998772853713657,0.010589847557125626,1.271974471746816,-0.018334797143932324,-0.010377077601934404,0.9997780500994162,-0.3370115966954188
0.9997305099377274,-0.012583098555374192,0.019508717459674557,2.063634983274568,0.012363149187668062,0.9998590945529228,0.011354244887965279,1.3635474106728598,-0.01964883487943414,-0.011109995358947411,0.9997451843849097,-0.3629384745509938
0.9996934080996834,-0.013429647762629351,0.020803975742945235,2.2003442284983237,0.013179396696222256,0.999839705835758,0.012119686949747131,1.4552147546697807,-0.020963403097194078,-0.011841786721794534,0.9997100822368048,-0.3891140078527471
0.9996538570944609,-0.014277062061224366,0.022098528306448817,2.336944663656226,0.013994558506107885,0.9998190070783685,0.01288618757240621,1.5469761466394178,-0.02227849794019393,-0.012572467218641803,0.999672741314986,-0.41553819981402285
0.9996119796419247,-0.015125348001760144,0.023392335956968546,2.4734369315359004,0.014808633663634628,0.9997971173134739,0.013653745134471616,1.638831348516864,-0.023594109740438518,-0.013302036696906883,0.999633107747803,-0.4422072902610097
0.9995676297988153,-0.015974618553619535,0.024685556985106383,2.6098204149369053,0.015621734715653035,0.9997739705388647,0.014422336125198608,1.7307801222361485,-0.02491035003758091,-0.014030468685720277,0.9995912154642363,-0.46912504365198515
0.9995209448505841,-0.016824863642437293,0.02597801932502991,2.7460800996784656,0.016433864428257682,0.9997495076435466,0.015191966505624408,1.8228213995429652,-0.026227120950870986,-0.014757767704877467,0.9995470328419492,-0.49628894588544625
0.9994718513326265,-0.01767609287228064,0.02726987543671988,2.882231655522588,0.017245019558510898,0.9997238474575568,0.015962630553143675,1.9149557725612718,-0.027544500830514185,-0.015483929313342026,0.9995006552207416,-0.523697753031314
0.9994203141690183,-0.018528178001511686,0.028560977191568193,3.0182744780623523,0.018055077830782217,0.9996969373557519,0.016734344100516024,2.0071827651596603,-0.028862378042720294,-0.016208973096392687,0.9994519261010368,-0.5513552316900956
0.9993664536187106,-0.019381121775982446,0.029851339645667357,3.154208567297786,0.018864038291379243,0.9996687771354498,0.01750710261726245,2.09950237733813,-0.03018075761604122,-0.01693289292850697,0.9994010242651968,-0.5792613818618122
0.9993101846985761,-0.02023503394892573,0.031141061809288162,3.2900195518357975,0.01967202044985235,0.9996393607161657,0.018280888410695757,2.191913302777464,-0.03149974618918766,-0.017655668543096914,0.9993478122651203,-0.607409929271121
0.9992514712575256,-0.02108991818903644,0.03243002608429388,3.425721828656634,0.020479013623749907,0.9996086878952171,0.019055698714737914,2.2844163716660013,-0.032819201731103476,-0.018377299325845198,0.9992923097924337,-0.6358071524778239
0.99919041514226,-0.021945649145459267,0.03371832976332023,3.5613003963731558,0.021284901546411654,0.9995767655638204,0.019831549553102547,2.377010277683996,-0.034139277273455615,-0.019097802489403903,0.999234560990127,-0.6644505395226332
0.9991269756661112,-0.022802346039440258,0.035005885997088315,3.696770911953763,0.022089803727425174,0.9995435870334439,0.020608413742766826,2.4696958510208438,-0.035459814917107146,-0.019817146738891178,0.9991745804009813,-0.6933388443332547
0.9990610981657898,-0.023659885981038464,0.0362926542930328,3.832132770991535,0.02289359603125721,0.9995091591953025,0.02138631384078104,2.562472615545137,-0.03678082061738078,-0.020535363983506194,0.9991123143709176,-0.7224758335101953
0.9989928743552238,-0.024518384522805026,0.037578763292346634,3.9673715892998302,0.023696396536916457,0.9994734755635468,0.022165230294596543,2.6553395030030984,-0.0381024306006357,-0.021252423542684418,0.9990478017936633,-0.751855230635897
0.9989222114453198,-0.025377841972354237,0.03886407097840597,4.1025017766525025,0.024498198758573057,0.9994365361381768,0.02294515766750948,2.7482971055176266,-0.0394244782432468,-0.021968327253494235,0.9989810060151896,-0.7814833164123911
0.9988491744320401,-0.026238133594059382,0.04014861544497851,4.237508318868777,0.025298888766318833,0.9993983478104086,0.02372611803973944,2.8413443548344146,-0.040746974428671506,-0.0226830960027245,0.9989119810912443,-0.8113575767381604
0.9987737415669553,-0.027099261518543888,0.04143246855919375,4.372406885710632,0.02609845912059021,0.9993589103775607,0.024508097271437945,2.93448184307742,-0.042070051492778426,-0.023396719990715964,0.9988406545532965,-0.8414767676831332
0.9986959298319578,-0.027961341309697213,0.04271552306632191,4.5071818330033295,0.026897028854126495,0.9993182174551241,0.025291083297103997,3.027708501991807,-0.04339356874725367,-0.02410917986647307,0.9987671047954798,-0.8718421374618543
0.9986157209700899,-0.028824368079705592,0.04399789405823208,4.641833173540363,0.027694594247139704,0.9992762693471222,0.026075079288173028,3.121024093512136,-0.044717636449672804,-0.024820480225608565,0.9986912521113449,-0.9024536882165535
0.9985331203475878,-0.02968822227703205,0.04527956896661267,4.776376589877373,0.028491032547136627,0.9992330725394077,0.026860091468101307,3.214428971696925,-0.0460422630528983,-0.025530627866797967,0.9986131590399285,-0.9333101781593882
0.9984481486823238,-0.03055290557334031,0.04656042788695913,4.910796425045959,0.02928634747390733,0.9991886866496814,0.027646113756395703,3.3079223063567773,-0.04736732360280749,-0.026239624398710054,0.9985327852245621,-0.9644128533626741
0.9983607360118989,-0.03141864208438694,0.04784047472483774,5.045093334627325,0.030080768270308204,0.9991429798762059,0.028433119709291393,3.401503621361343,-0.04869279883002525,-0.02694742851633347,0.9984501904457619,-0.9957579557948151
0.998270995401687,-0.03228519807013325,0.04911980889783893,5.179281715601746,0.0308740614968497,0.9990960248083839,0.029221130286354938,3.495173746898961,-0.050018813427504694,-0.02765407747050866,0.9983652976217094,-1.0273517640156058
0.9981788280102585,-0.033152577640480685,0.05039831511419382,5.31334719657616,0.03166621880781056,0.9990478808612343,0.030010146035923405,3.5889313766504145,-0.05134523752972461,-0.028359564907313534,0.9982781864923268,-1.0591880037497248
0.9980842679829303,-0.03402088445948259,0.05167610212788071,5.447289147556489,0.032457356899161474,0.9989984229215529,0.030800151125204105,3.6827765106151737,-0.052672190168957356,-0.029063873468345047,0.998188778412437,-1.0912704373132271
0.9979873165501596,-0.03489012737350877,0.052953172245267424,5.581107594129861,0.033247475770903485,0.9989477699207174,0.03159114886861215,3.77670867266236,-0.053999663996929376,-0.029767005449464784,0.9980971334303355,-1.123599068990572
0.997887999696105,-0.03576017768837647,0.054229397424860395,5.7148182060583395,0.03403645825021969,0.9988958095145424,0.032383147659378685,3.8707284549159304,-0.05532754249564428,-0.030468974845987262,0.9980032125518776,-1.1561726548516802
0.9977862417950973,-0.03663104180087945,0.05550489083347378,5.8484053519606505,0.034824295514511626,0.9988426607357475,0.03317614201331374,3.9648345510556102,-0.05665591876206319,-0.031169780586795953,0.9979070572619497,-1.1889924452533336
0.9976821723054375,-0.0375028252094185,0.05677953236670322,5.981869661830871,0.035611113082365,0.9987881983697868,0.03397012956969666,4.059026961081928,-0.057984701159120605,-0.03186940500632915,0.9978086272373554,-1.222054677879477
0.9975756569023377,-0.038375533684220475,0.058053429053371894,6.115210531262136,0.03639689888825608,0.9987325413480408,0.03476508212033686,4.153305208863477,-0.05931397295470053,-0.03256783202976457,0.9977079649907812,-1.2553631193306316
0.9974667802690751,-0.03924903915766953,0.05932646672716663,6.248428590248466,0.037181539002293235,0.9986755774276633,0.03556102374828678,4.247669294400786,-0.06064362745988369,-0.03326509065612249,0.9976050292047026,-1.2889140072907423
0.9973554603831867,-0.040123466643915195,0.060598741573754125,6.381523234382996,0.037965143634597666,0.9986174190541828,0.03635794484421,4.342118741562446,-0.061973756700514665,-0.03396115617483672,0.9974998037729801,-1.3227111083603305
0.9972418199591709,-0.04099868942805274,0.061870270174482225,6.514495093659804,0.03874759744846983,0.9985580135011146,0.037155856972797933,4.4366535503489875,-0.06330438877924205,-0.03465604602695896,0.9973923463535843,-1.3567506602233408
0.9971257429291978,-0.04187470308122809,0.06314104368519251,6.6473435636719955,0.03952889209817399,0.9984973012520999,0.03795474153517985,4.531273244629001,-0.06463549670637425,-0.03534975339977392,0.9972825979929649,-1.3910364294802946
0.9970073023634394,-0.04275163079458166,0.06441092500184648,6.7800692744135915,0.04030915264920202,0.9984353949553483,0.03875459414382336,4.625977824403018,-0.0659669642941173,-0.036042265219443065,0.9971706420834757,-1.4255646538151368
0.9968864995423277,-0.04362946508579307,0.0656799260930563,6.912671621477756,0.04108837817161183,0.9983722352971832,0.039555419734589654,4.720766813539628,-0.06729878420256574,-0.036733578961705204,0.9970564161864965,-1.4603390998283885
0.9967632628760227,-0.044508088556625414,0.06694814254478927,7.045151260445721,0.04186643895019697,0.9983078287634553,0.0403572198574598,4.8156397359084835,-0.06863106531308052,-0.037423714284714554,0.996939904296305,-1.4953560094884608
0.9966376460972063,-0.04538761124524915,0.06821557786281206,7.177507561323409,0.04264345354083092,0.9982421690709997,0.041159975508213945,4.910596591509055,-0.06996380906882105,-0.03811263009981358,0.9968211662603617,-1.5306191451114088
0.9965096750401122,-0.04626791821434173,0.0694821186804107,7.30974115410487,0.043419307560526144,0.9981752627056651,0.041963695890814584,5.005637380341871,-0.07129689892668667,-0.038800360761703595,0.9967001606272532,-1.5661247443811774
0.9963793265313208,-0.047149122578216573,0.07074787082700953,7.4418514343832385,0.04419411167249976,0.9981071033842844,0.04276837511570606,5.100761626275523,-0.07263043676670333,-0.03948688355241092,0.9965769301105001,-1.6018765738982879
0.9962465482185324,-0.04803110571951791,0.0720128234594521,7.573824030765422,0.044967744531049944,0.9980376976940488,0.043574031781742566,5.1959680229907965,-0.07396441382254237,-0.040172222111385214,0.9964514160912761,-1.6378683593874115
0.9961114002811973,-0.048913863644929056,0.07327697797703704,7.7056733402316695,0.045740204729387376,0.9979670456856318,0.04438063985051666,5.291257400676028,-0.07529883261684783,-0.040856358221521935,0.9963236183352746,-1.674106379408343
0.9959738894131432,-0.04979762962985984,0.07454021215040527,7.83740001836324,0.04651173405274044,0.9978951345393432,0.045188192025454765,5.386629283200868,-0.07663357340153759,-0.04153926037552419,0.9961936177441072,-1.7105868759294935
0.9958340103508995,-0.0506821664282604,0.07580263353413624,7.969004090747319,0.04728208699610931,0.9978219773282261,0.04599669479239915,5.482083194434438,-0.07796874860989259,-0.042220964522722296,0.9960613358734315,-1.747309853235329
0.9956916993039735,-0.0515675889887916,0.07706424463449761,8.100469900415476,0.04805137795437474,0.997747567667772,0.04680614774599242,5.577618304187341,-0.07930434000599784,-0.042901447637983925,0.9959268327380704,-1.7842765573981652
0.9955470214682275,-0.052453782507723146,0.07832504234552232,8.23181310433614,0.048819489277856065,0.9976719716615315,0.047616562450909436,5.673235442648974,-0.08064035850678317,-0.04358073649933723,0.9957900484236182,-1.8214857423456863
0.9953999195249248,-0.05334073476059714,0.07958500545464016,8.363033098102392,0.04958641493379969,0.9975950704287998,0.048427922811963266,5.76893413368793,-0.08197678696000221,-0.044258814267952876,0.995650986482089,-1.8589411746784137
0.9952505251808873,-0.05422856450969993,0.0808440343443609,8.494115510321166,0.050352284393051665,0.9975169171014273,0.049240211589359845,5.86471307098499,-0.08331351899647796,-0.04493566105727703,0.995509724028774,-1.8966365801210188
0.9950986494105569,-0.055117158327061794,0.08210222843227497,8.625075367966787,0.05111696215201235,0.997437577706959,0.05005344974266572,5.960573084729024,-0.08465064383314108,-0.045611303414968864,0.9953661839818544,-1.934574474917241
0.9949444632698896,-0.056006623545430984,0.08335958058089236,8.755897039658038,0.05188057464732043,0.9973569269295075,0.05086763314674275,6.056512868599755,-0.08598818255875304,-0.046285723368308,0.9952203675364926,-1.9727561094238624
0.9947878764753147,-0.05689684471146081,0.08461598403523285,8.886596182363292,0.052643000080195776,0.9972750903636514,0.05168274043665872,6.152533252786579,-0.08732599163215349,-0.04695892136401727,0.9950723530031417,-2.011180237568567
0.9946289221009867,-0.05778793480587244,0.08587153187499608,9.017157794695407,0.053404352182414336,0.9971920021085215,0.05249877356775208,6.248632930969752,-0.08866419746056167,-0.04763088226079614,0.9949220643612559,-2.0498443473920815
0.9944675504167678,-0.05867976909341199,0.08712623143757185,9.147596273634662,0.05416450660775677,0.9971076092602867,0.05331573294538849,6.34481273333761,-0.09000277660810196,-0.04830161561389511,0.9947695003822006,-2.0887547174542007
0.9943038381885951,-0.05957235582789733,0.08837996663159207,9.277897247787962,0.05492347385707929,0.997022030953005,0.054133633996994966,6.441071353570938,-0.09134162861443793,-0.048971142704176934,0.9946147409397872,-2.127905073479596
0.9941377611465092,-0.060465804298678066,0.08963283193605504,9.408075769716788,0.05568136210164102,0.99693520128581,0.05495245263950254,6.5374091457277235,-0.09268086273029297,-0.04963942634552047,0.9944577097791636,-2.167297935996473
0.9939692682666651,-0.06135999650362703,0.09088483388875132,9.538116182452796,0.05643804817218083,0.9968471268458926,0.05577220415736682,6.63382527961857,-0.09402046285747423,-0.050306493851512125,0.9942984058055845,-2.206934551077147
0.993798432519285,-0.06225504485783902,0.09213585125982088,9.668019141577162,0.05719365899407685,0.996757801286749,0.056592862655151795,6.730319279113128,-0.09536031279145146,-0.050972311289793765,0.9941369097532998,-2.2468111606900294
0.9936252230315515,-0.06315083041534646,0.09338610860228047,9.797799674064265,0.057948059260572705,0.9966672311797363,0.05741444854409522,6.826891974400265,-0.09670064154626284,-0.051636898577684706,0.9939731235867576,-2.2869302810788597
0.9934495928395732,-0.06404746966954836,0.09463548118050338,9.927442778526938,0.05870137080610862,0.9965754101569707,0.058236954932980915,6.923542059160236,-0.0980413279432189,-0.05230024376285618,0.9938070681927467,-2.3272894002843643
0.9932716289126292,-0.06494484595669783,0.09588386877729996,10.056947824971104,0.05945348295559595,0.9964824043227962,0.05906037574133228,7.0202695333925105,-0.09938225056756497,-0.05296236260332567,0.993638820786975,-2.3678922806225984
0.9930912482601677,-0.0658430645375564,0.09713135853427868,10.186330495952348,0.06020450103695349,0.9963880882718632,0.05988468648071467,7.117074751155606,-0.10072350883735165,-0.0536232148103887,0.9934683063432247,-2.4087376803057126
0.9929085147976188,-0.06674201247601762,0.09837794925204071,10.3155757900835,0.06095430833044265,0.9962925876296255,0.06070990946976304,7.213956406129777,-0.10206512100941423,-0.054282819295039336,0.9932955250623302,-2.4498230873744333
0.9927234253042816,-0.06764180240125528,0.09962365117404312,10.44468370736459,0.061703022008899475,0.9961957769915185,0.06153603726894067,7.310914498315024,-0.10340706765868851,-0.05494117986061403,0.9931205356635351,-2.4911485018287607
0.9925359268376152,-0.0685423215921255,0.10086844998833433,10.573654273382772,0.06245052026165004,0.9960977819711204,0.06236308455464642,7.407948551580468,-0.10474934369716665,-0.055598315382111706,0.9929432801088578,-2.5327139279531607
0.9923460731802762,-0.06944367803486903,0.10211233548842885,10.702487488138047,0.06319692071462472,0.9959985367055683,0.06319103583974185,7.505058565926109,-0.10609195057637616,-0.056254185114458934,0.9927637601073609,-2.5745193657476335
0.9921538320076466,-0.07034575021567835,0.10335520091934644,10.831197774197818,0.06394210713682592,0.9958979882150233,0.06401986975929475,7.602244895409406,-0.1074347582374503,-0.056908809404947525,0.9925820539694972,-2.61657109805644
0.9919592183274522,-0.07124866118039044,0.10459726269711483,10.959770734581895,0.06468618599483347,0.9957962492237001,0.06484962119826715,7.699506709842021,-0.10877800337708729,-0.05756218275838148,0.992398065022239,-2.658862846319785
0.9917622191275777,-0.07215228649569658,0.10583828275636492,11.088206394877403,0.06542904803223973,0.9956932667770979,0.06568026954273024,7.796843533093075,-0.1101214383012829,-0.05821431090229518,0.9922118331292673,-2.701394614822135
0.9915629332339229,-0.07305662721236272,0.10707838296362773,11.216504755084372,0.06617069043544797,0.9955891004422477,0.06651180660212738,7.89425536516257,-0.11146519665011229,-0.05886518610643615,0.9920233378842209,-2.74416640356349
0.9913611661267208,-0.07396166957352868,0.10831768035431213,11.344665866377113,0.06691109138640579,0.9954836313891161,0.06734422337517892,7.991741253788746,-0.11280936294336938,-0.0595147880114176,0.9918326201241965,-2.7871782211127822
0.991157127827299,-0.07486753649143918,0.1095559291258596,11.472689703168498,0.0676503963856195,0.9953769127242152,0.06817750628213534,8.089301675102483,-0.1141537192793794,-0.06016311869871668,0.9916397210084542,-2.8304300631855455
0.9909506288822776,-0.07577411316236393,0.11079322865888899,11.600576291045655,0.06838846644220221,0.995269010551096,0.06901169920923834,8.186936152972901,-0.11549835858059015,-0.06081020494636155,0.9914445030268699,-2.873921934066246
0.9907418409378532,-0.07668150949088115,0.11202958963362855,11.72832568118298,0.06912542845776472,0.9951598589688913,0.06984676435073107,8.284643735138244,-0.11684329825744233,-0.061456013242367824,0.9912470852600483,-2.9176538423238156
0.9905306473609425,-0.0775897182966156,0.11326499486903102,11.855937822406077,0.06986127315662763,0.9950493986132546,0.07068270130123963,8.38242537386027,-0.11818851500274918,-0.06210053723475821,0.9910474101504357,-2.9616257793893226
