1.0000000301961758,5.5622772274975245e-09,4.702948808166241e-09,0.0,5.5622772274975245e-09,1.000000052790409,6.277215923685918e-10,0.0,4.702948808166241e-09,6.277215923685918e-10,0.9999999916698874,0.0
0.9999977696409551,0.0020279273451963903,-0.000566037658373153,0.1630887559794303,-0.0020279253068010115,0.9999979519218138,-3.881763655201608e-06,-0.016818147843306264,0.000566031248241311,5.029026964215727e-06,0.9999998539478829,-0.0299696062387369
0.999991156616103,0.004055861154645236,-0.001132045058246045,0.3261519995377853,-0.004055854942587591,0.9999917986596453,-6.614336584453898e-06,-0.03396632566052915,0.0011320081681671784,1.1207654497753794e-05,0.9999993603076316,-0.05984979675709923
0.9999800427155527,0.006083886586953175,-0.001698123153207609,0.48920450226785306,-0.006083899276534682,0.9999815213704071,-8.212916317251563e-06,-0.0514457442078573,0.0016980400708590804,1.8545453646351406e-05,0.9999985598259548,-0.08963522121150191
0.9999645372471181,0.00811178341497099,-0.0022641501727431734,0.6522314925768455,-0.008111801193320285,0.9999671516196196,-8.65364009290522e-06,-0.06925519272910208,0.002264010846863271,2.702086691147576e-05,0.9999974050793836,-0.11933122994553003
0.9999446038629104,0.010139748614073012,-0.0028301487617382604,0.8152477420575508,-0.010139811473918065,0.9999486009388424,-7.957583458788272e-06,-0.08739588198045212,0.002829924256453134,3.66550701543511e-05,0.9999960135796052,-0.1489324726156056
0.9999202282175861,0.0121674383036489,-0.003396221534278543,0.9782384791171808,-0.012167523401660744,0.9999259788401962,-6.089471694911845e-06,-0.10586660120572056,0.003395898662873223,4.741336510186156e-05,0.9999942549629052,-0.1784442995652995
0.9998913855582356,0.014195087161349923,-0.003962244932262382,1.141203448374199,-0.014195202509345771,0.9998992516537925,-3.0754898292551817e-06,-0.12466640628824699,0.003961804201557909,5.932100080191516e-05,0.9999921419067956,-0.20786290227341198
0.9998581853024231,0.01622268041733843,-0.004528344531019024,1.3041575428267436,-0.01622283612827168,0.9998684214839993,1.0864452611006032e-06,-0.1437983962174858,0.004527771934282485,7.237739802729015e-05,0.9999897214443572,-0.23718675266399458
0.9998204627597578,0.01825020333742354,-0.005094400708097524,1.4670861248582128,-0.018250399006023814,0.9998334904351848,6.3951724429104e-06,-0.16326041612064301,0.005093672617773534,8.658163012875697e-05,0.9999870058492893,-0.2664211873342097
0.9997783968814369,0.020277647453035546,-0.005660413463497882,1.6299888051108837,-0.020277901643196445,0.999794399500061,1.285069171617421e-05,-0.1830524659976671,0.005659517123380475,0.00010193376441297586,0.9999839951215922,-0.295562411509259
0.9997318126167944,0.022305013776531796,-0.0062263841817316035,1.7928659729424794,-0.022305311411462417,0.9997512087380998,2.0453133275224846e-05,-0.20317454584860783,0.006225287490266407,0.00011843413880369136,0.9999806292016425,-0.3246142199639479
0.9996808853027211,0.024332287419252092,-0.0067923055254088816,1.9557172389952768,-0.024332653563237792,0.9997039202536693,2.9201444936055715e-05,-0.22362665567341544,0.006791009198331727,0.00013608333214704116,0.9999769088422833,-0.35357281792347095
0.9996254892740826,0.026359460996277603,-0.007358301685347457,2.118542603269276,-0.02635988913584399,0.9996525350989535,3.9097579627252894e-05,-0.24440879547208816,0.007356781699313669,0.0001548810548294144,0.9999729411362184,-0.38243820538784945
0.9995656356516187,0.02838653443631481,-0.007924255808119396,2.281342065764477,-0.028387025505193595,0.9995970532739524,5.01406366042369e-05,-0.26552096524462954,0.00792248629910626,0.0001748280016948267,0.9999686182379008,-0.4112103823570621
0.9995013855140504,0.03041348464354341,-0.008490160425498772,2.4441160158386026,-0.030414048961025585,0.9995374178757461,6.233048567187528e-05,-0.28696316499108576,0.008488136754304626,0.0001959222711346853,0.9999639409135981,-0.43989314360590726
0.9994326809227236,0.032440305174108404,-0.009056021882872245,2.60686406413393,-0.03244095108586801,0.9994736900159905,7.56652828532194e-05,-0.30873539471141065,0.009053719630495616,0.0002181646063031395,0.9999589684298175,-0.46848269435958656
0.9993595239710162,0.034466994968123416,-0.009621840049403696,2.769586210650459,-0.034467717127898874,0.9994058096352137,9.014595013714339e-05,-0.33083765440560065,0.009619235142467264,0.00024155513250578853,0.9999537007999831,-0.4969790346181213
0.9992819733580467,0.03649354866538432,-0.010187608710542584,2.9322823214120035,-0.036494355504590244,0.9993338979045437,0.00010577340951172177,-0.3532708881902664,0.01018468931296318,0.0002660942359765106,0.9999480787441636,-0.5253821781279342
0.9991999724780745,0.03851994937628073,-0.01075333421167557,3.094937892778148,-0.038520843046648066,0.9992578368094046,0.00012254581700000587,-0.37603199707600155,0.010750076334027747,0.00029178158809928245,0.9999421615288662,-0.5536974477397365
0.9991135967772413,0.040546065004031615,-0.011319014982769215,3.2575675623654945,-0.04054707015696851,0.9991776452891085,0.00014047423646848536,-0.39912313593560533,0.011315403946708671,0.00031860386931559237,0.9999359493151819,-0.5819195068563872
0.999022714203665,0.04257201391170221,-0.011884646248470299,3.420171196197856,-0.042573123263361386,0.9990933665681831,0.0001595494480276192,-0.42254524888568135,0.011880658602002603,0.00034657392626580297,0.9999293826755123,-0.6100483692243159
0.998927431321067,0.04459779598046998,-0.012450340032167717,3.582733901277095,-0.04459900444894709,0.9990050006466287,0.00017977340460439422,-0.44629523693677875,0.012445978558566356,0.0003756929170232737,0.9999224501158493,-0.6380855629194571
0.9988277739852338,0.04662338811451461,-0.013015884716184756,3.745270570601349,-0.04662471371372904,0.9989124906215251,0.00020114035636868783,-0.47037619907835015,0.013011111819636906,0.0004059589399794117,0.9999152931840726,-0.6660295598658763
0.9987236007492954,0.04864878396503914,-0.013581485703647589,3.9077667005302033,-0.04865022684684883,0.9988158976045284,0.0002236569751386971,-0.4947850363209927,0.013576291032214471,0.00043737181182967877,0.9999077110523708,-0.6938856829142921
0.9986150422256066,0.05067398225827662,-0.01414704961481894,4.070236794704073,-0.05067555330734117,0.9987151615361667,0.00024731854202321175,-0.5195248476541092,0.01414140976246836,0.00046993374241172114,0.999899893054547,-0.721648609213986
0.9985020539758556,0.05269896945062733,-0.014712445052327383,4.2326659601248195,-0.05270066992591363,0.99861034458028,0.00027212112992076496,-0.5445925340882471,0.014706343615730921,0.0005036424058900146,0.9998917328373161,-0.7493198668408994
0.9983846835784209,0.054723736978463534,-0.015277791246115502,4.395054062816257,-0.05472557774412566,0.9985013877295802,0.0002980686659312243,-0.5699890397400118,0.015271217308851809,0.000538498796029907,0.9998832181672515,-0.7768994695414548
0.998262831428778,0.056748161142280366,-0.015843092579028162,4.55741612975271,-0.05675013453654628,0.9983883689306675,0.00032517313591075314,-0.5957165194822505,0.015836020622041785,0.000574490220810242,0.9998744085122242,-0.8043858754932884
0.9981365402394864,0.0587723592452567,-0.016408343414545112,4.71973726793604,-0.058774466735223525,0.9982712713485977,0.00035342150181998116,-0.6217718743255105,0.01640075044807096,0.0006116296521769815,0.9998653044505621,-0.8317806127723273
0.998005870042578,0.06079630814404322,-0.01697354487550562,4.882017343390061,-0.06079856800580737,0.9981500380804511,0.0003828157378309894,-0.6481560483863991,0.016965420436140466,0.0006499156517508764,0.9998558459494904,-0.8590836951250296
0.9978707642323122,0.0628200004537211,-0.017538702914787985,5.044256356114772,-0.06282241517900376,0.9980246701784115,0.0004133567659334516,-0.6748690416649143,0.017530024778294656,0.0006893479299183158,0.9998460923157894,-0.8862951225513669
0.9977312228086892,0.06484343711535417,-0.0181038042421241,5.2064694670606855,-0.06484600825481272,0.9978952277019509,0.0004450426119536875,-0.7019120649172983,0.01809456347453356,0.00072992751944706,0.9998359849955216,-0.9134133394825525
0.9975872589858268,0.06686660232298292,-0.018668743572020086,5.3686415152772895,-0.06686933985732484,0.9977616526959655,0.0004778667130211392,-0.729283907387309,0.018658918045539152,0.0007716537348008146,0.9998255947089302,-0.9404399014873874
0.9974388634501382,0.06888948977533937,-0.01923363948023793,5.530772500764584,-0.06889239523471663,0.9976240062721111,0.000511837606180045,-0.7569845690749464,0.019223199881141947,0.0008145259294456975,0.9998149092897094,-0.9673748085658715
0.9972861116477654,0.0709119735105589,-0.019798471415270025,5.69286242352257,-0.07091506478988426,0.9974822462580439,0.0005469616151557919,-0.7850140499802141,0.01978741672238965,0.0008585330516597822,0.9998038110113842,-0.9942180607180049
0.9971288710525861,0.07293416358948861,-0.0203632660123384,5.854911283551246,-0.07293742757472634,0.997336356871004,0.0005832324162237925,-0.8133723501031085,0.020351569951011936,0.0009036863940873885,0.9997924768937856,-1.0209696579437733
0.996967201598423,0.07495605371086055,-0.020928003635788284,6.016904053876289,-0.07495949938262621,0.9971863992226471,0.000620649879187315,-0.8420573145707859,0.02091564324734993,0.0009499853101946343,0.999780789116469,-1.0476311420655762
0.9968011739638084,0.07697764349444255,-0.021492573570591977,6.1788558954482085,-0.07698127387923523,0.9970323733129733,0.0006592028312306313,-0.8710701541394847,0.0214795464972318,0.0009974335058162698,0.9997687590391997,-1.0742009575145843
0.9966306619111582,0.07899889441868699,-0.022057098830042143,6.340766674290819,-0.07900272685369701,0.9968741642839588,0.0006989015231821947,-0.9004118129258103,0.022043364114267744,0.0010460246879726576,0.9997564938755,-1.1006791180372417
0.9964557406985994,0.08101970940601713,-0.022621567192024128,6.5026363904041204,-0.08102373395708544,0.9967119064590316,0.000739756227112354,-0.9300822909297661,0.022607126289301976,0.0010957498323607429,0.9997438151267016,-1.1270656236335483
0.9962764654432401,0.08304019475352713,-0.023185873556565983,6.6644650437881126,-0.08304442530940573,0.9965455845815236,0.0007817491860897293,-0.9600815881513487,0.023170703863026068,0.0011466207816620555,0.9997308534115793,-1.153360474303497
0.9960927091961368,0.08506032242293485,-0.02375012955454825,6.826237607468471,-0.08506476563593471,0.9963750822151349,0.0008248851190079296,-0.9904075497177125,0.023734203645149762,0.0011986374676841716,0.999717597276398,-1.1795652118694662
0.995904589878871,0.08708011410372546,-0.024314328448075906,6.98796910841952,-0.08708476808366097,0.9962005769078214,0.000869168635810526,-1.0210623305017066,0.02429763773485734,0.0012517997753149768,0.9997039874949226,-1.2056782945090845
0.9957120025468591,0.08909952952529418,-0.02487835978379349,7.149644519666936,-0.08910440844173095,0.9960218937420872,0.0009145867197040419,-1.052043775630482,0.024860883019013014,0.0013061082537059177,0.9996900354000706,-1.2317012640447231
0.995515012809312,0.09111846832160153,-0.02544234513579635,7.311278868185042,-0.0911235660491728,0.9958391675674524,0.0009611597633945463,-1.0833540399768857,0.025424058574798,0.0013615497962977119,0.9996758483530306,-1.257632578654004
0.9953136163728598,0.09313702465247709,-0.026006149378048793,7.472856737641791,-0.09314235154465289,0.9956523246460529,0.0010088672439800383,-1.114990968668021,0.025987051616259735,0.0014181359366570723,0.9996612604655251,-1.2834699853845208
0.9951078028772269,0.09515519489675495,-0.026569910067786973,7.634393544369232,-0.09516075755225878,0.9954613655039808,0.0010577224386458582,-1.1469567165767849,0.02654997342583472,0.0014758658351331777,0.9996463774588144,-1.309215737188687
0.9948975860598754,0.097172972372935,-0.027133501946039695,7.795874261393038,-0.09717877300812554,0.9952663512528919,0.0011077111482193911,-1.17924912883033,0.027112705577901963,0.0015347425510268964,0.9996312121849258,-1.3348713758888735
0.9946829710237447,0.09919023149938477,-0.027697043141374778,7.957298888713211,-0.0991962762097202,0.9950672397204425,0.0011588549477834454,-1.211868205428658,0.02767536843117452,0.0015947513267815516,0.9996156926058702,-1.3604369014850803
0.9944639539988092,0.10120707518967761,-0.028260408787329383,8.118682453304075,-0.10121337410775366,0.9948640161760565,0.0012111368721987835,-1.2448161012446146,0.028237849253396854,0.0016559008492811333,0.999599831533402,-1.3859107721549293
0.994240466686139,0.10322350419476128,-0.02882372962709434,8.280009928191305,-0.10323005090884146,0.9946567406792058,0.0012645654585112427,-1.2780906614053542,0.028800245892592308,0.0017181940042107768,0.9995837353879277,-1.4112945297207986
0.9940126387005048,0.1052395061872551,-0.02938686961878112,8.441280924017178,-0.10524631238406265,0.9944453547486946,0.0013191266377409413,-1.3116918859108235,0.029362466791966177,0.0017816323353730401,0.9995672383751393,-1.436584379407904
0.9937803585070732,0.10725494909414253,-0.02994996488042856,8.602495830139418,-0.10726201999594019,0.9942298773238349,0.0013748438289508352,-1.3456197747610776,0.02992461285307474,0.0018462022915947396,0.999550446363964,-1.4617841159910299
0.9935436817954013,0.10926995040871854,-0.03051289119975442,8.763654646558024,-0.10927728911265717,0.9940102915696827,0.0014316954570573158,-1.379874327956113,0.030486569954736586,0.001911914991904462,0.999533372099035,-1.486893739470169
0.993302609350506,0.1112845000659622,-0.031075636409329865,8.924757507249183,-0.11129211420228034,0.9937866591239859,0.001489681522058784,-1.4144546013793242,0.03104833817749722,0.0019787703398055356,0.9995158969936405,-1.5119132360988914
0.9930571305749918,0.1132985895022458,-0.03163833681271566,9.085804278236708,-0.1133064842009416,0.9935589209794565,0.0015488142489573735,-1.4493615391473167,0.03161003626915963,0.0020467693290633082,0.9994981868152399,-1.5368426196236342
0.9928072756916719,0.1153120902181897,-0.03220086874243855,9.246794570162876,-0.11532027187417793,0.9933270955493149,0.0016090879968690016,-1.4845951412600424,0.032171547495558395,0.002115899711384761,0.9994801344174322,-1.5616780952696203
0.9925529586324571,0.11732511072546764,-0.03276334330603459,9.407728772385411,-0.1173335812871584,0.9930911673138466,0.001670511172642774,-1.5201554077175494,0.03273297537123382,0.0021861698118274125,0.9994617284001792,-1.5864234578116125
0.9922943254974688,0.11933753621113789,-0.03332564774978397,9.568606884904312,-0.11934630204036391,0.9928512129044219,0.0017330770832130005,-1.5560423385198394,0.03329423003084672,0.0022575706587998623,0.9994430402499908,-1.6110787072496322
0.9920312606956234,0.12134934720054608,-0.03388777598997228,9.729428518361857,-0.12135840992293945,0.9926071748920289,0.0017967857285788812,-1.592255933666861,0.033855292124634354,0.0023301011903443386,0.9994240106735109,-1.635640048808888
0.9917638074873772,0.12336065356442319,-0.03444973594201961,9.890194062115768,-0.1233700221470442,0.9923590374939075,0.0018616242008969782,-1.6287961931586654,0.03441616609127879,0.002403774552022536,0.9994046987761563,-1.660111277264157
0.9914918968133363,0.12537144632114808,-0.0350116458653299,10.050888623167907,-0.12538112291929368,0.9921068020252877,0.001927613153261226,-1.6656600180057985,0.034976957190472904,0.0024785879498633867,0.9993850325065133,-1.6844939206913807
0.9912156757957586,0.12738161084789507,-0.035573378462239846,10.211527094516413,-0.12739159999619104,0.9918505451175395,0.001994742866249047,-1.7028505071977147,0.03553756817205651,0.0025545305593581147,0.9993650848433537,-1.7087864510146247
0.9909350101831006,0.12939123751685072,-0.03613494376301196,10.372109086803562,-0.12940154994742362,0.9915901333678959,0.0020630053023500397,-1.7403676607343623,0.03609799275102907,0.0026316135254482523,0.9993447948399689,-1.732985073459112
0.9906499622642345,0.1314003350105909,-0.03669632643868603,10.532619962412753,-0.13141097197057505,0.99132568597464,0.002132402967140561,-1.7782093237429475,0.03665821484936818,0.002709835866572155,0.9993241640691658,-1.7570951246219764
0.990360547616898,0.13340877840337276,-0.0372575465935755,10.693074882294496,-0.1334197402141637,0.9910572208248997,0.002202942574933795,-1.8163767069797085,0.03721825853449254,0.002789186637316969,0.9993032503857359,-1.7811150489344314
0.9900666936896568,0.13541665898455663,-0.03781859819865174,10.853458296140559,-0.13542795459441043,0.9907846043843851,0.002274613853656993,-1.8548685996883556,0.03777810138297011,0.002869677076729596,0.9992820544082797,-1.8050426071904937
0.9897685061630892,0.13742398635389202,-0.0383795862230506,11.013785620282988,-0.13743562341786056,0.9905079557198561,0.00234743548223041,-1.893687156741784,0.03833788156284394,0.0029513062973537604,0.9992604455314462,-1.8288800523425763
0.9894658975510355,0.13943062629495084,-0.03894041047298946,11.174041572365923,-0.1394426048048305,0.9902272338426759,0.0024213980016233325,-1.932829279150491,0.03889747026257877,0.003034062400519212,0.999238613788185,-1.8526251176918294
0.9891589117354034,0.14143668762705497,-0.03950105007531912,11.334226407770899,-0.14144901694709278,0.9899424231344881,0.002496493509830365,-1.9722959110311358,0.039456864494923874,0.0031179574876972465,0.9992163815674554,-1.8762816117594738
0.9888475659048084,0.1434420445268765,-0.04006152996439205,11.494355287448428,-0.14345473335929856,0.9896535415975036,0.0025727276689822835,-2.0120882631399564,0.04001607351318813,0.0032029814575915,0.9991939260636037,-1.8998479789767018
0.9885317860809162,0.14544681519659547,-0.04062182861287844,11.654412661090277,-0.1454598559745193,0.9893606325713326,0.0026500971870180644,-2.052205124720663,0.040575085982078166,0.0032891408209039935,0.9991710697327106,-1.923321980137537
0.9882116322630292,0.14745098232314174,-0.04118195478118447,11.814399052030353,-0.14746438404796255,0.9890636382488348,0.002728599693869554,-2.092645551656698,0.041133908057741114,0.0033764394185233325,0.9991479315110612,-1.9467073962703267
0.9878871222121507,0.14945442128553532,-0.04174190906880493,11.974313936934749,-0.14946819241963868,0.9887625765006979,0.0028082408516643307,-2.133410488064621,0.04169254156251899,0.0034648644638824583,0.9991244514195777,-1.9700004463467238
0.9875582404896186,0.15145723994674704,-0.042301690876245024,12.134157839137373,-0.15147138988423484,0.9884574318729693,0.002889014998274817,-2.174498989827873,0.0422509849123502,0.0035544260879035797,0.9991006894373379,-1.9932049113950754
0.9872249881421217,0.1534594389793699,-0.04286129739597688,12.293930624662039,-0.15347396906584,0.9881482644908823,0.002970925425758839,-2.215912001063062,0.042809238214628786,0.003645123423384397,0.9990765859348368,-2.0163208051618184
0.9868873245259262,0.15546088479897532,-0.043420734580878806,12.45363203812721,-0.15547579431251748,0.9878350332342773,0.0030539730561060696,-2.257648577653528,0.043367297299157656,0.003736947445136092,0.999052200218855,-2.039344319125739
0.9865452928892122,0.15746168582217906,-0.04397999320188595,12.61326246889061,-0.15747698560239318,0.9875177225834401,0.0031381536752682106,-2.2997087195993267,0.04392516285851139,0.0038299074046748705,0.9990274733187607,-2.062279248061614
0.986198922825165,0.15946171804041206,-0.044538962674806726,12.772821527594516,-0.15947741477901511,0.9871963502939758,0.0032234551884406585,-2.342092426900404,0.04448272558361829,0.003923992450693248,0.9990024165808955,-2.0851217971946596
0.9858481283965308,0.16146108876300022,-0.04509775992921938,12.93230960359665,-0.16147718498556343,0.9868709009776933,0.0033098878464510677,-2.38479969955681,0.04504008900244294,0.004019213593519436,0.9989770779254253,-2.1078757612996597
0.9854929692305574,0.1634597995013556,-0.045656381634251564,13.091726173563103,-0.16347629541962147,0.9865414346940646,0.0033974586293127607,-2.427831481685102,0.04559726297780621,0.004115566307169069,0.9989513977765425,-2.130537359348274
0.9851334635011891,0.16545771474164414,-0.046214830204922785,13.251071760827784,-0.16547462069070235,0.9862079105859759,0.0034861670109345337,-2.4711868291687242,0.04615424562957143,0.004213042304701278,0.9989254358040246,-2.153110372368843
0.9847695953895317,0.16745494599882824,-0.04677310414206637,13.410330949058647,-0.16747226959349318,0.9858703126076211,0.0035760070634854716,-2.51486358713478,0.04671103907951178,0.004311656772805872,0.9988991322441244,-2.1755925474089537
0.9844013242518511,0.1694513736223301,-0.047331202529829475,13.569519154587738,-0.16946910647605726,0.9855287181795083,0.003666985240887693,-2.558863910456166,0.047267639157430194,0.004411393690048421,0.9988724871908115,-2.197986137421019
0.9840287519046099,0.17144709092597346,-0.047889131975271004,13.728636122033521,-0.17146526065598142,0.9851829935043014,0.0037590978551865013,-2.6031868550162223,0.04782405256522064,0.00451226263076919,0.998845559883745,-2.2202873338838316
0.9836517911723845,0.17344199646031921,-0.048446764673564124,13.887667079803208,-0.17346058806385853,0.9848333337540385,0.0038523321552893586,-2.6478312100587633,0.048380150523230386,0.004614253185883294,0.9988183035185989,-2.24250148714097
0.983270414068852,0.17543617661979471,-0.04900422895288015,14.0466266655134,-0.17545519749437405,0.9844795458610494,0.003946697204333306,-2.692799130456585,0.04893605373994467,0.0047173779646244585,0.9987907648460023,-2.264623260595279
0.9828847559045211,0.17742951320793746,-0.04956151414495691,14.205500241547497,-0.177448982235963,0.9841217069827964,0.004042198930147661,-2.73808846133689,0.04949177235386554,0.004821624839603744,0.9987628850429902,-2.2866579908439135
0.9824946962715941,0.17942212513439643,-0.05011850691276076,14.364302579498286,-0.17944203240439233,0.9837598603438075,0.004138818257913696,-2.7837004134558665,0.05004717417558066,0.00492700133032406,0.9987346757383558,-2.308600327543296
