1.0000000000000002,3.7973493462986104e-18,5.238987533701845e-19,0.0,3.7973493462986104e-18,1.0000000000000002,-1.0259059130424207e-19,0.0,5.238987533701845e-19,-1.0259059130424207e-19,1.0000000000000002,0.0
1.0000000000000002,3.7973493462986104e-18,5.238987533701845e-19,0.0,3.7973493462986104e-18,1.0000000000000002,-1.0259059130424207e-19,0.0,5.238987533701845e-19,-1.0259059130424207e-19,1.0000000000000002,0.0
1.0000000000000002,3.7973493462986104e-18,5.238987533701845e-19,0.0,3.7973493462986104e-18,1.0000000000000002,-1.0259059130424207e-19,0.0,5.238987533701845e-19,-1.0259059130424207e-19,1.0000000000000002,0.0
1.0000000000000002,3.7973493462986104e-18,5.238987533701845e-19,0.0,3.7973493462986104e-18,1.0000000000000002,-1.0259059130424207e-19,0.0,5.238987533701845e-19,-1.0259059130424207e-19,1.0000000000000002,0.0
0.9999847925575996,-0.0054917457905258125,-0.0005053530521707108,0.35366591197906333,0.005488532701488634,0.9999660026852885,-0.006153818521115497,-0.011267269188307227,0.0005391310784829455,0.006150951290522155,0.9999809373862596,-0.004748693744479837
0.9999847925575996,-0.0054917457905258125,-0.0005053530521707108,0.35366591197906333,0.005488532701488634,0.9999660026852885,-0.006153818521115497,-0.011267269188307227,0.0005391310784829455,0.006150951290522155,0.9999809373862596,-0.004748693744479837
0.9999680986145807,-0.004892653555994724,0.006313770214475311,0.44252854610659803,0.0049133080132960335,0.9999826158131032,-0.0032599809738632114,-0.011740050140816805,-0.006297710497209627,0.003290898473742598,0.9999747540961866,-0.005190035912392421
0.9999934255236776,-0.0028086287136422894,0.0022935810797963343,0.4786460534718116,0.002813780066759349,0.9999935193624798,-0.0022458572477007097,-0.011690053497750541,-0.002287258436776091,0.002252296115089239,0.999994847792254,-0.00519036857517996
0.9999910000669829,-0.003765235096493998,-0.0019551955665724785,0.5147232952216847,0.003761676523882027,0.9999912676399698,-0.0018205585779337145,-0.011181606875106498,0.0019620333241537253,0.0018131873797660857,0.9999964313820129,-0.0052348883173585214
0.9999963179659042,-0.0026935483491403386,-0.0003299271525569297,0.555828816050602,0.0026935684586208383,0.9999963705064303,6.052210571034445e-05,-0.010657990831449249,0.0003297629358705243,-6.141056423765676e-05,0.9999999437425731,-0.005688668906087546
0.9999910858567049,-0.004203507429348077,-0.00039841237485126874,0.596722838530862,0.004204201546457319,0.9999896175649636,0.0017576835992665905,-0.009458017928970053,0.0003910198022927082,-0.001759342936945596,0.9999983759066537,-0.006072976895309168
0.9999952228643731,-0.0029471014631512007,0.000932116622748141,0.6323021399518763,0.002945385795004392,0.9999939756671886,0.0018366632376330978,-0.00860425939127929,-0.0009375238402823304,-0.001833909020583781,0.9999978789111269,-0.006414719591512519
0.9999956488115975,-0.0029479874878285896,0.00010829424937479293,0.6728810163524279,0.002947753771393249,0.9999934537178015,0.0020983968278032684,-0.00737960495906087,-0.00011447958804293855,-0.0020980684725013118,0.999997792499118,-0.006738187027866882
0.9999964350666883,-0.0008902012011401199,-0.0025174184667095824,0.7130897389869215,0.000894497073871917,0.9999981449757189,0.0017058487935182384,-0.006316140989563901,0.0025158952481922456,-0.0017080945357332317,0.9999953763313897,-0.006942936488037343
0.9999942349370243,-0.0009088539439812408,-0.0032717086092696073,0.7436125880635346,0.0009285042179128105,0.9999815110039574,0.006009619801574348,-0.004878441167829539,0.00326618625200359,-0.0060126229509812204,0.9999765899222923,-0.007151373697975583
0.9999946272306471,0.0009408412116140654,-0.003140115866321948,0.789091669408118,-0.0009280978116592899,0.9999913386379051,0.004057250746853776,-0.003506146222559181,0.0031439058973498977,-0.0040543146135174155,0.9999868391077572,-0.0071412449146976975
0.9999936846699888,0.0005939839008234589,-0.0035039696437404325,0.8194599285208503,-0.0005833433602615882,0.9999952183079628,0.003036951058812896,-0.0022257461058634576,0.003505756788873224,-0.003034887862038498,0.9999892495047144,-0.007203341051632339
0.999994128399558,0.002191480001995661,-0.0026344983981112565,0.8548200543445809,-0.0021893753916412085,0.9999972821253955,0.0008014843833803792,-0.0008115181599097632,0.0026362476748730563,-0.0007957117714221759,0.9999962085132992,-0.007529909603984919
0.9999993154499563,0.0008855030024033908,-0.0007648425010301436,0.8952256211409273,-0.0008815018330626151,0.9999860082928678,0.005215953701368487,0.001114660614642493,0.0007694505422408255,-0.005215275920720492,0.999986104324922,-0.008130300261281143
0.9999964349236714,0.001873159954614477,-0.001903000717843591,0.9305215491899148,-0.0018618227245646528,0.9999806131794833,0.005941959384499552,0.0025511552944560423,0.0019140940650812254,-0.005938395150979461,0.9999805356640403,-0.008658732679156067
0.9999862114863307,0.0027298087876479033,-0.004486087515773577,0.9756029061777161,-0.002693288522856921,0.9999633503163898,0.008126759560534593,0.0046961752516115896,0.004508107601748916,-0.008114565176580539,0.9999569144707421,-0.009545311002912449
0.9999880181791325,0.0007006688267149522,-0.00484484895188352,1.0158146271223916,-0.0006722484270912498,0.9999825733179836,0.005865248707091506,0.00657993308258098,0.004848874119171403,-0.005861921488644755,0.999971062729436,-0.010646484549696744
0.9999806598586346,0.001518361869943916,-0.006031126422341602,1.0458019405779475,-0.0014739321895052228,0.9999717964929837,0.007364356217341441,0.0076945402279391395,0.006042138081102329,-0.007355324318278266,0.9999546948595134,-0.011534177494514353
0.999978402532004,0.0017923228835354317,-0.006323135948474788,1.090637216541281,-0.001748698081449611,0.9999746792923428,0.006898030820201012,0.009367988641562297,0.0063353393406883375,-0.006886824584499293,0.9999562166027977,-0.013105946650440181
0.9999866950508512,0.0017547436759945284,-0.004850834557813599,1.1256064115678168,-0.0017237020109849477,0.999978059564574,0.006396033211829418,0.010749791454063629,0.004861951527221138,-0.006387586719650523,0.9999677795625447,-0.014503637631182897
0.9999844263761299,0.0022826321350794872,-0.005092798419274538,1.1655845013008415,-0.0022463909737252814,0.9999721964012798,0.007110566221770617,0.011657462230460935,0.005108887628107343,-0.007099015068086711,0.9999617508946366,-0.016212195361259507
0.9999831385239702,0.0031847830673086357,-0.00485590615274869,1.205645584855666,-0.0031574906285056622,0.9999792350293661,0.005617807669779896,0.012060010895693418,0.004873696818742145,-0.0056023804670803255,0.9999724298261533,-0.01819963980684225
0.9999854454532282,0.0025166653246443947,-0.004772345058019905,1.235670166821435,-0.0024996056450187335,0.9999904774139827,0.003577296880956591,0.012095903116849716,0.004781302471969848,-0.0035653158343748165,0.9999822136766598,-0.01996908850543555
0.9999915093218552,0.0016109740057028963,-0.003792894271096573,1.2756277772970885,-0.0016086615799847518,0.9999985184359357,0.0006126449667664591,0.01179378591959368,0.0037938756067968996,-0.0006065382817043717,0.9999926192823594,-0.022660809185022224
0.9999892471365174,0.0012089883895231028,-0.004477047957686927,1.3155956886772566,-0.001226268083679032,0.9999918025981308,-0.003858886254871533,0.01098089633083621,0.0044723459088469916,0.0038643348218140505,0.9999825323666692,-0.025424675683416442
0.9999943760694663,0.0003285554536332303,-0.003337645989753673,1.3505324323526082,-0.00034970464848367973,0.9999798538189506,-0.006337954156430545,0.010031846535631384,0.0033354963795303176,0.0063390857025342525,0.999974344899087,-0.027906005280332824
0.999989650117691,-0.0012054384327941337,-0.004387091939244789,1.3902107851580143,0.0011654464265035457,0.999957851224497,-0.00910700330044598,0.009376280262416326,0.004397884960477472,0.009101796123410295,0.9999489066523365,-0.030658249188542097
0.999992068322945,-0.0010842741508496744,-0.003832445794141897,1.4248740435439993,0.0010514838339258472,0.9999629152501329,-0.008547660861486457,0.008691721677683506,0.00384157167657058,0.008543563309403987,0.9999561239639629,-0.033025716356674284
0.9999901056949584,-0.0009761944892860839,-0.004339994989058211,1.46438983001891,0.0009415343179549491,0.9999677072030304,-0.007981106705368703,0.008086074083469175,0.004347645950865371,0.007976941483642438,0.9999587323381162,-0.03556909977238876
0.9999853961742102,-0.0028889987816671783,-0.004567397984356385,1.4987986204218116,0.0028506628963006365,0.999960842979486,-0.008377722172968092,0.007790791679336828,0.004591422367810663,0.008364579714206318,0.9999544752871726,-0.03768176324220729
0.9999848516863942,-0.0024378187802822416,-0.004934920195437372,1.5282828245176245,0.0023771575217716038,0.9999220052728494,-0.012261015179861256,0.00791426715358512,0.004964425430754006,0.012249098363496257,0.9999126532199822,-0.039748623381448134
0.9999943803792766,-0.002484238390968076,-0.0022511706920158177,1.5675871452427301,0.002458794347592289,0.9999338541989167,-0.011235726823699966,0.007883131903166474,0.0022789340104528827,0.011230128517403664,0.9999343431812209,-0.04277981593656488
0.9999958587593175,-0.0023198975937059113,-0.0017030969938092587,1.606648314334761,0.002312198794080355,0.9999871630187909,-0.004508606699069633,0.008714173920487123,0.0017135346370172886,0.004504650129028861,0.9999883858956877,-0.0456368286986506
0.9999869542605794,-0.003368383190268502,-0.0038399613714267173,1.6508059993502313,0.0033523238418764144,0.9999856406577534,-0.004180957206445033,0.009644312675085143,0.003853989298080607,0.004168029868709472,0.9999838870169381,-0.048669432500491716
0.9999932636610949,-0.0017640866186790264,-0.0032187933816517104,1.6994925370650555,0.0017508392374394983,0.9999900054637392,-0.004113822382575899,0.010830523096325484,0.003226018350321265,0.004108159080724328,0.9999863578242308,-0.05169753817267386
0.9999936725867435,-0.0027455135471779637,-0.0022620658343646387,1.7336405662800896,0.0027373611680836497,0.9999897762500161,-0.003599201200023332,0.011792565829071067,0.00227192436322278,0.003592986335215307,0.99999096436362,-0.05357023732156252
0.9999981584977498,-0.001635663042086419,-0.0010037965544750656,1.758034477365787,0.0016331426252837913,0.9999955249205729,-0.002506588118083097,0.012530450581481056,0.0010078919959522457,0.0025049441592552104,0.9999963546975978,-0.054838133605778605
0.9999985585847694,-0.001635458686740267,-0.00045618337091882466,1.7969879957877168,0.001634247733211157,0.9999951734860205,-0.002642392667761974,0.013767987619931032,0.0004605026931856811,0.002641643342337083,0.9999964048223983,-0.05681114408357546
0.9999985366800838,-0.0009137307011835143,-0.0014462827860537435,1.8310391761723304,0.0009073893444333446,0.9999899996204131,-0.0043791898502115,0.015113383310139672,0.0014502697228893373,0.004377871100466672,0.9999893654246325,-0.058413926105822966
0.9999979193859976,-0.0015274318604609999,0.0013521004355023152,1.8601651193870625,0.0015298057905795963,0.9999972872931324,-0.0017564454501909936,0.016289382473210323,-0.0013494139169084008,0.001758510246781672,0.9999975433588788,-0.05963508283321106
0.9999949479864686,-0.003122277106695056,-0.0005961436149291317,1.8890214747600749,0.0031199736289009464,0.9999878114968078,-0.0038265679636469378,0.017514886108990768,0.000608083954380893,0.003824688679416188,0.9999925009670877,-0.06102443571814398
0.9999951015524567,-0.0031291783429335538,-7.151217000521191e-05,1.9180413223196762,0.0031292447299371383,0.9999946546594455,0.0009478818264396346,0.01882009556991293,6.854569646535704e-05,-0.0009481009623713458,0.9999995482029246,-0.06241764956239981
0.9999949254162391,-0.002674979763450411,-0.0017302095352377963,1.9422441583819463,0.002675995802469921,0.9999962482945993,0.0005851864586725058,0.020095648363904872,0.0017286376820665388,-0.0005898135225484948,0.9999983319644954,-0.06349064072603916
0.9999972570522859,-0.0023419286531461718,3.5469530580124394e-05,1.9711603649487655,0.002341784230720784,0.999990649694062,0.0036354602272713993,0.021611208238593083,-4.398318740277732e-05,-0.0036353671934066965,0.999993391063585,-0.06471666457948588
0.9999980911278282,-0.0019117861714223498,0.0004035025831578828,1.9904410150455358,0.0019114055123266617,0.999997729887266,0.0009416736601074052,0.022517382421306076,-0.00040530194584290736,-0.0009409006055110738,0.999999475218054,-0.06556035233665458
0.9999976645744686,-0.0020929993067164724,-0.0005387016899070043,2.0243094224935674,0.002094949857071619,0.999991158512231,0.0036461051084992133,0.024330073100509386,0.0005310656315182979,-0.0036472251463205273,0.9999932078359467,-0.06703903745364448
0.9999945618526074,-0.0028799656599298824,-0.0016068798990717384,2.053338696162901,0.0028828602679971415,0.9999942209660044,0.0018019853688697428,0.025726348929564935,0.0016016809568761437,-0.001806607979624184,0.999997085388613,-0.0683180171331852
0.9999908739864597,-0.0033301720790513685,-0.0026761722143367893,2.0871433417853,0.003337685386434829,0.9999904876251802,0.00280793792948183,0.027429635992039292,0.0026667958410911416,-0.0028168445250936398,0.9999924767651323,-0.06966254275952721
0.999989717957424,-0.0041554285566651784,-0.001815597131173872,2.1161332753557858,0.004159331754784418,0.9999890357567568,0.0021513543701161915,0.028721423465849494,0.001806637425140208,-0.002158883920600548,0.9999960376328658,-0.07103390783117369
0.9999920758995149,-0.0027163045382630102,-0.0029102968636547702,2.145248247680555,0.002731559795747021,0.9999824840400082,0.005250732735260914,0.030260252475028726,0.0028959832978533557,-0.005258640777833547,0.9999819798265909,-0.07261065849748993
0.9999882270830349,-0.0026523358077702444,-0.004063349614722089,2.1738178290800825,0.002649784348368999,0.9999962888591978,-0.0006331751251228144,0.03149037716937353,0.004065013928116498,0.000622400670593601,0.9999915441038336,-0.07400756730015923
0.99999147764804,-0.004119123688893206,-0.0002783007829163972,2.198347888669828,0.004121111056882438,0.9999629005836818,0.007563987039053476,0.0329541611993347,0.00024713345992474767,-0.007565069484527321,0.9999713539140748,-0.07532961104094449
0.9999868082233546,-0.0038445363756951316,-0.003406305817754295,2.227062371056658,0.003840901592784026,0.9999920480685784,-0.0010729746338044215,0.03391581526938414,0.003410403821053904,0.001059877193921784,0.999993622882722,-0.0763115723426031
0.9999912532917106,-0.003832646658529096,-0.0016745625294664406,2.256531282048701,0.003846565773946936,0.9999574093888787,0.008389477935453629,0.03565184708015279,0.0016423373042488262,-0.008395845870049606,0.9999634055805772,-0.07783607932415126
0.9999902793096749,-0.0035610421968379187,-0.002600050890155722,2.2808083956613046,0.003584647268830409,0.9999518846479196,0.0091311934068008,0.036672017100746856,0.002567409222762614,-0.00914042491061961,0.9999549295054936,-0.0788572292305103
