-0.17364807426929474,-1.8623325104272226e-08,-0.9848077893257141,-142.74038696289062,-0.9848077893257141,1.461058189988762e-07,0.17364807426929474,10.682411193847656,1.4065224718251557e-07,1.0,-4.371138828673793e-08,49.999996185302734
-0.17302484810352325,0.00023859947395976633,-0.984917402267456,-142.62535095214844,-0.9849172234535217,-0.0007043385994620621,0.17302463948726654,10.562999725341797,-0.0006524317432194948,0.9999997019767761,0.0003568688116502017,49.983116149902344
-0.17240160703659058,0.0004777177528012544,-0.9850266575813293,-142.51023864746094,-0.9850258827209473,-0.0014086810406297445,0.17240078747272491,10.443673133850098,-0.0013052294962108135,0.9999988675117493,0.0007134232437238097,49.96612548828125
-0.17177845537662506,0.0007172183832153678,-0.9851353168487549,-142.3950653076172,-0.9851336479187012,-0.002112860092893243,0.17177662253379822,10.324431419372559,-0.001958251930773258,0.9999974966049194,0.0010694997617974877,49.94902420043945
-0.1711553931236267,0.0009572182898409665,-0.985243558883667,-142.27981567382812,-0.9852405786514282,-0.002816895954310894,0.17115212976932526,10.20527458190918,-0.0026114985812455416,0.9999955892562866,0.0014252172550186515,49.93181228637695
-0.17053242027759552,0.001197599689476192,-0.9853513240814209,-142.16448974609375,-0.9853466749191284,-0.0035207667388021946,0.17052733898162842,10.086202621459961,-0.0032649687491357327,0.999993085861206,0.0017804558156058192,49.91448974609375
-0.16990956664085388,0.001438479870557785,-0.9854586124420166,-142.04908752441406,-0.985451877117157,-0.004224492236971855,0.1699022352695465,9.967215538024902,-0.003918661270290613,0.9999900460243225,0.0021353343036025763,49.89705276489258
-0.1692867875099182,0.0016797406133264303,-0.9855654239654541,-141.93362426757812,-0.9855562448501587,-0.004928051959723234,0.16927681863307953,9.84831428527832,-0.004572576377540827,0.999986469745636,0.002489732811227441,49.8795051574707
-0.1686641275882721,0.0019214991480112076,-0.9856716990470886,-141.81808471679688,-0.9856597185134888,-0.0056314654648303986,0.16865108907222748,9.729498863220215,-0.005226713139563799,0.9999822974205017,0.002843770431354642,49.861846923828125
-0.16804155707359314,0.0021636374294757843,-0.9857775568962097,-141.70248413085938,-0.985762357711792,-0.006334711331874132,0.16802506148815155,9.61076831817627,-0.005881070625036955,0.9999775886535645,0.003197327023372054,49.844078063964844
-0.16741907596588135,0.002406272804364562,-0.9858828783035278,-141.58680725097656,-0.9858641624450684,-0.0070378100499510765,0.16739872097969055,9.4921236038208,-0.006535649299621582,0.9999723434448242,0.003550521796569228,49.82619857788086
-0.1667967140674591,0.0026492869947105646,-0.9859877228736877,-141.47105407714844,-0.9859650731086731,-0.007740740664303303,0.16677208244800568,9.373564720153809,-0.007190448231995106,0.9999665021896362,0.003903234377503395,49.80820846557617
-0.16617444157600403,0.00289279711432755,-0.9860921502113342,-141.35523986816406,-0.986065149307251,-0.00844352226704359,0.16614513099193573,9.25509262084961,-0.007845466956496239,0.99996018409729,0.004255583975464106,49.790103912353516
-0.1655522882938385,0.003136685583740473,-0.9861960411071777,-141.23934936523438,-0.986164391040802,-0.009146133437752724,0.1655178815126419,9.136706352233887,-0.008500702679157257,0.9999532699584961,0.004607451148331165,49.771888732910156
-0.16493022441864014,0.0033810697495937347,-0.986299455165863,-141.12338256835938,-0.9862627387046814,-0.009848592802882195,0.1648903340101242,9.01840591430664,-0.009156156331300735,0.9999457597732544,0.004958953708410263,49.753562927246094
-0.16430827975273132,0.0036258308682590723,-0.9864023923873901,-141.00735473632812,-0.9863602519035339,-0.01055088173598051,0.16426247358322144,8.900192260742188,-0.0098118269816041,0.9999377727508545,0.005309972912073135,49.73512649536133
-0.16368643939495087,0.003871086984872818,-0.986504852771759,-140.89125061035156,-0.9864568710327148,-0.011253017000854015,0.1636343151330948,8.782065391540527,-0.0104677127674222,0.9999291896820068,0.005660626571625471,49.71657943725586
-0.16306458413600922,0.004116720985621214,-0.9866068363189697,-140.77508544921875,-0.9865527153015137,-0.011954979971051216,0.1630057543516159,8.664024353027344,-0.011123815551400185,0.9999200701713562,0.006010795943439007,49.69792175292969
-0.16244283318519592,0.004362848121672869,-0.9867082834243774,-140.65884399414062,-0.9866476058959961,-0.01265679020434618,0.16237688064575195,8.546070098876953,-0.01178013440221548,0.9999103546142578,0.006360598839819431,49.67915344238281
-0.16182120144367218,0.004609351512044668,-0.9868093132972717,-140.5425262451172,-0.9867417216300964,-0.01335842814296484,0.16174772381782532,8.428202629089355,-0.012436669319868088,0.9999001622200012,0.006709916051477194,49.660274505615234
-0.1611996740102768,0.004856347572058439,-0.9869098663330078,-140.4261474609375,-0.9868349432945251,-0.014059909619390965,0.1611182540655136,8.310422897338867,-0.013093416579067707,0.9998893737792969,0.007058866787701845,49.64128494262695
-0.16057826578617096,0.0051038372330367565,-0.9870099425315857,-140.3096923828125,-0.986927330493927,-0.014761232770979404,0.16048850119113922,8.192729949951172,-0.013750376179814339,0.9998780488967896,0.007407449651509523,49.62218475341797
-0.15995697677135468,0.0053518181666731834,-0.9871094822883606,-140.19317626953125,-0.9870188236236572,-0.015462400391697884,0.15985845029354095,8.07512378692627,-0.014407549053430557,0.9998661279678345,0.007755664177238941,49.60297393798828
-0.15933579206466675,0.005600173491984606,-0.9872085452079773,-140.0765838623047,-0.9871094822883606,-0.01616339385509491,0.15922811627388,7.957605361938477,-0.015064936131238937,0.9998536705970764,0.008103391155600548,49.58365249633789
-0.15871472656726837,0.0058490196242928505,-0.9873071312904358,-139.9599151611328,-0.9871993064880371,-0.01686422899365425,0.15859748423099518,7.840174198150635,-0.01572253368794918,0.9998406767845154,0.008450749330222607,49.5642204284668
-0.15809378027915955,0.0060983579605817795,-0.9874053001403809,-139.8431854248047,-0.987288236618042,-0.01756490021944046,0.15796655416488647,7.722830772399902,-0.016380339860916138,0.9998271465301514,0.008797738701105118,49.544677734375
-0.15747293829917908,0.006348068360239267,-0.9875028729438782,-139.72637939453125,-0.98737633228302,-0.018265394493937492,0.1573353409767151,7.605575084686279,-0.01703835465013981,0.9998130202293396,0.009144238196313381,49.5250244140625
-0.1568521112203598,0.006598153151571751,-0.9876000881195068,-139.60951232910156,-0.9874635338783264,-0.018965711817145348,0.15670371055603027,7.488407135009766,-0.01769658364355564,0.9997983574867249,0.009490247815847397,49.5052604675293
-0.15623140335083008,0.006848727818578482,-0.9876967668533325,-139.49256896972656,-0.987549901008606,-0.019665870815515518,0.15607181191444397,7.3713274002075195,-0.018355023115873337,0.9997831583023071,0.009835886768996716,49.48538589477539
-0.1556107997894287,0.0070997909642755985,-0.9877929091453552,-139.3755645751953,-0.9876354336738586,-0.020365869626402855,0.1554396152496338,7.254335403442383,-0.019013673067092896,0.9997673630714417,0.010181155055761337,49.46540069580078
-0.15499021112918854,0.007351228967308998,-0.9878886342048645,-139.25848388671875,-0.9877201318740845,-0.02106568031013012,0.15480701625347137,7.137431621551514,-0.01967252604663372,0.999751091003418,0.010525931604206562,49.44530487060547
-0.1543697565793991,0.0076031554490327835,-0.9879838824272156,-139.14134216308594,-0.9878039360046387,-0.02176533080637455,0.15417413413524628,7.02061653137207,-0.02033158577978611,0.9997342228889465,0.01087033562362194,49.42509841918945
-0.15374940633773804,0.007855452597141266,-0.9880786538124084,-139.0241241455078,-0.987886905670166,-0.022464796900749207,0.1535409688949585,6.9038896560668945,-0.020990852266550064,0.9997167587280273,0.011214247904717922,49.404781341552734
-0.1531291902065277,0.008108237758278847,-0.9881728887557983,-138.90684509277344,-0.9879689812660217,-0.023164095357060432,0.15290752053260803,6.7872514724731445,-0.021650321781635284,0.99969881772995,0.011557786725461483,49.38435745239258
-0.15250898897647858,0.0083613945171237,-0.9882667064666748,-138.78948974609375,-0.9880502223968506,-0.02386321686208248,0.15227368474006653,6.67070198059082,-0.022310001775622368,0.9996802806854248,0.011900832876563072,49.36382293701172
-0.15188902616500854,0.008615153841674328,-0.9883599877357483,-138.67205810546875,-0.9881306290626526,-0.024562185630202293,0.1516396701335907,6.554241180419922,-0.022969882935285568,0.9996612071990967,0.012243623845279217,49.343177795410156
-0.15126918256282806,0.00886928103864193,-0.9884527921676636,-138.5545654296875,-0.988210141658783,-0.02526097372174263,0.15100538730621338,6.437869548797607,-0.023629970848560333,0.9996415376663208,0.01258592028170824,49.32242202758789
-0.15064936876296997,0.009123779833316803,-0.9885451793670654,-138.43699645996094,-0.9882888197898865,-0.025959575548768044,0.15037070214748383,6.321586608886719,-0.024290263652801514,0.9996213316917419,0.012927723117172718,49.30155563354492
-0.15002967417240143,0.009378764778375626,-0.9886370301246643,-138.31936645507812,-0.9883666038513184,-0.026658011600375175,0.14973574876785278,6.205392837524414,-0.02495076134800911,0.9996005892753601,0.013269150629639626,49.28057861328125
-0.14941011369228363,0.009634116664528847,-0.988728404045105,-138.20167541503906,-0.9884435534477234,-0.027356257662177086,0.14910051226615906,6.089288711547852,-0.025611456483602524,0.9995793104171753,0.013610081747174263,49.259490966796875
-0.14879067242145538,0.009889952838420868,-0.9888192415237427,-138.0839080810547,-0.9885196685791016,-0.028054337948560715,0.14846499264240265,5.973273754119873,-0.026272358372807503,0.9995574951171875,0.013950636610388756,49.23829650878906
-0.14817138016223907,0.010146156884729862,-0.9889096617698669,-137.96607971191406,-0.9885948896408081,-0.028752224519848824,0.14782921969890594,5.857348442077637,-0.026933453977108,0.999535083770752,0.014290696009993553,49.21699142456055
-0.1475522220134735,0.010402844287455082,-0.9889995455741882,-137.84817504882812,-0.988669216632843,-0.02944994531571865,0.14719316363334656,5.741512775421143,-0.027594754472374916,0.9995121359825134,0.014630376361310482,49.19557571411133
-0.1469331830739975,0.010659897699952126,-0.9890889525413513,-137.73020935058594,-0.9887427687644958,-0.030147474259138107,0.14655683934688568,5.625766754150391,-0.028256254270672798,0.9994885921478271,0.01496956031769514,49.174049377441406
-0.14631405472755432,0.010917440988123417,-0.989177942276001,-137.61216735839844,-0.988815426826477,-0.030844829976558685,0.1459200084209442,5.510110855102539,-0.0289179515093565,0.9994645714759827,0.015308366157114506,49.15241622924805
-0.14569519460201263,0.011175463907420635,-0.9892663955688477,-137.4940643310547,-0.9888872504234314,-0.031542010605335236,0.1452830284833908,5.39454460144043,-0.02957984432578087,0.9994399547576904,0.015646792948246002,49.130672454833984
-0.14507633447647095,0.011433972977101803,-0.9893543720245361,-137.37588500976562,-0.9889581799507141,-0.03223901614546776,0.14464564621448517,5.279068470001221,-0.030241938307881355,0.9994148015975952,0.01598483882844448,49.10881805419922
-0.14445750415325165,0.011692849919199944,-0.9894419312477112,-137.2576446533203,-0.98902827501297,-0.03293583169579506,0.14400789141654968,5.16368293762207,-0.03090423159301281,0.9993890523910522,0.016322387382388115,49.08685302734375
-0.1438388228416443,0.01195220835506916,-0.9895289540290833,-137.1393280029297,-0.989097535610199,-0.03363247215747833,0.1433698832988739,5.04838752746582,-0.031566716730594635,0.9993628263473511,0.016659555956721306,49.064781188964844
-0.14322039484977722,0.012211926281452179,-0.9896154999732971,-137.0209503173828,-0.9891659021377563,-0.034328922629356384,0.142731711268425,4.933182716369629,-0.032229404896497726,0.9993360042572021,0.016996223479509354,49.042598724365234
-0.1426021009683609,0.01247212290763855,-0.989701509475708,-136.90249633789062,-0.9892334342002869,-0.035025205463171005,0.14209327101707458,4.818068504333496,-0.032892294228076935,0.9993085861206055,0.01733250916004181,49.02030563354492
-0.1419837325811386,0.012732692062854767,-0.9897871017456055,-136.7839813232422,-0.9893000721931458,-0.03572128340601921,0.14145435392856598,4.703044891357422,-0.033555369824171066,0.9992806911468506,0.01766829378902912,48.99790573120117
-0.14136561751365662,0.012993737123906612,-0.9898721575737,-136.6654052734375,-0.9893658757209778,-0.03641718253493309,0.14081527292728424,4.5881123542785645,-0.03421863541007042,0.999252200126648,0.01800369843840599,48.97539520263672
-0.14074765145778656,0.013255144469439983,-0.989956796169281,-136.5467529296875,-0.989430844783783,-0.03711288049817085,0.1401759386062622,4.473270893096924,-0.03488209471106529,0.9992231726646423,0.018338598310947418,48.95277786254883
-0.14012981951236725,0.013517146930098534,-0.9900408387184143,-136.42803955078125,-0.9894948601722717,-0.03780842572450638,0.13953633606433868,4.3585205078125,-0.03554575517773628,0.9991936087608337,0.018673235550522804,48.930049896240234
-0.13951215147972107,0.01377950981259346,-0.9901244640350342,-136.3092498779297,-0.9895581007003784,-0.038503777235746384,0.13889649510383606,4.243861198425293,-0.03620960935950279,0.9991634488105774,0.019007369875907898,48.90721130371094
-0.13889461755752563,0.014042352326214314,-0.9902076125144958,-136.19039916992188,-0.9896204471588135,-0.039198942482471466,0.13825637102127075,4.129293441772461,-0.03687364608049393,0.9991327524185181,0.01934112049639225,48.8842658996582
-0.13827724754810333,0.014305553399026394,-0.9902902245521545,-136.0714874267578,-0.9896818995475769,-0.03989391028881073,0.13761600852012634,4.014816761016846,-0.03753787651658058,0.9991015195846558,0.01967436820268631,48.861209869384766
-0.13765978813171387,0.014569241553544998,-0.9903724193572998,-135.95249938964844,-0.9897425770759583,-0.04058869555592537,0.13697515428066254,3.9004318714141846,-0.038202300667762756,0.9990696907043457,0.02000723034143448,48.83804702758789
-0.13704247772693634,0.01483328826725483,-0.9904540777206421,-135.8334503173828,-0.989802360534668,-0.04128327965736389,0.13633403182029724,3.7861385345458984,-0.038866911083459854,0.9990373849868774,0.020339587703347206,48.81477355957031
-0.13642533123493195,0.015097693540155888,-0.990535318851471,-135.71432495117188,-0.9898613095283508,-0.041977658867836,0.13569267094135284,3.6719369888305664,-0.039531707763671875,0.9990044832229614,0.020671438425779343,48.79138946533203
-0.1358083337545395,0.0153626948595047,-0.9906160235404968,-135.5951385498047,-0.9899193644523621,-0.04267186298966408,0.13505105674266815,3.5578274726867676,-0.04019668325781822,0.9989710450172424,0.02100302465260029,48.76789855957031
-0.13519148528575897,0.01562805473804474,-0.9906962513923645,-135.47589111328125,-0.9899765253067017,-0.04336586594581604,0.13440918922424316,3.443809986114502,-0.04086184501647949,0.9989370107650757,0.021334102377295494,48.74429702758789
-0.1345748007297516,0.015893887728452682,-0.9907759428024292,-135.3565673828125,-0.9900329113006592,-0.04405968636274338,0.13376706838607788,3.3298845291137695,-0.04152720049023628,0.998902440071106,0.02166479453444481,48.72058868408203
-0.1339581459760666,0.016160082072019577,-0.9908552169799805,-135.2371826171875,-0.9900883436203003,-0.0447533093392849,0.13312458992004395,3.2160515785217285,-0.042192745953798294,0.9988673329353333,0.021994980052113533,48.69676971435547
-0.13334165513515472,0.016426751390099525,-0.9909340143203735,-135.11773681640625,-0.9901430010795593,-0.045446742326021194,0.13248185813426971,3.1023108959198,-0.04285847395658493,0.9988316893577576,0.022324776276946068,48.67284393310547
-0.13272520899772644,0.016693780198693275,-0.9910122752189636,-134.9982147216797,-0.9901967644691467,-0.04613997042179108,0.13183875381946564,2.9886627197265625,-0.04352438822388649,0.9987955093383789,0.022654065862298012,48.648807525634766
-0.1321089267730713,0.01696140319108963,-0.9910900592803955,-134.87863159179688,-0.9902496933937073,-0.04683302342891693,0.13119541108608246,2.8751072883605957,-0.04419048875570297,0.9987587332725525,0.022983083501458168,48.624664306640625
-0.13149279356002808,0.01722938008606434,-0.9911673665046692,-134.7589874267578,-0.9903017282485962,-0.04752587527036667,0.13055181503295898,2.7616446018218994,-0.04485676810145378,0.9987214207649231,0.023311594501137733,48.60041427612305
-0.13087671995162964,0.01749783381819725,-0.9912441968917847,-134.63926696777344,-0.9903529286384583,-0.048218533396720886,0.12990786135196686,2.6482746601104736,-0.04552323371171951,0.998683512210846,0.02363971434533596,48.576053619384766
-0.13026069104671478,0.017766648903489113,-0.9913206100463867,-134.5194854736328,-0.9904032945632935,-0.04891098290681839,0.12926355004310608,2.5349977016448975,-0.04618988558650017,0.9986451268196106,0.023967325687408447,48.55158615112305
-0.12964493036270142,0.018035929650068283,-0.991396427154541,-134.39964294433594,-0.990452766418457,-0.04960324242711067,0.12861911952495575,2.42181396484375,-0.04685671254992485,0.9986061453819275,0.024294545873999596,48.527008056640625
-0.12902934849262238,0.018305564299225807,-0.9914718270301819,-134.27972412109375,-0.990501344203949,-0.05029529705643654,0.12797445058822632,2.3087234497070312,-0.04752372205257416,0.9985666275024414,0.024621255695819855,48.502323150634766
-0.12841393053531647,0.018575668334960938,-0.9915466904640198,-134.1597442626953,-0.9905490875244141,-0.050987161695957184,0.12732954323291779,2.195726156234741,-0.048190921545028687,0.9985265135765076,0.024947572499513626,48.47753143310547
-0.12779855728149414,0.01884624734520912,-0.9916210770606995,-134.03970336914062,-0.9905959963798523,-0.05167883634567261,0.1266842633485794,2.082822322845459,-0.04885829985141754,0.9984859228134155,0.02527349814772606,48.45262908935547
-0.12718336284160614,0.01911718212068081,-0.991694986820221,-133.9196014404297,-0.9906420111656189,-0.05237029120326042,0.12603875994682312,1.9700121879577637,-0.049525849521160126,0.9984447360038757,0.025598913431167603,48.42761993408203
-0.12656821310520172,0.0193885900080204,-0.9917684197425842,-133.79942321777344,-0.9906871914863586,-0.05306155979633331,0.12539289891719818,1.8572957515716553,-0.05019358545541763,0.998403012752533,0.02592393383383751,48.402503967285156
-0.12595324218273163,0.0196603462100029,-0.9918413162231445,-133.67918395996094,-0.9907314777374268,-0.05375261977314949,0.12474680691957474,1.7446731328964233,-0.050861507654190063,0.9983606934547424,0.026248442009091377,48.37727737426758
-0.12533843517303467,0.019932573661208153,-0.9919137954711914,-133.5588836669922,-0.990774929523468,-0.054443493485450745,0.12410048395395279,1.6321444511413574,-0.05152960866689682,0.9983178973197937,0.02657255530357361,48.35194396972656
-0.12472368776798248,0.020205393433570862,-0.9919857382774353,-133.43850708007812,-0.9908175468444824,-0.05513416603207588,0.12345379590988159,1.519709825515747,-0.05219787359237671,0.9982745051383972,0.026896394789218903,48.32650375366211
-0.12410911172628403,0.020478563383221626,-0.9920572638511658,-133.3180694580078,-0.9908592700958252,-0.05582462623715401,0.12280687689781189,1.4073693752288818,-0.052866313606500626,0.9982305765151978,0.02721972018480301,48.30095291137695
-0.1234947144985199,0.020752083510160446,-0.9921281933784485,-133.19757080078125,-0.9909001588821411,-0.05651487782597542,0.12215974181890488,1.2951231002807617,-0.05353493615984917,0.9981860518455505,0.02754252962768078,48.27529525756836
-0.1228804886341095,0.021025950089097023,-0.9921987056732178,-133.07701110839844,-0.9909401535987854,-0.057204920798540115,0.12151237577199936,1.1829712390899658,-0.054203737527132034,0.9981410503387451,0.02786482684314251,48.24953079223633
-0.12226632982492447,0.021300289779901505,-0.9922687411308289,-132.9563751220703,-0.9909792542457581,-0.057894762605428696,0.12086465954780579,1.0709139108657837,-0.05487271025776863,0.9980954527854919,0.028186725452542305,48.22365951538086
-0.12165222316980362,0.02157510258257389,-0.9923382997512817,-132.83567810058594,-0.9910175800323486,-0.05858439952135086,0.12021659314632416,0.9589512348175049,-0.055541858077049255,0.998049259185791,0.028508229181170464,48.19767761230469
-0.12103830277919769,0.021850381046533585,-0.9924073219299316,-132.7149200439453,-0.9910550117492676,-0.05927383154630661,0.11956830322742462,0.847083330154419,-0.05621117353439331,0.9980025887489319,0.028829334303736687,48.17158889770508
-0.12042456120252609,0.022126007825136185,-0.9924758672714233,-132.59410095214844,-0.9910915493965149,-0.05996304750442505,0.11891978979110718,0.7353102564811707,-0.056880660355091095,0.997955322265625,0.029149923473596573,48.14539337158203
-0.11981099843978882,0.022402096539735794,-0.9925439357757568,-132.47320556640625,-0.9911272525787354,-0.060652073472738266,0.11827105283737183,0.6236321926116943,-0.057550329715013504,0.9979075193405151,0.029470115900039673,48.11909103393555
-0.11919751018285751,0.022678541019558907,-0.9926115274429321,-132.3522491455078,-0.991162121295929,-0.06134087219834328,0.11762198060750961,0.5120491981506348,-0.058220162987709045,0.9978591799736023,0.029789790511131287,48.092681884765625
-0.11858407407999039,0.022955454885959625,-0.9926786422729492,-132.23123168945312,-0.9911961555480957,-0.062029462307691574,0.11697256565093994,0.40056145191192627,-0.05889016017317772,0.9978103041648865,0.030109064653515816,48.066162109375
