-0.05440758541226387,-0.16490474343299866,-0.9848077297210693,-142.74038696289062,-0.9985188245773315,0.008985418826341629,0.05366048216819763,4.683014392852783,4.129375597017315e-08,0.9862685799598694,-0.16514936089515686,41.74253463745117
-0.057240456342697144,-0.16794320940971375,-0.9841334223747253,-142.59414672851562,-0.9983603954315186,0.009404262527823448,0.056463100016117096,4.754718780517578,-0.00022754471865482628,0.9857518076896667,-0.16820615530014038,41.707191467285156
-0.0600721538066864,-0.17097902297973633,-0.9834416508674622,-142.4475860595703,-0.9981939196586609,0.009831763803958893,0.05926394462585449,4.826009750366211,-0.00046392501099035144,0.9852256178855896,-0.17126083374023438,41.67230987548828
-0.06290264427661896,-0.17401181161403656,-0.9827324748039246,-142.30072021484375,-0.9980193972587585,0.010267900303006172,0.06206300109624863,4.896886348724365,-0.0007090958533808589,0.9846900105476379,-0.17431305348873138,41.63788604736328
-0.06573179364204407,-0.1770416647195816,-0.9820058941841125,-142.15354919433594,-0.9978368878364563,0.010712656192481518,0.06486012041568756,4.967347621917725,-0.0009630523854866624,0.9841450452804565,-0.177362859249115,41.60392379760742
-0.06855957955121994,-0.18006855249404907,-0.9812619090080261,-142.00607299804688,-0.9976462721824646,0.011166030541062355,0.0676552876830101,5.037392616271973,-0.0012257901253178716,0.9835906624794006,-0.1804102659225464,41.5704231262207
-0.07138609141111374,-0.18309244513511658,-0.9805004596710205,-141.85829162597656,-0.9974476099014282,0.011628041975200176,0.07044859230518341,5.107020378112793,-0.0014973048819229007,0.983026921749115,-0.1834552139043808,41.537384033203125
-0.07421118766069412,-0.18611319363117218,-0.9797216653823853,-141.71022033691406,-0.9972409605979919,0.012098659761250019,0.07323989272117615,5.176230430603027,-0.0017775915330275893,0.9824538230895996,-0.1864975541830063,41.50481033325195
-0.07703472673892975,-0.18913088738918304,-0.9789255261421204,-141.5618438720703,-0.997026264667511,0.012577870860695839,0.07602905482053757,5.245021343231201,-0.0020666448399424553,0.9818713068962097,-0.1895373910665512,41.47269821166992
-0.07985668629407883,-0.19214537739753723,-0.978111982345581,-141.41317749023438,-0.9968035221099854,0.013065661303699017,0.07881604880094528,5.313392639160156,-0.0023644601460546255,0.9812794923782349,-0.19257457554340363,41.4410514831543
-0.08267716318368912,-0.195156529545784,-0.9772811532020569,-141.26422119140625,-0.9965727925300598,0.013562044128775597,0.08160097151994705,5.381343364715576,-0.0026710322126746178,0.9806783199310303,-0.1956089586019516,41.409873962402344
-0.08549601584672928,-0.19816452264785767,-0.9764329195022583,-141.11497497558594,-0.9963340163230896,0.014067013747990131,0.08438368141651154,5.4488725662231445,-0.0029863559175282717,0.9800678491592407,-0.19864073395729065,41.3791618347168
-0.08831321448087692,-0.2011692225933075,-0.9755674004554749,-140.96543884277344,-0.9960872530937195,0.0145805599167943,0.08716415613889694,5.515979766845703,-0.0033104263711720705,0.9794479608535767,-0.20166975259780884,41.34891891479492
-0.09112861752510071,-0.2041703760623932,-0.9746845960617065,-140.8156280517578,-0.9958324432373047,0.015102636069059372,0.08994225412607193,5.582663536071777,-0.0036432361230254173,0.9788188934326172,-0.20469576120376587,41.31914520263672
-0.09394221007823944,-0.20716805756092072,-0.9737845063209534,-140.66552734375,-0.9955697059631348,0.015633251518011093,0.09271795302629471,5.648923397064209,-0.003984780050814152,0.978180468082428,-0.2077188491821289,41.28984069824219
-0.09675395488739014,-0.2101622372865677,-0.9728671312332153,-140.51515197753906,-0.9952988624572754,0.01617240160703659,0.09549122303724289,5.71475887298584,-0.0043350509367883205,0.9775327444076538,-0.21073898673057556,41.26100540161133
-0.0995638445019722,-0.2131529003381729,-0.9719325304031372,-140.364501953125,-0.9950200915336609,0.016720088198781013,0.09826205670833588,5.780168533325195,-0.004694044124335051,0.9768757820129395,-0.21375612914562225,41.232643127441406
-0.10237184166908264,-0.2161400020122528,-0.970980703830719,-140.2135772705078,-0.9947333335876465,0.017276305705308914,0.10103040933609009,5.845151901245117,-0.00506175309419632,0.9762095212936401,-0.2167702615261078,41.20475387573242
-0.10517780482769012,-0.21912327408790588,-0.9700116515159607,-140.06239318847656,-0.9944385886192322,0.017841005697846413,0.10379616171121597,5.909708023071289,-0.005438170395791531,0.9755340814590454,-0.21978111565113068,41.177337646484375
-0.107981838285923,-0.22210294008255005,-0.9690253734588623,-139.9109344482422,-0.9941357970237732,0.01841423660516739,0.1065593883395195,5.973836421966553,-0.005823289975523949,0.9748493432998657,-0.22278888523578644,41.150394439697266
-0.11078379303216934,-0.22507883608341217,-0.9680219292640686,-139.75921630859375,-0.9938250780105591,0.01899595744907856,0.10931996256113052,6.037536144256592,-0.0062171053141355515,0.9741553664207458,-0.22579343616962433,41.123924255371094
-0.1135835200548172,-0.2280508279800415,-0.9670013189315796,-139.60723876953125,-0.9935063719749451,0.019586127251386642,0.1120777353644371,6.10080623626709,-0.006619608961045742,0.9734522104263306,-0.2287946194410324,41.097930908203125
-0.11638101190328598,-0.23101887106895447,-0.9659636616706848,-139.4550018310547,-0.9931797385215759,0.02018474042415619,0.11483269184827805,6.163646221160889,-0.00703079579398036,0.9727398753166199,-0.2317923903465271,41.07241439819336
-0.11917634308338165,-0.23398306965827942,-0.96490877866745,-139.30250549316406,-0.9928451180458069,0.020791836082935333,0.11758492141962051,6.226055145263672,-0.007450655568391085,0.972018301486969,-0.23478685319423676,41.0473747253418
-0.12196938693523407,-0.23694327473640442,-0.9638367891311646,-139.14974975585938,-0.9925025701522827,0.02140737511217594,0.12033427506685257,6.288032054901123,-0.007879181765019894,0.9712876081466675,-0.23777785897254944,41.02281188964844
-0.12476011365652084,-0.23989932239055634,-0.9627477526664734,-138.9967498779297,-0.9921520948410034,0.022031337022781372,0.12308074533939362,6.349576473236084,-0.00831636693328619,0.9705477356910706,-0.24076524376869202,40.99872589111328
-0.12754838168621063,-0.24285131692886353,-0.9616416692733765,-138.843505859375,-0.9917936325073242,0.02266370877623558,0.12582416832447052,6.4106879234313965,-0.00876220129430294,0.969798743724823,-0.24374911189079285,40.975120544433594
-0.13033416867256165,-0.2457992285490036,-0.960518479347229,-138.69000244140625,-0.9914273023605347,0.02330448478460312,0.12856455147266388,6.471365451812744,-0.009216680191457272,0.96904057264328,-0.24672943353652954,40.951995849609375
-0.13311767578125,-0.24874289333820343,-0.9593782424926758,-138.53627014160156,-0.9910529851913452,0.02395370788872242,0.13130207359790802,6.5316081047058105,-0.009679793380200863,0.9682732820510864,-0.24970604479312897,40.929351806640625
-0.1358986645936966,-0.251682311296463,-0.9582210183143616,-138.38229370117188,-0.9906707406044006,0.02461131289601326,0.13403649628162384,6.5914154052734375,-0.010151536203920841,0.967496931552887,-0.25267893075942993,40.907188415527344
-0.1386769562959671,-0.254617303609848,-0.9570468664169312,-138.2280731201172,-0.9902805685997009,0.025277256965637207,0.1367676705121994,6.650786876678467,-0.010631896555423737,0.9667114615440369,-0.2556479573249817,40.88550567626953
-0.14145268499851227,-0.2575479745864868,-0.9558557271957397,-138.07362365722656,-0.9898825287818909,0.025951581075787544,0.13949570059776306,6.709721565246582,-0.011120866984128952,0.9659169316291809,-0.2586131691932678,40.86430740356445
-0.1442258059978485,-0.2604742646217346,-0.9546476006507874,-137.9189453125,-0.9894766211509705,0.02663428522646427,0.14222054183483124,6.768218517303467,-0.011618438176810741,0.9651133418083191,-0.26157456636428833,40.84359359741211
-0.1469961702823639,-0.26339608430862427,-0.9534226059913635,-137.7640380859375,-0.9890627264976501,0.02732531726360321,0.14494207501411438,6.826277256011963,-0.012124602682888508,0.9643006920814514,-0.2645319700241089,40.8233642578125
-0.14976364374160767,-0.266313374042511,-0.9521806836128235,-137.60890197753906,-0.9886410236358643,0.028024639934301376,0.14766015112400055,6.883897304534912,-0.012639353983104229,0.9634789824485779,-0.2674854099750519,40.803619384765625
-0.152528315782547,-0.2692261040210724,-0.950921893119812,-137.4535369873047,-0.988211452960968,0.028732286766171455,0.1503748595714569,6.941077709197998,-0.013162678107619286,0.962648332118988,-0.27043479681015015,40.784358978271484
-0.1552901715040207,-0.27213433384895325,-0.9496461749076843,-137.29795837402344,-0.9877739548683167,0.02944827266037464,0.15308618545532227,6.9978179931640625,-0.013694565743207932,0.9618085622787476,-0.27338024973869324,40.765586853027344
-0.1580490618944168,-0.27503782510757446,-0.94835364818573,-137.14215087890625,-0.9873286485671997,0.030172524973750114,0.1557939648628235,7.054117679595947,-0.014235012233257294,0.9609598517417908,-0.2763214707374573,40.74729919433594
-0.16080495715141296,-0.27793657779693604,-0.9470443725585938,-136.9861297607422,-0.9868754744529724,0.030905041843652725,0.15849819779396057,7.109975814819336,-0.014784002676606178,0.9601021409034729,-0.27925845980644226,40.72949981689453
-0.1635579615831375,-0.2808307409286499,-0.9457181692123413,-136.82989501953125,-0.9864144325256348,0.031645894050598145,0.16119897365570068,7.16539192199707,-0.015341528691351414,0.959235429763794,-0.2821914255619049,40.712188720703125
-0.16630780696868896,-0.2837199568748474,-0.9443752765655518,-136.6734619140625,-0.9859455823898315,0.03239494934678078,0.16389600932598114,7.220365524291992,-0.01590758003294468,0.9583598375320435,-0.2851199805736542,40.69536590576172
-0.16905458271503448,-0.2866043150424957,-0.9430156350135803,-136.51681518554688,-0.985468864440918,0.0331522598862648,0.16658943891525269,7.274895668029785,-0.016482150182127953,0.9574752449989319,-0.28804418444633484,40.67903518676758
-0.17179815471172333,-0.2894836664199829,-0.9416393041610718,-136.35997009277344,-0.9849843382835388,0.03391777351498604,0.169279083609581,7.328981876373291,-0.017065223306417465,0.9565818309783936,-0.29096391797065735,40.66319274902344
-0.1745384782552719,-0.29235801100730896,-0.9402462840080261,-136.2029266357422,-0.9844920039176941,0.03469147905707359,0.17196495831012726,7.382623672485352,-0.01765679568052292,0.9556794762611389,-0.29387912154197693,40.64784240722656
-0.17727555334568024,-0.29522737860679626,-0.9388366341590881,-136.04568481445312,-0.9839919209480286,0.03547339141368866,0.1746470034122467,7.43582010269165,-0.018256856128573418,0.9547682404518127,-0.29678991436958313,40.63298416137695
-0.18000946938991547,-0.2980916500091553,-0.9374102354049683,-135.88824462890625,-0.9834839701652527,0.03626353293657303,0.1773253083229065,7.488570690155029,-0.01886538788676262,0.9538481831550598,-0.299696147441864,40.61861801147461
-0.18273994326591492,-0.3009507954120636,-0.9359672665596008,-135.73060607910156,-0.9829682111740112,0.03706182539463043,0.17999964952468872,7.540875434875488,-0.019482381641864777,0.9529192447662354,-0.3025977611541748,40.60474395751953
-0.1854669749736786,-0.30380478501319885,-0.9345077276229858,-135.57278442382812,-0.9824447631835938,0.03786826133728027,0.1826699674129486,7.592732906341553,-0.020107831805944443,0.9519814252853394,-0.3054947257041931,40.59136199951172
-0.1881905347108841,-0.30665358901023865,-0.9330315589904785,-135.41476440429688,-0.9819135069847107,0.03868284076452255,0.18533626198768616,7.644143104553223,-0.020741721615195274,0.9510347843170166,-0.30838704109191895,40.57847213745117
-0.1909106969833374,-0.3094971776008606,-0.9315388202667236,-135.25656127929688,-0.9813744425773621,0.03950559347867966,0.18799860775470734,7.69510555267334,-0.021384045481681824,0.9500793814659119,-0.3112746477127075,40.566078186035156
-0.19362732768058777,-0.31233537197113037,-0.9300296306610107,-135.09817504882812,-0.9808276891708374,0.04033645614981651,0.1906568855047226,7.745619297027588,-0.022034790366888046,0.9491151571273804,-0.3141574263572693,40.55418014526367
-0.19634029269218445,-0.3151683211326599,-0.9285038709640503,-134.9396209716797,-0.9802731871604919,0.041175421327352524,0.1933109164237976,7.795683860778809,-0.0226939395070076,0.9481421113014221,-0.317035436630249,40.54277420043945
-0.19904956221580505,-0.31799569725990295,-0.9269617199897766,-134.7808837890625,-0.9797109365463257,0.042022429406642914,0.19596071541309357,7.845298767089844,-0.023361485451459885,0.9471604228019714,-0.31990841031074524,40.531864166259766
-0.20175522565841675,-0.3208175301551819,-0.9254031181335449,-134.62197875976562,-0.9791409373283386,0.04287751391530037,0.19860635697841644,7.894463539123535,-0.024037417024374008,0.9461699724197388,-0.32277634739875793,40.52145004272461
-0.2044571340084076,-0.3236338794231415,-0.923828125,-134.46290588378906,-0.9785633087158203,0.0437406525015831,0.2012477070093155,7.943177700042725,-0.024721728637814522,0.9451708197593689,-0.3256393074989319,40.51153564453125
-0.2071552723646164,-0.32644468545913696,-0.9222367405891418,-134.3036651611328,-0.9779779314994812,0.0446118488907814,0.20388473570346832,7.991440773010254,-0.025414401665329933,0.9441629648208618,-0.3284972608089447,40.50211715698242
-0.2098494917154312,-0.3292498290538788,-0.9206289649009705,-134.14425659179688,-0.9773848652839661,0.04549102857708931,0.206517294049263,8.039252281188965,-0.026115424931049347,0.9431464076042175,-0.33135008811950684,40.49319839477539
-0.21253976225852966,-0.33204931020736694,-0.9190049767494202,-133.98468017578125,-0.9767841696739197,0.046378202736377716,0.20914536714553833,8.0866117477417,-0.026824774220585823,0.9421212077140808,-0.3341977000236511,40.48477554321289
-0.21522630751132965,-0.3348430395126343,-0.9173645973205566,-133.824951171875,-0.9761757254600525,0.047273438423871994,0.21176914870738983,8.13351821899414,-0.027542445808649063,0.9410873055458069,-0.33704012632369995,40.47685241699219
-0.21790874004364014,-0.3376310169696808,-0.9157079458236694,-133.66505432128906,-0.975559651851654,0.0481766015291214,0.21438828110694885,8.179971694946289,-0.02826843410730362,0.9400448799133301,-0.33987730741500854,40.46942901611328
-0.2205871343612671,-0.34041309356689453,-0.9140351414680481,-133.5050048828125,-0.9749359488487244,0.049087706953287125,0.21700285375118256,8.225972175598145,-0.029002720490098,0.9389938116073608,-0.3427090644836426,40.46250534057617
-0.2232614904642105,-0.3431893289089203,-0.9123460650444031,-133.34481811523438,-0.9743046164512634,0.05000678449869156,0.21961283683776855,8.27151870727539,-0.02974528819322586,0.9379341006278992,-0.345535546541214,40.45608139038086
-0.22593165934085846,-0.3459596335887909,-0.9106408953666687,-133.18447875976562,-0.973665714263916,0.050933752208948135,0.2222180962562561,8.316610336303711,-0.030496129766106606,0.9368658661842346,-0.34835657477378845,40.450157165527344
-0.2285977154970169,-0.3487239181995392,-0.9089195132255554,-133.02398681640625,-0.9730191230773926,0.051868654787540436,0.22481870651245117,8.361247062683105,-0.03125522658228874,0.9357891082763672,-0.3511720895767212,40.444732666015625
-0.23125965893268585,-0.3514823019504547,-0.907181978225708,-132.8633575439453,-0.9723649024963379,0.05281151831150055,0.22741463780403137,8.405428886413574,-0.03202255815267563,0.9347037672996521,-0.35398221015930176,40.43981170654297
-0.2339172065258026,-0.354234516620636,-0.9054284691810608,-132.7025909423828,-0.9717031717300415,0.05376218259334564,0.2300056517124176,8.4491548538208,-0.03279813006520271,0.9336099624633789,-0.35678669810295105,40.43539047241211
-0.2365705668926239,-0.3569806218147278,-0.9036588072776794,-132.54168701171875,-0.9710338115692139,0.054720763117074966,0.23259195685386658,8.492424964904785,-0.033581919968128204,0.9325076341629028,-0.35958555340766907,40.43147277832031
-0.23921948671340942,-0.3597206175327301,-0.9018731117248535,-132.38064575195312,-0.9703568816184998,0.05568717047572136,0.2351732701063156,8.535238265991211,-0.03437391296029091,0.9313967823982239,-0.3623788356781006,40.42805862426758
-0.24186407029628754,-0.362454354763031,-0.9000714421272278,-132.219482421875,-0.9696723818778992,0.05666141211986542,0.23774971067905426,8.577594757080078,-0.03517409786581993,0.9302775859832764,-0.3651663362979889,40.425148010253906
-0.2445041388273239,-0.3651817739009857,-0.898253858089447,-132.0581817626953,-0.9689803719520569,0.05764343589544296,0.24032112956047058,8.61949348449707,-0.03598245978355408,0.929149866104126,-0.367948055267334,40.4227409362793
-0.24713970720767975,-0.3679029941558838,-0.8964203000068665,-131.89675903320312,-0.9682808518409729,0.05863327533006668,0.2428874969482422,8.660934448242188,-0.036798980087041855,0.9280137419700623,-0.37072405219078064,40.42083740234375
-0.24977071583271027,-0.3706178665161133,-0.8945708274841309,-131.73521423339844,-0.9675738215446472,0.05963088944554329,0.2454487830400467,8.70191764831543,-0.03762364760041237,0.9268692135810852,-0.3734941780567169,40.419437408447266
-0.2523970305919647,-0.37332621216773987,-0.8927055597305298,-131.57354736328125,-0.9668592810630798,0.06063620001077652,0.24800486862659454,8.74244213104248,-0.038456447422504425,0.9257163405418396,-0.37625831365585327,40.418540954589844
-0.25501877069473267,-0.3760281503200531,-0.8908244967460632,-131.41177368164062,-0.9661372303962708,0.06164927035570145,0.2505558133125305,8.78250789642334,-0.03929736092686653,0.9245551228523254,-0.3790165185928345,40.41815185546875
-0.25763586163520813,-0.3787236213684082,-0.8889275193214417,-131.2498779296875,-0.9654077291488647,0.06267010420560837,0.2531016170978546,8.822113990783691,-0.04014637693762779,0.9233855605125427,-0.38176876306533813,40.41826629638672
-0.26024818420410156,-0.3814125061035156,-0.8870148658752441,-131.08787536621094,-0.964670717716217,0.06369861215353012,0.2556420862674713,8.861260414123535,-0.041003480553627014,0.9222076535224915,-0.3845149278640747,40.41888427734375
-0.262855589389801,-0.38409489393234253,-0.8850864768028259,-130.92576599121094,-0.9639263153076172,0.06473476439714432,0.25817716121673584,8.899947166442871,-0.0418686643242836,0.9210214614868164,-0.38725507259368896,40.42000961303711
-0.2654583752155304,-0.38677045702934265,-0.883142352104187,-130.7635498046875,-0.9631744027137756,0.06577865034341812,0.2607071101665497,8.938173294067383,-0.04274189844727516,0.9198270440101624,-0.3899889290332794,40.4216423034668
-0.26805633306503296,-0.3894393742084503,-0.8811826109886169,-130.60122680664062,-0.9624150991439819,0.06683018058538437,0.26323166489601135,8.97593879699707,-0.0436231829226017,0.9186243414878845,-0.39271658658981323,40.42377853393555
-0.2706493139266968,-0.3921014368534088,-0.8792072534561157,-130.43881225585938,-0.9616483449935913,0.06788929551839828,0.2657507359981537,9.013243675231934,-0.04451248049736023,0.9174134731292725,-0.39543789625167847,40.426422119140625
-0.2732372581958771,-0.394756942987442,-0.8772162795066833,-130.27630615234375,-0.9608742594718933,0.06895606219768524,0.2682642340660095,9.050087928771973,-0.04540979489684105,0.9161943197250366,-0.398153156042099,40.42957305908203
-0.27582013607025146,-0.3974054753780365,-0.8752097487449646,-130.1136932373047,-0.9600927829742432,0.07003035396337509,0.27077218890190125,9.086470603942871,-0.04631510376930237,0.9149670004844666,-0.4008618891239166,40.433231353759766
-0.27839815616607666,-0.4000471532344818,-0.8731876611709595,-129.9510040283203,-0.9593038558959961,0.07111231237649918,0.2732747793197632,9.122391700744629,-0.04722839221358299,0.9137315154075623,-0.40356430411338806,40.43739700317383
-0.28097087144851685,-0.4026818871498108,-0.8711501955986023,-129.78822326660156,-0.9585076570510864,0.07220172137022018,0.27577152848243713,9.15785026550293,-0.04814964905381203,0.9124879240989685,-0.40626025199890137,40.44207000732422
-0.2835385501384735,-0.40530961751937866,-0.8690972328186035,-129.62535095214844,-0.9577041268348694,0.07329870760440826,0.278262734413147,9.192846298217773,-0.04907885193824768,0.9112362265586853,-0.40894967317581177,40.44725036621094
-0.28610095381736755,-0.4079302251338959,-0.8670289516448975,-129.46240234375,-0.9568932056427002,0.07440315186977386,0.2807481586933136,9.22737979888916,-0.050015971064567566,0.9099764227867126,-0.4116324782371521,40.45294189453125
-0.28865817189216614,-0.4105437397956848,-0.8649452328681946,-129.29937744140625,-0.9560750126838684,0.07551512122154236,0.2832278907299042,9.26145076751709,-0.05096099525690079,0.9087085723876953,-0.41430866718292236,40.45914077758789
-0.2912100553512573,-0.4131501019001007,-0.8628462553024292,-129.1362762451172,-0.9552494883537292,0.07663451135158539,0.28570178151130676,9.295058250427246,-0.051913920789957047,0.9074327349662781,-0.4169781804084778,40.46584701538086
-0.2937568128108978,-0.415749192237854,-0.8607319593429565,-128.9730987548828,-0.9544166922569275,0.07776140421628952,0.2881700396537781,9.328203201293945,-0.05287473648786545,0.9061488509178162,-0.4196408987045288,40.47306442260742
-0.296298086643219,-0.41834113001823425,-0.8586024045944214,-128.80984497070312,-0.9535766243934631,0.078895702958107,0.29063230752944946,9.360883712768555,-0.05384340509772301,0.9048569798469543,-0.4222969710826874,40.48078918457031
