1.000000023268969,-2.268977786340576e-09,2.255845177323579e-09,0.0,-2.268977786340576e-09,1.0000000283856905,2.0486127344634227e-10,0.0,2.255845177323579e-09,2.0486127344634227e-10,1.0000000239742453,0.0
0.9999911776495052,-0.0028359225274227325,0.0031001270013356064,0.13433391922814053,0.0028351519710330575,0.9999959635589459,0.00025290794953560235,-0.07955476039000775,-0.0031008318059572992,-0.0002441162680509295,0.9999951686595504,0.05832927262524379
0.99996468858631,-0.005672571302639191,0.0061996595055437975,0.26908181846999923,0.005669485782078136,0.9999838001777841,0.0005146047569093157,-0.158714149360355,-0.006202474814336334,-0.00047943801112125886,0.9999806655245838,0.11625986092064977
0.9999205573777983,-0.008509914960389425,0.009298231699596371,0.4042280919319978,0.008502981042108533,0.9999635364180486,0.0007850885767524833,-0.23747638445557273,-0.009304579053513368,-0.0007059631741406849,0.9999564529367013,0.17379301952475146
0.9998587834106867,-0.011347817426568933,0.012395920938917976,0.539773420783547,0.011335488960226497,0.9999352244994737,0.001064338735612359,-0.31584051341374586,-0.012407189952061415,-0.0009236738996873592,0.9999226042834628,0.2309249946906391
0.999779368346289,-0.014186262345639817,0.015492707667644934,0.6757178561992703,0.014166994657342679,0.9998987441732355,0.001352355925020682,-0.39380558397311693,-0.01551032234042074,-0.0011325719934442355,0.9998790558557674,0.2876557949874865
0.9996822484394423,-0.017025333875727477,0.01858855369205517,0.8120614493538199,0.01699759065093918,0.9998541598201114,0.001649160365309842,-0.47137064387192895,-0.01861392645813259,-0.0013326757968754668,0.9998258616926256,0.34398542898443907
0.9995675088829707,-0.019864888562079738,0.021683310615179224,0.9487898288558938,0.01982712910376563,0.9998015232544673,0.0019547294757188004,-0.5485343867852754,-0.02171783695353391,-0.0015239664822608648,0.9997629969451608,0.3999076224033473
0.9994351597068636,-0.022704789327546465,0.02477707562970538,1.0859174684460413,0.022655476104016685,0.9997407672579497,0.002269045372629101,-0.6252962145145475,-0.024822157907492898,-0.0017064264078424096,0.9996904174536615,0.45542866666070836
0.9992851160036265,-0.02554501339092293,0.027869681550880127,1.223429996732932,0.02548260513645108,0.9996718906144547,0.002592102214250988,-0.7016548207348401,-0.027926752451413656,-0.0018800564803828218,0.9996082160922576,0.5105422874783301
0.9991174757597394,-0.028385652074690654,0.03096100684901698,1.361328094886062,0.028308606429257796,0.9995949581101274,0.0029239203164164403,-0.7776092531842376,-0.031031453091342337,-0.0020448773033333034,0.999516312076468,0.5652447311093454
0.9989321459726637,-0.031226568320925414,0.03405121747794035,1.4996111840851825,0.031133345116979818,0.9995099025266146,0.0032644843706298578,-0.8531585596011406,-0.03413647181255358,-0.0022008711201190606,0.999414793629537,0.6195397684389548
0.9987292182320513,-0.03406772877416731,0.03714020050225228,1.6382799199124634,0.03395679239508644,0.9994167817588037,0.0036137914441476183,-0.9283022638545124,-0.03724164219223894,-0.002348037302927583,0.9993035209715869,0.67342364143569
0.9985086431060759,-0.03690899599197381,0.040227664577277555,1.777319352156411,0.036778806912212594,0.9993155285883413,0.003971808822319158,-1.003038107357848,-0.04034671566108303,-0.00248636039151956,0.9991826870553282,0.7268938467066022
0.9982704341608357,-0.03975034805679792,0.04331371310766896,1.9167445333777664,0.03959936634972702,0.9992062612372111,0.004338541750902085,-1.0773664441741375,-0.04345178059920815,-0.002615841909415495,0.9990521278922397,0.7799529047829736
0.9980145848752893,-0.04259175668492797,0.04639830665032396,2.0565404621903838,0.04241844094944858,0.9990887991294932,0.004713987201650726,-1.1512859679786331,-0.04655680788130648,-0.0027364844387930687,0.9989118973121242,0.8325983037026816
0.997741146165998,-0.045433204174696026,0.04948142078674528,2.1967078453510567,0.04523602002888563,0.9989633204088996,0.005098147845185063,-1.2247952503785415,-0.04966174365559467,-0.002848289736969073,0.998762051660634,0.8848262940034246
0.9974501131732341,-0.048274655960917956,0.052563021036414415,2.3372467084470827,0.04805205895076769,0.99882976353223,0.005491020534057426,-1.2978938152429835,-0.05276657362720516,-0.0029512586260751483,0.9986025247295548,0.9366368799697753
0.9971414352036592,-0.05111597140273724,0.05564282096726497,2.4781420756796706,0.050866438682363985,0.9986881207974908,0.005892571504472128,-1.3705798801163327,-0.055871034329435715,-0.0030453751102992865,0.9984333894252113,0.9880275539242049
0.996815148247215,-0.05395725542227131,0.05872106298702717,2.6194089996095613,0.053679233619132335,0.9985383383634757,0.006302836952433457,-1.4428537990615795,-0.05897531614793264,-0.003130662896591585,0.9982545654694621,1.0390008363979888
0.9964712820581314,-0.056798353798253653,0.061797573630556435,2.761032504437935,0.05649031404585773,0.9983805271555429,0.006721784878539764,-1.5147137896230973,-0.062079278122775444,-0.003207102770824366,0.9980660842502956,1.0895542197135981
0.9961098040312011,-0.05963912175085237,0.06487220878226563,2.903013271334231,0.05929953117163441,0.9982146195499707,0.007149381661917002,-1.586158899538971,-0.06518277462742497,-0.0032746780441222367,0.9978679820702444,1.1396839501241374
0.9957308233822986,-0.062479547898323815,0.06794492411796726,3.045351325885804,0.06210686363148098,0.9980406746577513,0.007585624155115038,-1.657188652678322,-0.06828574204795582,-0.0033333920042144805,0.9976602515072821,1.1893900319141935
0.9953341860381208,-0.06531970712109499,0.07101583430374059,3.18804671926722,0.0649124104287759,0.9978586370162058,0.008030545740594074,-1.7278020967793928,-0.07138831194410453,-0.0033832675769107368,0.9974428513275949,1.238672473652926
0.9949199767916903,-0.06815947040848144,0.07408477080550119,3.33109950265316,0.06771601628672382,0.9976685592504372,0.008484115468100047,-1.7979982795804257,-0.07449031903115463,-0.0034242897695642704,0.9972158741793686,1.2875312839094946
0.9944882268722304,-0.07099880718046711,0.07715158094489727,3.4744946746574783,0.07051767052282817,0.9974704397389728,0.008946321796984928,-1.8677758947566734,-0.07759159188494608,-0.0034564610159042997,0.9969792340623177,1.3359639507217906
0.9940389447105233,-0.07383757961009113,0.08021635690205786,3.6182328908623163,0.07331720946710372,0.9972642112634597,0.009417146032889137,-1.937134466177099,-0.0806922348541334,-0.0034797681520269963,0.9967330068463792,1.3839667160583389
0.9935720670854216,-0.07667575851932082,0.0832790788712432,3.762329229415684,0.07611464380203903,0.9970499916405132,0.0098965842176288,-2.0060738717738147,-0.0837922283077645,-0.0034942110135496862,0.9964771287806107,1.4315421047350014
0.9930876352211921,-0.07951354672261632,0.08633957788507834,3.9067536875454607,0.07891014883376202,0.996827672782353,0.0103846880466833,-2.074591498897324,-0.08689139914801464,-0.0034998339486680963,0.9962116320061493,1.47868509282754
0.9925856925623768,-0.0823507054560674,0.08939784060162903,4.0515213178122735,0.08170348325388792,0.9965973012335597,0.010881392424031593,-2.142687701610619,-0.08998972499153884,-0.0034966016981258785,0.9959365747234009,1.5253982008672438
0.9920662676638003,-0.0851870566228341,0.09245369846835949,4.196632145803505,0.0844944950285668,0.9963588672652995,0.011386664301126916,-2.210362003782819,-0.0930870650792564,-0.0034844967156015816,0.9956518682739683,1.5716814331386857
0.991529314806324,-0.08802272786705234,0.09550724656396142,4.342071825715124,0.08728329155437503,0.9961124376905585,0.011900538920310792,-2.2776126229581406,-0.09618347239264502,-0.003463547929245525,0.9953575890131513,1.617528519648289
0.9909748315911373,-0.09085767362631267,0.09855842618931993,4.487840408721809,0.09006982819404272,0.9958580100771282,0.012423019524528024,-2.3444386068748266,-0.09927894733338422,-0.00343375715258315,0.9950537271118611,1.6629394689651988
0.9904028994886351,-0.09369175231919716,0.10160714649715041,4.633937920410801,0.09285397942895321,0.9955954572849274,0.012954058901380952,-2.4108394794019983,-0.10237329495587699,-0.003395108232311761,0.9947402673578387,1.7079142853740166
0.9898134567255021,-0.09652482120080405,0.10465334678932925,4.780364386369513,0.09563559971115292,0.99532495056641,0.01349362309608948,-2.4768147644087763,-0.10546655582123793,-0.0033475838760031462,0.9944171995872624,1.7524529731593077
0.9892065520329707,-0.09935696921110976,0.10769697982806886,4.927119857772482,0.09841477507223312,0.995046435269634,0.014041747208073494,-2.542363509633404,-0.10855863111773678,-0.0032912131408758816,0.9940846367592244,1.796555540890246
0.9885821455996604,-0.10218818333567625,0.11073813464309462,5.074189963228434,0.10119149387605358,0.9947598510675038,0.014598442873485539,-2.607484408750975,-0.1116496483807321,-0.0032260032905724323,0.9937424124781413,1.8402157142886608
0.9879402968098177,-0.10501830966085168,0.11377654300887291,5.221589125303296,0.10396558596672284,0.994465308885377,0.01516365052853388,-2.6721778158246385,-0.1147392954939297,-0.0031519332738967343,0.9933906631334946,1.8834397762018824
0.9872810643625574,-0.10784731957457533,0.11681221466912228,5.36930299819312,0.10673704810129607,0.9941627475854223,0.015737368313334735,-2.7364419483986095,-0.1178275626282409,-0.003069013408424248,0.9930293299223589,1.9262214566363198
0.9866043114109972,-0.11067531441603232,0.1198453001697466,5.5173316074851755,0.10950597928315607,0.9938521728427933,0.016319658796203406,-2.8002763303420095,-0.1209146842192319,-0.002977269161867857,0.9926584380534487,1.96856075987656
0.9859101935752821,-0.113502025148911,0.12287542053223743,5.665659951793373,0.11227208383779838,0.9935336295805987,0.016910409382880392,-2.8636796553300905,-0.12400024138429405,-0.002876665871632045,0.9922780449363068,2.0104551739604872
0.9851986691963974,-0.11632754194364642,0.12590268629121737,5.814303739260566,0.11503549891997993,0.993207063146896,0.017509667285768266,-2.9266518012948066,-0.1270843015336658,-0.002767225246661842,0.9918880482108154,2.0519034613879086
0.9844697676908782,-0.11915172691409148,0.12892691836927994,5.963247338505823,0.11779604273767144,0.9928725257614202,0.01811738853540679,-2.989191461911568,-0.13016673887259983,-0.002648940251016363,0.9914885991941922,2.0929068725127564
0.983723480014659,-0.12197453542068071,0.1319481358540605,6.112491405111314,0.12055373016996043,0.9925300149919625,0.018733561972483416,-3.051298161049338,-0.13324749448101464,-0.00252180718701589,0.9910795802136403,2.1334616493035625
0.9829598813557787,-0.12479596241931218,0.13496635905105103,6.262035990251604,0.12330849845754717,0.9921795903548832,0.019358200854613244,-3.112970946446359,-0.13632667663777098,-0.002385836541498043,0.9906610551037858,2.1735678003294936
0.982178834504456,-0.1276160995869543,0.13798146191775795,6.411881119514078,0.1260604433608549,0.991821137681881,0.019991333986318357,-3.174209341971752,-0.13940415723221622,-0.0022410606628566754,0.9902330631934791,2.2132253298751223
0.9813804937203141,-0.13043466336632403,0.14099342075037447,6.562026792898649,0.1288093319646973,0.9914547010853277,0.020632884873851322,-3.235013347625518,-0.14247984999929364,-0.0020874415126899137,0.9897955400790488,2.252434237940463
0.9805648508831046,-0.13325164643774945,0.14400220579954137,6.71245806019391,0.13155510475271334,0.9910803995979436,0.021282847699139566,-3.295380704821151,-0.14555372608148176,-0.0019249835310575225,0.9893484807790038,2.291192021132545
0.9797318472937127,-0.13606702307996915,0.14700777787203223,6.863189948373218,0.1342977649678478,0.9906981125655371,0.02194122408365302,-3.35531224375252,-0.14862579530786924,-0.001753699408176046,0.9888919391649882,2.329501195698086
0.9788815358056016,-0.1388808657440328,0.1500100993738276,7.014208086045329,0.13703738376260324,0.9903078440417897,0.02260804540704155,-3.41480665809472,-0.15169598839371318,-0.0015736069416114606,0.9884259693764322,2.3673554873588927
0.9780140077328352,-0.14169303380680132,0.15300900065293688,7.165512524384837,0.13977383561836543,0.9899097057627956,0.02328325816200969,-3.4738629955859937,-0.15476416917960495,-0.0013846958042476043,0.9879504825708356,2.404754904684154
0.9771291459256108,-0.14450339562514825,0.1560046280573456,7.3170876320108675,0.14250694847194692,0.9895036309155698,0.023966846801650458,-3.5324799499017496,-0.1578304177166283,-0.0011869609498231792,0.9874655032539735,2.4417006980277876
0.9762270829843662,-0.1473119206190575,0.15899662601250086,7.468949091478919,0.1452367274735922,0.9890896178786405,0.024658769645793038,-3.590657875104822,-0.1608944398457765,-0.0009804048120674036,0.9869711531888508,2.478191625605035
0.9753077642080039,-0.15011869499151353,0.16198504535440594,7.621081901402903,0.14796325026169585,0.988667671516425,0.025359058550922357,-3.6483954648704624,-0.1639562447266723,-0.0007650531570235763,0.9864673200188944,2.514225175453774
0.9743712509428764,-0.15292356467505713,0.16496993373910152,7.77348671736496,0.15068637968150592,0.9882379027542814,0.026067687955456213,-3.7056922430676345,-0.167015882521454,-0.0005408858520298265,0.9859540721585418,2.5497975895425213
0.9734175366679421,-0.15572651831559098,0.16795123266737355,7.926162934957546,0.15340608597484123,0.9878001917487547,0.026784664822111906,-3.762547733565617,-0.17007332410481374,-0.00030791988164324824,0.9854313998121775,2.5849126344719338
0.9724465936998281,-0.1585274041212259,0.17092882074297477,8.079111209762829,0.15612222035079729,0.9873545899088427,0.027509921241329227,-3.818961460233374,-0.17312845324330656,-6.614115997982672e-05,0.9848992826521585,2.6195665522105145
0.9714585825707722,-0.16132618554499994,0.17390268872193881,8.232330937373291,0.15883475820144602,0.9869011551294345,0.028243468372423194,-3.874932946940184,-0.17618115240427712,0.00018443188118844045,0.984357779565093,2.65376310935892
0.9704533425001096,-0.16412308849019264,0.17687276199747803,8.385807771984958,0.1615439026837925,0.9864397805388533,0.02898537803571829,-3.930460411230263,-0.1792314787274743,0.0004437576374969332,0.9838068176236788,2.6874960359235587
0.9694309618519172,-0.1669177240928852,0.179839003842154,8.539556740571243,0.1642492902137857,0.9859705640906777,0.02973551631939748,-3.98554468329748,-0.18227935698196862,0.0007118955579621389,0.9832465719814425,2.7207678481511195
0.9683915332910389,-0.16971016265082467,0.18280128799512096,8.693562816158732,0.16695100358006834,0.9854935098385896,0.030493906209917664,-4.040184932947966,-0.18532459034765864,0.0009888149855393769,0.982676900627179,2.753576029794914
0.9673349624292102,-0.17250040139547917,0.1857596747547008,8.847811022948633,0.16964901951035627,0.9850086177825895,0.03126057422251395,-4.094379377726094,-0.1883673457159789,0.0012744993866131704,0.9820978136577632,2.785918073177399
0.9662613886363376,-0.17528828915018885,0.18871405198706392,9.002316439088986,0.1723431943639981,0.9845159393316758,0.03203544338660385,-4.148127895563976,-0.19140741844613696,0.001568966521204307,0.9815094131655264,2.817796503114444
0.9651706886685396,-0.1780739026095287,0.1916643340423485,9.15707906457979,0.17503360902233067,0.9840153595068105,0.03281856320387443,-4.2014304864616125,-0.19444476874065586,0.001872184661122711,0.9809116848085151,2.8492113196060416
0.9640629393130622,-0.18085723519132357,0.19461064956175944,9.312084502442445,0.1777202304842343,0.9835069378243543,0.03360995322684599,-4.254286320224977,-0.19747950461061003,0.002184134134188831,0.9803045896930314,2.8801562440894486
0.9629382644989182,-0.18363800260079366,0.19755270611620412,9.46733217385676,0.1804028109554253,0.9829907779130388,0.03440946809854815,-4.306694444592468,-0.20051136356627086,0.002504868210924327,0.9796881997212015,2.9106350474498868
0.9617964993232118,-0.1864164129902932,0.20049057844539353,9.622822708817552,0.18308156847199752,0.982466772090452,0.03521721988898574,-4.358654859563929,-0.20354037322039986,0.0028343293735528796,0.9790624669735976,2.9406439673712867
0.9606377558353754,-0.18919221122925267,0.2034242617517067,9.778556158499441,0.18575621384535462,0.981934966090439,0.03603311932361901,-4.410166612877602,-0.2065665752449784,0.0031725452347268757,0.9784273906468607,2.9701830124228152
0.9594620646785104,-0.19196549819543518,0.20635358015615113,9.934517495929015,0.18842686286526283,0.9813953655881538,0.03685718194934756,-4.461228874339619,-0.20958975298811316,0.0035194875711308526,0.977783122593781,2.999249666357784
0.9582694765556967,-0.1947360921321648,0.20927850169200668,10.090721799254311,0.19109336349787776,0.9808480203711222,0.03768935893230872,-4.51184152188209,-0.21260989795964724,0.0038751717090563798,0.9771294761580784,3.0278464539920478
0.9570599410122815,-0.19750400463807372,0.21219912586927303,10.247154041501915,0.19375568922796674,0.9802929312500811,0.03852967726456037,-4.562003725311147,-0.215627079042644,0.0042395768205474305,0.9764665888715668,3.0559708590789114
0.9558334905390002,-0.20026917516835907,0.21511530374125332,10.403814222671826,0.19641380705439893,0.9797300949820866,0.039378104135967124,-4.6117154846267905,-0.21864113971033022,0.004612701712282341,0.9757944357933183,3.083622881618375
0.9545902164499167,-0.2030314691890951,0.2180268451690155,10.56070239393867,0.19906759145856007,0.9791595042705132,0.040234571160138635,-4.660975847567261,-0.22165194380329728,0.004994553803163493,0.975113045519316,3.1108025301795976
0.9533301317871139,-0.20579100102236503,0.22093387094910422,10.717804158323844,0.2017171019568125,0.9785811656012514,0.04109913508731763,-4.709783983938534,-0.22465954957216083,0.005385095064329715,0.9744224382767833,3.1375035261998363
0.9520531142305275,-0.20854769225017333,0.22383632258230546,10.875133963980574,0.20436234503504458,0.9779951344369804,0.0419718028802214,-4.758139771672878,-0.227663947282004,0.0057843272953042035,0.9737226042701049,3.163732156811008
0.9507593684944338,-0.21130142621178694,0.22673407787276845,11.032676783935443,0.2070031142933027,0.9774013447754514,0.042852491750199784,-4.806042380576423,-0.23066498178470674,0.00619225492214448,0.9730135230377444,3.1894859057664036
0.9494488425249727,-0.214052048532132,0.22962721342628956,11.190433248183268,0.2096393534581743,0.9767999075420223,0.043741167074653205,-4.853491810649013,-0.23366272223111872,0.006608896240444029,0.9722952678417366,3.2147610107499673
0.9481215064184969,-0.2167998541817765,0.2325154013516888,11.348403407898672,0.21227133035326756,0.9761907199186989,0.04463793596431537,-4.900487109628889,-0.2366569016733152,0.007034171640520004,0.9715678442116416,3.2395574803308804
0.9467774779458766,-0.2195446313169903,0.2353988227923589,11.50658663308684,0.2148987706690773,0.9755738895878938,0.04554269941581456,-4.94702827751621,-0.23964759104247857,0.007468116595328089,0.9708312220451778,3.2638790768251837
0.9454167277003185,-0.22228623023610705,0.23827724941564576,11.664968526769172,0.2175215851310576,0.9749493489258869,0.04645540926309285,-4.993114484116948,-0.24263464417649694,0.007910718400649497,0.970085483977339,3.2877195216701267
0.9440393001025464,-0.22502458645841317,0.24115099800267759,11.823549088945668,0.22013968446468102,0.9743172137224527,0.04737611624733594,-5.0387457294311035,-0.24561835580967117,0.008361991630855048,0.9693305621837109,3.3110788148657235
0.9426451767015305,-0.22775967014138931,0.24401963117568237,11.982343397764367,0.22275309518516298,0.9736774228397602,0.048304716596887884,-5.083921891390788,-0.24859824555561938,0.008821918620095737,0.9685665042949578,3.333959481227808
0.941234401545354,-0.23049168746943438,0.24688327392912313,12.14132139927844,0.22536199584159158,0.9730299281117567,0.04924134517721368,-5.1286413096082635,-0.25157451755928273,0.009290449734441486,0.9677933312412421,3.3563564882630175
0.9398071005348774,-0.23322018675825673,0.24974181677640783,12.300498171635923,0.22796590057424762,0.9723748837654363,0.050185791105923666,-5.172903862015641,-0.25454699965250593,0.009767649276364976,0.9670110851236683,3.378272360787186
0.9383631624202717,-0.23594543166091153,0.2525952078150513,12.459873714836817,0.23056511345081737,0.9717122448776917,0.051138184098227284,-5.216709548612922,-0.25751565002941446,0.01025345043457393,0.9662197572512394,3.3997070988003273
0.9369027357397224,-0.23866718565751865,0.25544332324999575,12.619433631902524,0.23315938667702338,0.971041938960385,0.052098411607294476,-5.260057539206079,-0.2604803531657506,0.010747862596756086,0.9654193268946332,3.420654423739691
0.9354257078926205,-0.24138552855423456,0.2582861861853454,12.779177292838227,0.23574881601329506,0.9703640899106537,0.05306653896755519,-5.302947833795269,-0.26344112791633256,0.01125086106801354,0.9646098583571011,3.4411180979213185
0.9339322371366068,-0.24410031618645667,0.26112372248109184,12.93910474881855,0.23833324293989588,0.969678630104776,0.05404246526832204,-5.345379480118734,-0.26639788734663783,0.011762466211358458,0.963791399658491,3.46109812991439
0.9324222562796773,-0.2468117489569852,0.2639558289804935,13.099216578663686,0.24091287900702524,0.9689856304094189,0.05502627883048189,-5.3873534304380755,-0.26935052183887387,0.012282633138142929,0.9629638730908495,3.4805907488336842
0.9308958294396357,-0.24951946851883766,0.26678260804068854,13.259512254728065,0.24348736387358538,0.9682850713669152,0.05601787645405792,-5.428867780229936,-0.2722991717428591,0.012811384081531152,0.9621273562282366,3.499599734133575
