0.054407257586717606,0.16490454971790314,-0.9848077893257141,-142.74038696289062,-0.9985188245773315,0.008985176682472229,-0.05366019532084465,-0.6830098628997803,-1.387211767678309e-07,0.9862685799598694,0.16514916718006134,58.2574577331543
0.053022000938653946,0.1653805822134018,-0.9848034977912903,-142.5765380859375,-0.9985929727554321,0.009652632288634777,-0.052143435925245285,-0.6716870069503784,0.0008824333199299872,0.9861825704574585,0.16565969586372375,58.229156494140625
0.05163707956671715,0.16585741937160492,-0.9847968816757202,-142.4126739501953,-0.998664379119873,0.010319346562027931,-0.0506262481212616,-0.6606172919273376,0.0017657215939834714,0.9860957264900208,0.16616874933242798,58.200767517089844
0.05025250092148781,0.16633516550064087,-0.9847879409790039,-142.24880981445312,-0.9987330436706543,0.010985325090587139,-0.04910862818360329,-0.6498007774353027,0.0026497237849980593,0.9860081076622009,0.16667646169662476,58.17229080200195
0.04886826500296593,0.16681382060050964,-0.9847766160964966,-142.08494567871094,-0.9987989664077759,0.011650566011667252,-0.04759058728814125,-0.6392375230789185,0.0035344369243830442,0.9859195947647095,0.1671828180551529,58.14372634887695
0.0474843867123127,0.16729339957237244,-0.984762966632843,-141.92108154296875,-0.9988622069358826,0.012315066531300545,-0.04607212916016579,-0.6289275884628296,0.004419858101755381,0.9858302474021912,0.16768783330917358,58.11507797241211
0.046100862324237823,0.1677737683057785,-0.9847469925880432,-141.75721740722656,-0.9989227056503296,0.012978820130228996,-0.04455326497554779,-0.6188710927963257,0.005305985454469919,0.985740065574646,0.1681913584470749,58.086341857910156
0.044717706739902496,0.1682550460100174,-0.9847286939620972,-141.59335327148438,-0.9989804625511169,0.013641832396388054,-0.04303399473428726,-0.6090680956840515,0.006192817352712154,0.9856491088867188,0.16869354248046875,58.05752182006836
0.043334800750017166,0.1687372326850891,-0.9847080111503601,-141.4294891357422,-0.9990355372428894,0.014304080046713352,-0.04151420667767525,-0.5995186567306519,0.0070803496055305,0.9855572581291199,0.16919435560703278,58.02861404418945
0.04195226728916168,0.16922032833099365,-0.984684944152832,-141.265625,-0.9990878105163574,0.014965579845011234,-0.03999403119087219,-0.5902228951454163,0.007968578487634659,0.9854646325111389,0.16969381272792816,57.9996223449707
0.04057012125849724,0.16970433294773102,-0.9846596121788025,-141.1017608642578,-0.9991374611854553,0.0156263317912817,-0.0384734682738781,-0.5811808705329895,0.008857502602040768,0.9853711128234863,0.1701919138431549,57.970542907714844
0.03918824344873428,0.17018911242485046,-0.9846318960189819,-140.93789672851562,-0.9991843104362488,0.01628630980849266,-0.036952413618564606,-0.5723926424980164,0.009747120551764965,0.9852768182754517,0.17068852484226227,57.94137954711914
0.03780675679445267,0.17067469656467438,-0.9846018552780151,-140.77403259277344,-0.9992284774780273,0.016945529729127884,-0.03543098643422127,-0.5638582706451416,0.010637427680194378,0.9851816892623901,0.17118366062641144,57.912132263183594
0.036425672471523285,0.17116117477416992,-0.9845694899559021,-140.6101837158203,-0.9992698431015015,0.017603999003767967,-0.03390919417142868,-0.5555778741836548,0.011528422124683857,0.9850857853889465,0.17167744040489197,57.8828010559082
0.03504487872123718,0.1716485619544983,-0.984534740447998,-140.4463348388672,-0.9993085861206055,0.01826169528067112,-0.03238692507147789,-0.5475515127182007,0.012420104816555977,0.9849889874458313,0.17216984927654266,57.85338592529297
0.03366449102759361,0.1721368432044983,-0.9844976663589478,-140.28248596191406,-0.999344527721405,0.018918631598353386,-0.030864302068948746,-0.5397792458534241,0.013312465511262417,0.9848913550376892,0.17266088724136353,57.82388687133789
0.03228452429175377,0.17262601852416992,-0.9844582080841064,-140.11863708496094,-0.9993777871131897,0.019574809819459915,-0.029341330751776695,-0.5322611331939697,0.014205506071448326,0.9847928881645203,0.17315056920051575,57.79430389404297
0.03090474382042885,0.17311610281467438,-0.9844164252281189,-139.9547882080078,-0.9994083046913147,0.020230187103152275,-0.02781778573989868,-0.5249972939491272,0.015099222771823406,0.9846936464309692,0.17363886535167694,57.7646369934082
0.02952539175748825,0.1736069619655609,-0.9843723177909851,-139.79095458984375,-0.99943608045578,0.02088480070233345,-0.026293907314538956,-0.5179877877235413,0.015993615612387657,0.9845935702323914,0.17412568628787994,57.734886169433594
0.028146475553512573,0.17409871518611908,-0.9843258857727051,-139.6271209716797,-0.9994611144065857,0.02153865061700344,-0.024769701063632965,-0.5112326741218567,0.016888678073883057,0.9844925999641418,0.1746111363172531,57.70505142211914
0.026767883449792862,0.17459124326705933,-0.984277069568634,-139.46328735351562,-0.9994834661483765,0.022191710770130157,-0.023245058953762054,-0.504732072353363,0.01778440922498703,0.984390914440155,0.1750950813293457,57.675132751464844
0.025389738380908966,0.1750846654176712,-0.9842259287834167,-139.29946899414062,-0.9995030760765076,0.02284400723874569,-0.021720100194215775,-0.4984859824180603,0.018680809065699577,0.9842883348464966,0.17557765543460846,57.64513397216797
0.024011926725506783,0.1755789816379547,-0.9841724634170532,-139.13565063476562,-0.999519944190979,0.023495515808463097,-0.02019471488893032,-0.49249452352523804,0.01957787200808525,0.9841849207878113,0.17605885863304138,57.61505126953125
0.02263457700610161,0.1760740727186203,-0.9841166734695435,-138.97183227539062,-0.9995341300964355,0.024146253243088722,-0.01866902969777584,-0.48675772547721863,0.02047559805214405,0.9840807318687439,0.17653857171535492,57.58488464355469
0.021257691085338593,0.17657004296779633,-0.9840584993362427,-138.8080291748047,-0.9995455145835876,0.024796217679977417,-0.017143048346042633,-0.48127564787864685,0.02137397974729538,0.9839757084846497,0.17701689898967743,57.55463790893555
0.01988115906715393,0.17706690728664398,-0.9839980006217957,-138.64422607421875,-0.9995542168617249,0.02544538863003254,-0.015616659075021744,-0.4760483503341675,0.022273017093539238,0.9838698506355286,0.1774938553571701,57.52430725097656
0.01850510574877262,0.17756465077400208,-0.9839351177215576,-138.48043823242188,-0.9995601773262024,0.02609378471970558,-0.014089985750615597,-0.4710759222507477,0.023172708228230476,0.9837631583213806,0.17796942591667175,57.493896484375
0.01712929643690586,0.17806316912174225,-0.9838699698448181,-138.316650390625,-0.999563455581665,0.02674136310815811,-0.012562804855406284,-0.4663584232330322,0.024073049426078796,0.9836556315422058,0.17844350636005402,57.46340560913086
0.0157539751380682,0.17856258153915405,-0.9838024377822876,-138.1528778076172,-0.9995639324188232,0.027388159185647964,-0.011035352014005184,-0.4618959128856659,0.0249740369617939,0.9835473299026489,0.17891618609428406,57.432830810546875
0.014379152096807957,0.1790628582239151,-0.9837325215339661,-137.98910522460938,-0.9995617270469666,0.028034187853336334,-0.009507633745670319,-0.45768845081329346,0.025875678285956383,0.9834381341934204,0.17938749492168427,57.40217590332031
0.013004710897803307,0.17956402897834778,-0.9836603403091431,-137.82534790039062,-0.999556839466095,0.028679409995675087,-0.007979540154337883,-0.4537361264228821,0.026777958497405052,0.9833281636238098,0.17985741794109344,57.37144088745117
0.011630777269601822,0.18006594479084015,-0.983585774898529,-137.66159057617188,-0.999549150466919,0.029323840513825417,-0.006451199762523174,-0.45003893971443176,0.02768087200820446,0.9832173585891724,0.18032582104206085,57.34062576293945
0.010257119312882423,0.1805686503648758,-0.9835088849067688,-137.4978485107422,-0.999538779258728,0.029967451468110085,-0.0049223811365664005,-0.44659700989723206,0.028584426268935204,0.9831057786941528,0.18079273402690887,57.309730529785156
0.008883980102837086,0.1810722053050995,-0.9834296703338623,-137.33412170410156,-0.9995256066322327,0.03061027079820633,-0.0033933252561837435,-0.44341036677360535,0.029488611966371536,0.9829933047294617,0.18125826120376587,57.27875518798828
0.007511248346418142,0.18157677352428436,-0.9833480715751648,-137.17039489746094,-0.9995098114013672,0.031252287328243256,-0.001863914541900158,-0.4404790997505188,0.030393432825803757,0.9828800559043884,0.1817225068807602,57.24769973754883
0.006139047909528017,0.18208196759223938,-0.9832642078399658,-137.00668334960938,-0.9994912147521973,0.03189351037144661,-0.0003342858690302819,-0.4378032386302948,0.03129887953400612,0.9827659726142883,0.1821851283311844,57.2165641784668
0.004767266102135181,0.18258805572986603,-0.9831779599189758,-136.84298706054688,-0.9994699358940125,0.0325339213013649,0.0011956801172345877,-0.4353828430175781,0.03220495209097862,0.9826510548591614,0.18264636397361755,57.18535232543945
0.0033959089778363705,0.18309499323368073,-0.9830893874168396,-136.67930603027344,-0.999445915222168,0.03317350894212723,0.002725974190980196,-0.43321797251701355,0.033111635595560074,0.9825353622436523,0.1831061989068985,57.15406036376953
0.0020251015666872263,0.1836026906967163,-0.9829984307289124,-136.515625,-0.9994191527366638,0.03381231054663658,0.004256472457200289,-0.43130865693092346,0.034018948674201965,0.9824188351631165,0.18356451392173767,57.12268829345703
0.000654730771202594,0.18411126732826233,-0.9829052090644836,-136.35195922851562,-0.9993896484375,0.03445029631257057,0.005787288770079613,-0.429654985666275,0.0349268801510334,0.9823014736175537,0.18402144312858582,57.09123992919922
-0.0007150782039389014,0.1846206933259964,-0.9828096032142639,-136.1883087158203,-0.9993574619293213,0.03508749231696129,0.007318300660699606,-0.4282569885253906,0.03583543375134468,0.9821833372116089,0.18447698652744293,57.05971145629883
-0.0020845576655119658,0.1851309984922409,-0.9827116131782532,-136.02467346191406,-0.9993225336074829,0.03572384640574455,0.0088497344404459,-0.42711472511291504,0.03674459829926491,0.9820643067359924,0.18493111431598663,57.028106689453125
-0.003453463315963745,0.1856420487165451,-0.982611358165741,-135.86105346679688,-0.9992848634719849,0.03635939583182335,0.010381343774497509,-0.42622825503349304,0.037654370069503784,0.9819445013999939,0.18538372218608856,56.996421813964844
-0.0048219081945717335,0.18615397810935974,-0.9825087785720825,-135.69744873046875,-0.9992444515228271,0.036994125694036484,0.011913245543837547,-0.425597608089447,0.03856474906206131,0.9818238615989685,0.18583494424819946,56.96466064453125
-0.006189886014908552,0.18666675686836243,-0.9824038147926331,-135.5338592529297,-0.9992013573646545,0.037628017365932465,0.013445431366562843,-0.42522284388542175,0.03947572410106659,0.981702446937561,0.18628475069999695,56.932823181152344
-0.007557391654700041,0.1871802806854248,-0.9822965264320374,-135.37026977539062,-0.9991555213928223,0.03826109319925308,0.014977892860770226,-0.425104022026062,0.04038730636239052,0.9815801978111267,0.18673305213451385,56.900909423828125
-0.008924298919737339,0.18769465386867523,-0.9821868538856506,-135.20669555664062,-0.9991069436073303,0.03889336436986923,0.016510508954524994,-0.4252411723136902,0.0412994846701622,0.9814571142196655,0.18717993795871735,56.868919372558594
-0.0102908406406641,0.18820978701114655,-0.9820749163627625,-135.0431365966797,-0.9990556836128235,0.039524778723716736,0.018043503165245056,-0.42563438415527344,0.04221225902438164,0.9813331961631775,0.18762530386447906,56.836849212646484
-0.011656771413981915,0.1887257695198059,-0.981960654258728,-134.8795928955078,-0.9990016222000122,0.04015538841485977,0.01957664079964161,-0.42628365755081177,0.04312562942504883,0.9812085032463074,0.18806926906108856,56.80470275878906
-0.013022205792367458,0.18924272060394287,-0.9818440079689026,-134.71607971191406,-0.9989449381828308,0.04078516364097595,0.021110035479068756,-0.42718905210494995,0.044039588421583176,0.9810829758644104,0.1885119378566742,56.772483825683594
-0.01438713725656271,0.18976053595542908,-0.9817249774932861,-134.55258178710938,-0.998885452747345,0.04141410440206528,0.02264367789030075,-0.42835062742233276,0.04495413973927498,0.9809565544128418,0.1889532059431076,56.74018859863281
-0.015751559287309647,0.19027896225452423,-0.9816036820411682,-134.38909912109375,-0.9988232851028442,0.04204221069812775,0.02417755126953125,-0.4297684133052826,0.04586926847696304,0.9808294177055359,0.1893928200006485,56.70781707763672
-0.01711546629667282,0.19079825282096863,-0.981480062007904,-134.2256317138672,-0.9987583160400391,0.04266948252916336,0.025711657479405403,-0.4314424693584442,0.046784985810518265,0.9807014465332031,0.18983103334903717,56.67536926269531
-0.01847885362803936,0.19131837785243988,-0.9813540577888489,-134.0621795654297,-0.9986907243728638,0.043295931071043015,0.02724599279463291,-0.43337282538414,0.04770129546523094,0.9805726408958435,0.19026783108711243,56.642845153808594
-0.019841831177473068,0.19183936715126038,-0.9812257289886475,-133.89874267578125,-0.998620331287384,0.04392150044441223,0.028780663385987282,-0.43555957078933716,0.048618171364068985,0.9804430603981018,0.19070321321487427,56.61024856567383
-0.021204156801104546,0.19236108660697937,-0.9810950756072998,-133.73532104492188,-0.9985472559928894,0.04454626515507698,0.030315428972244263,-0.43800270557403564,0.04953563213348389,0.9803126454353333,0.19113706052303314,56.57757568359375
-0.022565942257642746,0.19288364052772522,-0.9809620976448059,-133.57192993164062,-0.9984714388847351,0.04517018422484398,0.03185040131211281,-0.44070225954055786,0.050453659147024155,0.9801813960075378,0.1915695071220398,56.544830322265625
-0.02392718195915222,0.19340693950653076,-0.9808267951011658,-133.40855407714844,-0.9983928799629211,0.04579325392842293,0.03338557109236717,-0.4436582922935486,0.05137225240468979,0.9800493717193604,0.1920004040002823,56.51200866699219
-0.025287870317697525,0.19393107295036316,-0.9806891679763794,-133.2451934814453,-0.9983116388320923,0.046415481716394424,0.03492093086242676,-0.4468708336353302,0.05229141563177109,0.979916512966156,0.19242990016937256,56.4791145324707
-0.02664812095463276,0.19445593655109406,-0.9805492162704468,-133.0818634033203,-0.9982276558876038,0.04703683406114578,0.03645659238100052,-0.4503399431705475,0.05321113392710686,0.9797828197479248,0.19285784661769867,56.44614791870117
-0.028007689863443375,0.1949816346168518,-0.9804069399833679,-132.91854858398438,-0.9981409311294556,0.04765738174319267,0.03799232095479965,-0.4540656507015228,0.05413142964243889,0.9796483516693115,0.19328439235687256,56.41310501098633
-0.029366806149482727,0.1955081820487976,-0.980262279510498,-132.7552490234375,-0.9980515241622925,0.04827704653143883,0.039528343826532364,-0.4580479860305786,0.05505228042602539,0.9795131087303162,0.19370950758457184,56.37998962402344
-0.030725346878170967,0.19603557884693146,-0.9801152944564819,-132.59197998046875,-0.9979593753814697,0.048895858228206635,0.04106453061103821,-0.4622870087623596,0.055973686277866364,0.9793769717216492,0.1941331923007965,56.3468017578125
-0.03208330646157265,0.19656367599964142,-0.9799659848213196,-132.42872619628906,-0.9978644847869873,0.049513816833496094,0.04260087385773659,-0.46678271889686584,0.05689564347267151,0.9792400598526001,0.1945553421974182,56.313541412353516
-0.03344079479575157,0.19709250330924988,-0.9798144102096558,-132.2655029296875,-0.99776691198349,0.05013090372085571,0.044137485325336456,-0.47153520584106445,0.057818152010440826,0.979102373123169,0.19497595727443695,56.280208587646484
-0.03479757159948349,0.19762228429317474,-0.9796604514122009,-132.102294921875,-0.997666597366333,0.05074715241789818,0.04567413777112961,-0.47654446959495544,0.05874120444059372,0.9789637923240662,0.19539526104927063,56.246803283691406
-0.03615386784076691,0.19815278053283691,-0.9795041680335999,-131.93911743164062,-0.9975635409355164,0.051362521946430206,0.04721103981137276,-0.4818105399608612,0.05966480076313019,0.9788244962692261,0.19581303000450134,56.21332550048828
-0.03750944137573242,0.19868409633636475,-0.9793455600738525,-131.7759552001953,-0.9974578022956848,0.05197705700993538,0.0487479604780674,-0.4873334467411041,0.06058894097805023,0.9786843061447144,0.19622936844825745,56.17977523803711
-0.03886451572179794,0.19921614229679108,-0.979184627532959,-131.61282348632812,-0.9973493218421936,0.052590709179639816,0.05028512328863144,-0.4931132197380066,0.06151362136006355,0.9785434007644653,0.19664417207241058,56.146156311035156
-0.04021909460425377,0.19974900782108307,-0.9790213108062744,-131.44970703125,-0.9972380995750427,0.05320347845554352,0.05182252451777458,-0.4991499185562134,0.06243883818387985,0.9784016013145447,0.19705753028392792,56.112464904785156
-0.0415729284286499,0.20028258860111237,-0.9788557291030884,-131.28662109375,-0.997124195098877,0.053815409541130066,0.05335991829633713,-0.5054435729980469,0.06336458772420883,0.9782590866088867,0.19746935367584229,56.07870101928711
-0.042926251888275146,0.20081700384616852,-0.9786878228187561,-131.12355041503906,-0.9970075488090515,0.054426442831754684,0.05489753559231758,-0.5119941830635071,0.0642908588051796,0.9781156778335571,0.19787974655628204,56.04486846923828
-0.044279057532548904,0.20135211944580078,-0.9785175919532776,-130.96051025390625,-0.9968881607055664,0.05503659322857857,0.056435368955135345,-0.5188018083572388,0.06521765887737274,0.9779714941978455,0.19828858971595764,56.010963439941406
-0.04563109949231148,0.20188795030117035,-0.9783450365066528,-130.79750061035156,-0.9967660903930664,0.05564591661095619,0.05797317624092102,-0.5258664488792419,0.06614499539136887,0.9778265357017517,0.19869588315486908,55.97698974609375
-0.04698261246085167,0.20242471992969513,-0.9781701564788818,-130.63450622558594,-0.9966412782669067,0.056254319846630096,0.05951119586825371,-0.5331881642341614,0.06707283109426498,0.9776807427406311,0.19910185039043427,55.94294738769531
-0.04833358898758888,0.20296230912208557,-0.9779929518699646,-130.47154235839844,-0.9965137839317322,0.05686182901263237,0.061049412935972214,-0.5407669544219971,0.06800119578838348,0.9775341749191284,0.19950640201568604,55.90883255004883
-0.04968378692865372,0.20350059866905212,-0.9778133630752563,-130.30860900878906,-0.996383547782898,0.05746850371360779,0.06258758902549744,-0.5486028790473938,0.06893008202314377,0.9773867726325989,0.19990938901901245,55.87464904785156
-0.05103343352675438,0.20403970777988434,-0.9776315093040466,-130.1457061767578,-0.996250569820404,0.05807428061962128,0.06412594765424728,-0.5566959381103516,0.06985948979854584,0.9772385358810425,0.20031094551086426,55.840396881103516
-0.05238252878189087,0.20457951724529266,-0.9774473309516907,-129.98281860351562,-0.9961149096488953,0.05867916718125343,0.06566448509693146,-0.5650461316108704,0.0707894042134285,0.977089524269104,0.2007109373807907,55.80607604980469
-0.05373094230890274,0.2051200270652771,-0.9772608280181885,-129.81996154785156,-0.9959765076637268,0.05928317457437515,0.06720306724309921,-0.573653519153595,0.07171982526779175,0.9769397377967834,0.2011093944311142,55.77168655395508
-0.055078670382499695,0.2056613564491272,-0.97707200050354,-129.65713500976562,-0.9958354234695435,0.05988631024956703,0.06874170154333115,-0.5825181007385254,0.07265075296163559,0.9767891764640808,0.20150640606880188,55.73722839355469
-0.056425828486680984,0.20620349049568176,-0.9768808484077454,-129.4943389892578,-0.9956915974617004,0.06048854812979698,0.07028049975633621,-0.5916399359703064,0.07358218729496002,0.9766377210617065,0.20190197229385376,55.702701568603516
-0.057772405445575714,0.20674632489681244,-0.9766874313354492,-129.33157348632812,-0.9955450892448425,0.061089884489774704,0.07181943953037262,-0.601019024848938,0.07451412826776505,0.976485550403595,0.20229598879814148,55.66810607910156
-0.059118159115314484,0.20728996396064758,-0.9764916300773621,-129.16883850097656,-0.995395839214325,0.061690349131822586,0.07335829734802246,-0.6106553673744202,0.07544655352830887,0.9763324856758118,0.2026885598897934,55.63344192504883
-0.060463324189186096,0.20783430337905884,-0.9762935638427734,-129.00613403320312,-0.9952438473701477,0.06228993460536003,0.07489728927612305,-0.6205490231513977,0.07637948542833328,0.9761787056922913,0.20307956635951996,55.59871292114258
-0.061807889491319656,0.2083795666694641,-0.9760931134223938,-128.8434600830078,-0.9950891733169556,0.06288858503103256,0.07643641531467438,-0.6306999921798706,0.0773129016160965,0.9760240912437439,0.20346924662590027,55.56391525268555
-0.06315185129642487,0.2089255303144455,-0.9758903384208679,-128.68081665039062,-0.9949318170547485,0.06348633021116257,0.07797566801309586,-0.6411082744598389,0.07824680954217911,0.9758686423301697,0.20385737717151642,55.529048919677734
-0.06449508666992188,0.2094721794128418,-0.9756852984428406,-128.51820373535156,-0.9947717189788818,0.06408321112394333,0.07951491326093674,-0.6517739295959473,0.07918120920658112,0.9757124185562134,0.20424394309520721,55.494117736816406
-0.06583770364522934,0.21001961827278137,-0.975477933883667,-128.35562133789062,-0.9946088790893555,0.06467915326356888,0.08105427771806717,-0.6626969575881958,0.08011607080698013,0.975555419921875,0.204629048705101,55.4591178894043
-0.06717970222234726,0.21056775748729706,-0.9752682447433472,-128.1930694580078,-0.9944433569908142,0.0652742013335228,0.08259373903274536,-0.6738773584365845,0.08105143159627914,0.9753975868225098,0.20501260459423065,55.42405319213867
