1.000000045898739,-1.1814229603041599e-09,3.203019904862714e-09,0.0,-1.1814229603041599e-09,0.9999999927134224,5.622162025575446e-10,0.0,3.203019904862714e-09,5.622162025575446e-10,0.9999999557337369,0.0
0.9999987433437162,-0.0015139475619360314,-0.0005188175024067321,0.16664116301080867,0.001514278207639842,0.9999986629273577,0.0006405679150055975,-0.0023915128337907987,0.0005178576475904362,-0.0006413511532048534,0.9999996243948014,0.0007914596761224857
0.9999948849040742,-0.0030275349189259424,-0.0010385286770755453,0.3332982592681617,0.0030288588962491493,0.9999946136300955,0.0012803512534626863,-0.004529429486301417,0.0010346443173312458,-0.0012834891909160942,0.9999985960807639,0.0016692108937235162
0.9999884925281425,-0.004540755532519789,-0.0015592235006360589,0.4999562585992976,0.004543744604196056,0.9999878452270019,0.0019193504821352644,-0.006414520630038112,0.001550495514638539,-0.0019264124953683043,0.9999969468289063,0.0026357704321000597
0.9999795056555878,-0.006053608912457289,-0.0020809215604533082,0.6666151578058646,0.006058920929235763,0.9999783577180771,0.00255756374112055,-0.00804672674864193,0.0020654062716251587,-0.002570118138733743,0.9999945590501156,0.0036911388268094925
0.9999679856463427,-0.007566083101708372,-0.0026036275377245566,0.8332743236953775,0.007574387394523109,0.999966211430413,0.003194987429866128,-0.009425988326281498,0.0025793814222886957,-0.003214605172304069,0.9999914939627452,0.004831554297361151
0.999953908490963,-0.009078178262956767,-0.003127209009608639,0.9999343798651239,0.009090132840719953,0.9999513466449669,0.003831622335351981,-0.01055218632970778,0.0030922739007410716,-0.003859871680251842,0.999987729392795,0.006060780230917828
0.9999372987985924,-0.01058987945226035,-0.003651773830534749,1.1665946931225903,0.010606157267846965,0.9999337641724705,0.004467467551394588,-0.011425261243091178,0.0036042306724531903,-0.0045059185124115,0.999983343834816,0.00737505484698886
0.9999180869512894,-0.01210130657412075,-0.004177340438443977,1.3332558902635014,0.01212256902614945,0.9999135170434337,0.0051024998293993495,-0.012045153549542498,0.004115233177579725,-0.005152721341666694,0.9999782195072291,0.008778140997179662
0.9998962824064616,-0.0136123315495838,-0.0047038900455705634,1.4999173348969634,0.013639237923592328,0.9998904929136706,0.0057367359083590076,-0.012411744216870524,0.004625294941134062,-0.005800297837468715,0.9999724741330368,0.010266277436556948
0.9998720025623459,-0.015122949068349809,-0.005231442339229397,1.6665796538186726,0.015156170446026117,0.9998648711429923,0.006370175788257026,-0.012524973728186062,0.005134396304961986,-0.006448647472610758,0.9999659901398624,0.011843227016740343
0.9998451022752817,-0.01663326670275432,-0.005759844159790417,1.8332422138361153,0.016673464261211413,0.9998364666964689,0.007002800727284349,-0.012384782567659514,0.005642425595520861,-0.00709775081781211,0.9999588627503524,0.013505227957224974
0.9998156491020954,-0.018143169013623547,-0.006289135550044511,1.9999050117509682,0.018191003579355866,0.9998054052953541,0.007634624913003161,-0.01199111121893015,0.0061493866091641425,-0.007747622481756811,0.9999510382351144,0.015252280793561113
0.9997836631299016,-0.019652638290464722,-0.006819395114811444,2.166553014192033,0.019708780960931028,0.9997715685149771,0.008265650920578817,-0.011344670838145277,0.006655396851323769,-0.008398263541444961,0.9999425901908977,0.01708690284062442
0.9997490772016735,-0.021161794343122736,-0.007350656016786972,2.33320124493531,0.021226904756184273,0.9997351288239321,0.008895855620628527,-0.010444571720078955,0.007160452458701505,-0.009049654879216384,0.9999334033017601,0.01900657839022557
0.9997119566132228,-0.02267051215498632,-0.007882894437183291,2.4998497007823346,0.022745255455548695,0.999695913956309,0.009525252843095586,-0.009290754348370456,0.0076645424976313214,-0.009701807041706645,0.9999235340137742,0.02101130797791484
0.9996722454261954,-0.024178783755683914,-0.008416110475950367,2.6664983785347545,0.02426382423644236,0.9996540437555583,0.010153844447866243,-0.00788315920665994,0.00816769144352883,-0.010354723252136877,0.9999129823436761,0.023101092139256707
0.9996299853239425,-0.025686836459368964,-0.008950306665362534,2.833147271795781,0.025782839388022043,0.9996094459363029,0.010781586846833812,-0.006221667262228614,0.008669862099302428,-0.011008361669937461,0.9999018091499912,0.02527593194537303
0.9995851744345157,-0.027194431800872748,-0.009485362775058848,2.9997813503926523,0.027302060984949736,0.9995621336729261,0.011408524534296766,-0.004307049187582734,0.00917096412670032,-0.011662762225734147,0.9998899338658311,0.027538344175553675
0.9995378302841651,-0.028701561366155426,-0.010021406046933579,3.166415638101313,0.028821483447581175,0.9995121073707948,0.012034651024396313,-0.0021384152774954757,0.009671100351343553,-0.012317919718422221,0.9998773173631622,0.029885813121623528
0.9994878662284485,-0.030208338260653833,-0.010558288152478917,3.3330501285250023,0.0303412114063747,0.999459420465784,0.012659946764600352,0.00028435350075195487,0.010170149304084775,-0.01297381426438965,0.9998641161080882,0.03231833985469024
0.9994353695115077,-0.031714638219039276,-0.011096157420202701,3.4996691646952627,0.0318611290715545,0.9994040201300671,0.013284431307440982,0.0029604269577641062,0.010668232353654161,-0.01363046667166623,0.9998501736345052,0.034834678302445354
0.9993803342362981,-0.033220572213663424,-0.011635002707098774,3.666288397183763,0.03338134617640903,0.999345900181819,0.013908080474405289,0.005890754315656999,0.011165350487487263,-0.014287852692368569,0.999835548511031,0.037436075608319186
0.9993227475120985,-0.03472601687294899,-0.01217469767082191,3.832907824391242,0.0349017362486571,0.9992851271299568,0.014530917490328268,0.009075365332609664,0.011661384995146046,-0.014945992984885914,0.9998202800163253,0.04012253204008687
0.9992625680660905,-0.03623096273529758,-0.012715354778536914,3.999511786150947,0.03642229232561541,0.9992215820431032,0.015152934820196199,0.01251348933558738,0.012156448548064858,-0.01560488157921991,0.9998043265483487,0.04289280206100443
0.9991998510613128,-0.0377355244240026,-0.013256987605574505,4.16611593623287,0.037943129243386005,0.9991553779748347,0.01577411119452907,0.01620601603034455,0.012650547017885427,-0.016264499281893108,0.9997876903802723,0.0457481322789306
0.9991345419844013,-0.039239575531773624,-0.013799582476654082,4.3327046128710265,0.039464120076606254,0.9990864621986663,0.016394466022920648,0.020152204502025484,0.01314367442418074,-0.016924865371025583,0.9997703692221886,0.04868727742488943
0.999066729013204,-0.040743349769557846,-0.01434303436947057,4.499292839841303,0.04098549449746162,0.9990148814619402,0.017013962203106504,0.024352944455856118,0.013635710241310495,-0.017585936934931184,0.9997523454882805,0.05170772179070582
0.9989963221586328,-0.042246599825816744,-0.01488745273765163,4.6658662169650995,0.04250701074450398,0.9989405300076625,0.017632628587083043,0.02880746521986044,0.014126760189582588,-0.01824775160837408,0.999733697940878,0.05481574447173898
0.998923326692341,-0.043749323238890275,-0.015432828718552088,4.8324391380242275,0.04402866230813561,0.9988635274259295,0.018250481675386312,0.03351665649873414,0.014616853603514612,-0.018910317357883913,0.9997143042269555,0.05800506744373024
0.9988478516546069,-0.04525163219457981,-0.01597916987546838,4.998996571246806,0.04555056540749343,0.9987838673829053,0.018867480788959074,0.03847977737815089,0.015105957115840757,-0.019573600289497367,0.9996942864819681,0.06127820775377302
0.9987697643955078,-0.04675339555479571,-0.016526340103861004,5.16555354360716,0.04707258522455741,0.9987014376864161,0.01948364891419618,0.04369765804697767,0.015593956960993915,-0.020237616696335337,0.9996735614809243,0.06463264915812772
0.9986891161172153,-0.04825484932304666,-0.017074372085162826,5.332095021734119,0.04859495609312287,0.9986163447521744,0.02009895572061827,0.04916958734906718,0.016080874782463533,-0.020902334614301715,0.9996521951307774,0.06807090897164869
0.9986059369771487,-0.04975574618212497,-0.01762334570505572,5.498621004028536,0.050117437390421356,0.9985284827725166,0.020713425863577224,0.05489559504259933,0.016566811290833844,-0.02156778601337618,0.9996300799392707,0.07159298746211107
0.9985201791932524,-0.051256205944710115,-0.01817340209910115,5.665146512667121,0.051640143278861274,0.9984380242413722,0.02132703926572764,0.06087660059097999,0.017051880247483997,-0.0222339546082908,0.9996073604083257,0.07519636918911488
0.9984319109074891,-0.052756095493434435,-0.01872417006643612,5.831656519076375,0.05316294357166732,0.9983447973488668,0.021939826305506675,0.06711180356352386,0.01753572274382781,-0.0229008532464293,0.9995839139464338,0.07888357066418905
0.9983410476916493,-0.05425553220311252,-0.01927591275359461,5.998150390063756,0.054685950961045345,0.9982489149965648,0.0225517537908882,0.07360126347605966,0.01801859465519698,-0.023568462273576243,0.9995597846170802,0.08265083010681451
0.9982476462790016,-0.055754504452803916,-0.019828575692880962,6.164628752425045,0.05620915947766948,0.9981503179974676,0.02316281299475696,0.08034503984547747,0.018500471373070815,-0.02423676852700845,0.9995350237342281,0.08650191036862509
0.9981516349313428,-0.05725289218807887,-0.02038208267827296,6.3311066315352775,0.05773244216710192,0.9980490131541155,0.023773045979217478,0.08734399261882508,0.01898124404093121,-0.024905810995434808,0.9995095581027975,0.09043429547364212
0.9980531470857014,-0.058750804942535956,-0.020936549508809132,6.497568365628496,0.05925591920075851,0.997944994313186,0.024382416500239312,0.09459738088124414,0.01946102629254773,-0.025575560006155136,0.9994834071131633,0.09444674015290389
0.9979520719155462,-0.06024812322725786,-0.02149193839057134,6.664014583099572,0.060779461805268116,0.9978383278030813,0.024990952217700795,0.10210523439144481,0.019939836685669704,-0.026246039344569094,0.9994566248712824,0.09854300699024066
0.9978483923551358,-0.061745070775683183,-0.022048295561836517,6.83044465075605,0.06230329595680538,0.997728941468269,0.025598599433307893,0.10986761266525757,0.02041764786065073,-0.026917200215380552,0.9994290982507028,0.10271933420514756
0.9977422217946809,-0.06324140638645037,-0.02260547126127127,6.996859195393597,0.06382718217125044,0.9976168486003091,0.026205402641383886,0.11788457521957163,0.020894335070145098,-0.027589079230230684,0.9994009230431018,0.10697948464925133
0.9976335174114359,-0.0647372413815204,-0.02316360660595035,7.163257585418933,0.06535123391355854,0.9975020430490448,0.026811339666248702,0.12615615181203754,0.02137004146234997,-0.028261657748428336,0.9993720624438249,0.11131969627426486
0.9975222160342283,-0.06623257092268173,-0.02372266140315807,7.329639817633677,0.06687543957131215,0.9973845846728646,0.027416393530510796,0.13468240195901515,0.021844747397935432,-0.0289349252486654,0.99934257015716,0.11573996961574551
0.9974083620464649,-0.06772738861276775,-0.02428254397249338,7.496020915813716,0.06839979401793604,0.9972644142340962,0.028020592227916044,0.14346421536573217,0.02231835479322894,-0.029608894133596776,0.9993123703968682,0.12023778896552528
0.9972919180112572,-0.06922156832905285,-0.02484335763711301,7.662385851385579,0.06992417311791142,0.9971415385986216,0.02862394124266271,0.15250079160149976,0.022790960568737417,-0.030283574190811333,0.9992814804642515,0.1248156708351047
0.9971729721064531,-0.07071534256336537,-0.025405011549742007,7.82873524954573,0.07144880654342377,0.9970160046151242,0.029226393362323824,0.16179221994138793,0.02326244419882051,-0.030958926489918354,0.9992498851470808,0.12947737834389272
0.9970514979139367,-0.07220846324363478,-0.025967586713997876,7.995068480300063,0.07297345670589746,0.9968877066026155,0.029827995799334622,0.1713385003848673,0.02373293097617138,-0.03163499257018777,0.9992176584437736,0.13421914917582
0.9969274478640462,-0.07370105154696283,-0.02653120877257653,8.161369883481825,0.07449823381548265,0.9967568168776791,0.030428712309656394,0.1811388622589023,0.02420253462660471,-0.032311744586413685,0.9991847609585167,0.1390397377941497
0.9968008052301306,-0.07519309207317137,-0.027095784845678123,8.327655112860981,0.07602312857273366,0.9966231572459301,0.03102854856840008,0.1911941952692473,0.02467115219060989,-0.032989188894462965,0.9991511167042367,0.14394039080673338
0.9966716464744316,-0.07668458233792375,-0.027661035931076883,8.493924166838354,0.07754813072448966,0.996486847094785,0.03162751835802285,0.201504529174084,0.025138514018106406,-0.0336673108017273,0.9991168602659211,0.14892110848135331
0.9965399546334252,-0.07817551228706959,-0.028227231187341134,8.660177042215537,0.07907323888774677,0.9963477676955467,0.03222560789607579,0.2120699234897705,0.025604879796208097,-0.03434612332320952,0.9990819158447707,0.1539818913535811
0.9964056687469782,-0.07966588754515952,-0.02879434186461105,8.826413737393352,0.08059844609980518,0.996206097850648,0.032822829963339024,0.22289040797448845,0.026070244623972588,-0.03502562929426825,0.9990462786266643,0.15912273969118473
0.9962688418170648,-0.0811558024369024,-0.02936238447029138,8.992633617580111,0.08212386161710612,0.9960616530318692,0.033419127141770824,0.23396607190224739,0.026534599626285932,-0.03570578648025996,0.9990100118102427,0.16433989198145582
0.9961294670499073,-0.08264502797006623,-0.02993124077301912,9.15883731276989,0.08364924551430743,0.9959145654463117,0.03401458112339456,0.24529691527357667,0.02699782507180215,-0.03638665211137773,0.9989730351633421,0.1696371105404353
0.9959875605967411,-0.08413366793095828,-0.030501011297353664,9.325009164395112,0.08517470938460242,0.9957647694971331,0.03460914531559364,0.25688213765725987,0.027460054233616804,-0.03706818992297639,0.9989353655186513,0.17501314956359693
0.9958430983481718,-0.08562171681653619,-0.03107159795106018,9.491164826225742,0.0867002439285392,0.9956122654883577,0.035202820862991736,0.2687226287590532,0.02792114006257801,-0.03775040083653192,0.99889704688527,0.18046925565882077
0.9956961053131428,-0.08710917293738307,-0.031643099026273325,9.657303666668497,0.08822584170659346,0.9954571132403691,0.035795610340737666,0.28081841833660803,0.028381229457211887,-0.038433288912098795,0.9988580352875709,0.1860016667778126
0.9955465508855162,-0.08859614252938225,-0.032215410000437567,9.823410655550731,0.08975161431191923,0.9952992470549833,0.03638748594599822,0.2931687357174164,0.02884017645621928,-0.039116821252009965,0.9988183132234173,0.1916128996998907
0.9953944722681236,-0.09008238898438908,-0.03278862755144907,9.989501448241583,0.09127732739887032,0.9951386802079223,0.03697851267933978,0.3057744408490546,0.029298125916310425,-0.03980106013887047,0.998777957315858,0.19730420076513155
0.9952397936461295,-0.09156813743416548,-0.03336276215619155,10.155575413147773,0.0928032046306392,0.9949754597505553,0.03756861161480873,0.3186355634891731,0.029755060315284132,-0.04048594521178628,0.9987369693192418,0.20307180792526935
0.9950825807151454,-0.09305326361338273,-0.03393783510117834,10.321617520096623,0.09432911905811399,0.9948095328550556,0.03815781251056846,0.3317513329652648,0.03021096865252959,-0.04117149727878719,0.9986952319289714,0.20891823795960107
0.9949228166485707,-0.0945377614037699,-0.03451367995129839,10.487642796062431,0.09585506324173526,0.994640899825448,0.03874612347394866,0.3451225794661976,0.030665747985272385,-0.04185771358721241,0.9986528381447306,0.21484097462438712
0.9947605541485295,-0.09602174223022353,-0.035090325056611915,10.653636209273259,0.09738115201760295,0.9944696141989492,0.03933352428462425,0.3587485620776434,0.031119389488607152,-0.042544575479142754,0.9986097927136961,0.2208425349666996
0.9945957249243885,-0.09750496503306827,-0.03566801202522624,10.819612786703487,0.09890715199377564,0.9942956295322424,0.039920036259561364,0.3726301109884691,0.03157213122707858,-0.04323211576533004,0.9985660152237819,0.226920402742806
0.9944283395671616,-0.09898765727138814,-0.03624647433079739,10.985557499779532,0.10043327472040707,0.9941189332589925,0.04050563145298847,0.3867664257679877,0.032023744797857134,-0.043920296358100464,0.998521642349048,0.2330770944642211
0.9942584276970373,-0.1004695836784113,-0.03682584662655264,11.151485373876568,0.10195928957161729,0.993939598069943,0.04109034882703145,0.401158366363247,0.03247433100148417,-0.04460915665252152,0.9984765153334834,0.2393100941549804
0.9940859600936267,-0.10195096056220648,-0.03740600873414446,11.317380750426963,0.10348541973374126,0.9937575522877651,0.0416741448890606,0.4158051323430296,0.032923788970473544,-0.045298656650975544,0.9984307953568963,0.2456181560105506
0.9939108930231974,-0.10343179097624,-0.03798707823322295,11.483259283200738,0.1050116582440936,0.9935727957097763,0.042257014774663246,0.4307076134130918,0.03337221667971252,-0.045988792065008444,0.998384320804337,0.25200252663881173
0.9937333423118871,-0.10491183170112162,-0.038568925268156085,11.649105943624363,0.10653776608352811,0.9933854014320865,0.04283900879625327,0.4458650091427474,0.03381950408258649,-0.04667959984418557,0.9983372512351547,0.25846572255127853
0.9935532540931902,-0.10639130882054759,-0.03915169356975623,11.814935128678059,0.10806397063502837,0.9931952971693193,0.043420060951595514,0.4612781497203331,0.034265765959290484,-0.04737103079966376,0.9982894294133802,0.26500146518814915
0.9933706090795913,-0.1078702162275853,-0.039735232177291246,11.980732438183253,0.10959026445903289,0.9930024833268393,0.0440001934163783,0.4769462644738711,0.034710884670502984,-0.048063093508351196,0.998240950929856,0.2716160336447899
0.9931854202645777,-0.10934831621722518,-0.040319558764037755,12.146497242145784,0.11111640577032977,0.9928070327980719,0.044579461176457676,0.492869353402833,0.035154858040518544,-0.04875583532790623,0.9981918187439376,0.2783056656051386
0.9929977117682773,-0.11082583056656337,-0.040904898297852293,12.312244564341654,0.11264263263438942,0.9926088732976445,0.04515775907654338,0.5090483062124447,0.03559790865977658,-0.04944918135052828,0.9981420100916659,0.28506784536101293
0.9928074696248033,-0.11230276005843565,-0.04149112493613916,12.477960007790585,0.11416893017210945,0.9924080647472779,0.04573511964090164,0.5254822927143694,0.03603994821510498,-0.050143161662387914,0.9980915643353818,0.2919088514722006
0.9926146233194809,-0.11377886179881924,-0.04207813432271579,12.643642939300065,0.11569505707510458,0.9922045608049977,0.04631160887173456,0.5421713724244368,0.03648083742787689,-0.05083780938139559,0.9980404035663009,0.298824922158218
0.9924193004047882,-0.11525435957810326,-0.04266604045752237,12.80929335887015,0.11722124301559335,0.9919983491071512,0.046887157047059265,0.5591155453426468,0.0369206909172054,-0.05153308703419485,0.9979885468735468,0.30581605741906515
0.9922214202332771,-0.11672925413377022,-0.043254716498464185,12.974926293475164,0.11874748103085937,0.9917894891701002,0.04746177809227955,0.5763156416578674,0.03735938620977142,-0.05222897938868032,0.9979360334520984,0.31287974101098825
0.9920209949231695,-0.11820341386310163,-0.04384416304524061,13.140526712942346,0.12027363720909717,0.991577928571384,0.04803548316671286,0.5937708906975905,0.03779695149366302,-0.05292550848151645,0.997882863402373,0.3200184897133056
0.9918180388401518,-0.11967683829579945,-0.044434497895888214,13.306094617271697,0.12179971898986411,0.9913637270300452,0.04860827322405368,0.6114812924618169,0.03823347501510754,-0.05362267439146229,0.9978290564494694,0.32723230352599586
0.9916125459872299,-0.12114963796300882,-0.045025724663643574,13.471630003264863,0.1233258379663349,0.9911468187465563,0.04918012303660934,0.6294469064669057,0.038668957778276725,-0.05432045861023921,0.9977744923294352,0.3345211829846306
0.9914045590365206,-0.1226218050570419,-0.04561771089417732,13.63713287092179,0.12485197506278538,0.9909272638453256,0.04975103455975136,0.6476677327128577,0.03910328687742948,-0.0550188624452409,0.9977193301664777,0.3418851280892028
0.9911939898101758,-0.12409309422296155,-0.04621059044111753,13.802603220242531,0.1263779006070301,0.9907050159843801,0.05032103187651566,0.666143771199672,0.03953658283820616,-0.055717904317830746,0.9976634110706961,0.34932413883971947
0.9909809244249288,-0.12556374027991823,-0.04680423065023487,13.968040418034604,0.1279038368317075,0.9904800623946988,0.05089011322250127,0.6848750814431801,0.039968710371474536,-0.05641756757083827,0.997606894132826,0.35683445345567577
0.9907652848571724,-0.12703373172885257,-0.04739886833204146,14.133445094292057,0.12942977725100008,0.9902524632006927,0.05145821064013456,0.7038616634439103,0.040399924280142274,-0.05711783146683652,0.9975496981374435,0.36441983425314106
0.9905470932921094,-0.12850306613152684,-0.047994284964041484,14.298817249014888,0.13095571766825714,0.990022218605044,0.0520253660485652,0.7231035172018636,0.040829994219981125,-0.057818703968416374,0.997491786493289,0.37208028123210113
0.9903264131643369,-0.12997161922261236,-0.04859045822669575,14.46415624901067,0.13248152741459224,0.989789275779926,0.052591621176030154,0.7426007022328696,0.041258894460360795,-0.05852020588360762,0.9974332158974776,0.3798120326120582
0.9901031962045433,-0.13143949247243258,-0.04918748684546545,14.629462724273424,0.13400732971935922,0.9895536288475408,0.05315689595196041,0.7623532185374584,0.04168673884424934,-0.05922229000411383,0.9973740028814465,0.38761885070907454
0.9898774288466416,-0.1329066952316703,-0.04978529501412801,14.794736044809099,0.13553310226391077,0.9893153373242433,0.05372123987800548,0.7823610661150999,0.04211343899152986,-0.05992499253574446,0.9973140743170604,0.395496973207095
