0.17364822328090668,-3.924501257301927e-08,-0.9848077297210693,-142.74038696289062,-0.9848077297210693,-2.9154328728964174e-08,-0.17364822328090668,-6.682406902313232,-2.189658232509828e-08,1.0,-4.371138828673793e-08,49.999996185302734
0.17449890077114105,-0.0001639743277337402,-0.984657347202301,-142.60377502441406,-0.9846564531326294,-0.0014079440152272582,-0.17449849843978882,-6.6023478507995605,-0.0013577290810644627,0.9999989867210388,-0.00040714305941946805,49.947998046875
0.17534957826137543,-0.00032671098597347736,-0.9845061898231506,-142.46722412109375,-0.9845024943351746,-0.0028159995563328266,-0.17534799873828888,-6.522097587585449,-0.002715080976486206,0.9999960064888,-0.0008154321694746614,49.89613723754883
0.17620040476322174,-0.00048812988097779453,-0.9843541979789734,-142.3307342529297,-0.9843459129333496,-0.004224172327667475,-0.17619682848453522,-6.441656589508057,-0.00407207477837801,0.9999909400939941,-0.001224789535626769,49.84441375732422
0.17705123126506805,-0.0006483474280685186,-0.9842014312744141,-142.19430541992188,-0.9841866493225098,-0.005632477346807718,-0.1770448535680771,-6.361024856567383,-0.005428705830127001,0.9999839067459106,-0.0016353318933397532,49.792823791503906
0.17790216207504272,-0.0008073612116277218,-0.9840478301048279,-142.0579376220703,-0.9840247631072998,-0.007040912751108408,-0.17789222300052643,-6.280202865600586,-0.0067849718034267426,0.9999749064445496,-0.002047057030722499,49.741371154785156
0.17875321209430695,-0.0009651697473600507,-0.9838934540748596,-141.921630859375,-0.9838602542877197,-0.008449473418295383,-0.17873889207839966,-6.199190616607666,-0.008140867576003075,0.9999638199806213,-0.0024599626194685698,49.69005584716797
0.17960436642169952,-0.0011217715218663216,-0.9837383031845093,-141.78538513183594,-0.9836930632591248,-0.009858152829110622,-0.17958487570285797,-6.117988586425781,-0.009496388956904411,0.9999507665634155,-0.0028740460984408855,49.63887405395508
0.18045561015605927,-0.0012771639740094543,-0.9835823178291321,-141.64920043945312,-0.9835232496261597,-0.011266951449215412,-0.18043015897274017,-6.03659725189209,-0.010851535014808178,0.9999356865882874,-0.0032893051393330097,49.58782958984375
0.181306853890419,-0.0014312301063910127,-0.9834255576133728,-141.51307678222656,-0.9833508133888245,-0.012675842270255089,-0.1812746226787567,-5.955016613006592,-0.012206302024424076,0.9999186396598816,-0.0037056184373795986,49.536922454833984
0.18215827643871307,-0.0015840827254578471,-0.9832679629325867,-141.37701416015625,-0.9831756949424744,-0.014084841124713421,-0.1821185052394867,-5.873246669769287,-0.013560682535171509,0.9998995661735535,-0.004123102407902479,49.48615264892578
0.1830098032951355,-0.0017357217147946358,-0.9831095337867737,-141.2410125732422,-0.9829979538917542,-0.015493943355977535,-0.18296167254447937,-5.791287899017334,-0.014914672821760178,0.999878466129303,-0.0045417542569339275,49.43552017211914
0.18386128544807434,-0.0018862644210457802,-0.9829503893852234,-141.10507202148438,-0.9828175902366638,-0.016903167590498924,-0.1838040053844452,-5.709140300750732,-0.016268271952867508,0.9998553395271301,-0.004961691796779633,49.38502502441406
0.18471284210681915,-0.002035590121522546,-0.9827904105186462,-140.9691925048828,-0.9826345443725586,-0.01831248588860035,-0.1846456080675125,-5.626804351806641,-0.017621472477912903,0.9998302459716797,-0.005382792558521032,49.33467102050781
0.18556445837020874,-0.002183580072596669,-0.982629656791687,-140.8333740234375,-0.9824488759040833,-0.019721874967217445,-0.18548649549484253,-5.544280529022217,-0.01897427625954151,0.9998031258583069,-0.0058049350045621395,49.284454345703125
0.1864161491394043,-0.002330349525436759,-0.9824681282043457,-140.69761657714844,-0.9822605848312378,-0.021131355315446854,-0.18632665276527405,-5.461568832397461,-0.020326675847172737,0.9997739791870117,-0.006228236015886068,49.234375
0.18726788461208344,-0.0024758975487202406,-0.9823057651519775,-140.56192016601562,-0.9820696115493774,-0.02254091389477253,-0.18716606497764587,-5.378669261932373,-0.021678665652871132,0.999742865562439,-0.006652693264186382,49.1844367980957
0.18811967968940735,-0.0026203382294625044,-0.9821426272392273,-140.42630004882812,-0.9818760752677917,-0.02395058237016201,-0.18800471723079681,-5.295582294464111,-0.023030251264572144,0.9997097253799438,-0.007078423164784908,49.13463592529297
0.1889716386795044,-0.0027635511942207813,-0.9819786548614502,-140.29074096679688,-0.9816797971725464,-0.02536032348871231,-0.1888427585363388,-5.212308406829834,-0.024381419643759727,0.9996745586395264,-0.007505304180085659,49.08497619628906
0.18982352316379547,-0.0029054225888103247,-0.981813907623291,-140.15524291992188,-0.9814809560775757,-0.02677011489868164,-0.18967992067337036,-5.128847599029541,-0.025732170790433884,0.9996373653411865,-0.00793321430683136,49.03545379638672
0.19067543745040894,-0.003046065801754594,-0.9816483855247498,-140.01980590820312,-0.9812794923782349,-0.028179973363876343,-0.19051632285118103,-5.045199871063232,-0.027082500979304314,0.9995982050895691,-0.008362270891666412,48.9860725402832
0.1915273815393448,-0.003185596317052841,-0.9814820885658264,-139.88442993164062,-0.9810753464698792,-0.02958991751074791,-0.1913519650697708,-4.961366176605225,-0.02843240462243557,0.9995570182800293,-0.008792589418590069,48.936832427978516
0.19237945973873138,-0.003323890967294574,-0.9813149571418762,-139.74913024902344,-0.9808685779571533,-0.0309999231249094,-0.19218695163726807,-4.877346038818359,-0.029781879857182503,0.9995138645172119,-0.00922404881566763,48.887733459472656
0.19323156774044037,-0.003460836596786976,-0.981147050857544,-139.6138916015625,-0.9806591868400574,-0.03240995481610298,-0.19302116334438324,-4.793140411376953,-0.031130917370319366,0.9994686841964722,-0.009656528010964394,48.83877182006836
0.19408369064331055,-0.003596547292545438,-0.9809783697128296,-139.4787139892578,-0.9804471731185913,-0.03382003679871559,-0.19385458528995514,-4.708748817443848,-0.03247951716184616,0.9994214773178101,-0.010090142488479614,48.78995132446289
0.19493581354618073,-0.003731139237061143,-0.9808089137077332,-139.34359741210938,-0.9802324771881104,-0.035230185836553574,-0.19468723237514496,-4.624172210693359,-0.03382767364382744,0.9993722438812256,-0.010525008663535118,48.74127197265625
0.19578807055950165,-0.0038644869346171618,-0.9806386232376099,-139.20855712890625,-0.9800151586532593,-0.036640387028455734,-0.19551919400691986,-4.53941011428833,-0.035175397992134094,0.9993210434913635,-0.01096100639551878,48.69273376464844
0.19664031267166138,-0.003996594808995724,-0.9804675579071045,-139.07357788085938,-0.9797952175140381,-0.03805062547326088,-0.1963503658771515,-4.454463481903076,-0.036522671580314636,0.9992678165435791,-0.0113981319591403,48.64434051513672
0.1974925547838211,-0.004127462860196829,-0.980295717716217,-138.93865966796875,-0.9795726537704468,-0.039460889995098114,-0.19718073308467865,-4.369332313537598,-0.03786948695778847,0.9992125630378723,-0.011836382560431957,48.59608840942383
0.1983449012041092,-0.0042570834048092365,-0.9801230430603027,-138.80381774902344,-0.9793474674224854,-0.040871188044548035,-0.1980104148387909,-4.2840166091918945,-0.039215847849845886,0.9991553425788879,-0.012275755405426025,48.547977447509766
0.1991972178220749,-0.0043855756521224976,-0.9799495935440063,-138.66903686523438,-0.979119598865509,-0.042281538248062134,-0.19883927702903748,-4.198516845703125,-0.040561750531196594,0.9990960955619812,-0.012716367840766907,48.50000762939453
0.2000495195388794,-0.004512821789830923,-0.9797753691673279,-138.53431701660156,-0.9788891673088074,-0.043691907078027725,-0.1996673196554184,-4.112833499908447,-0.04190719500184059,0.9990348815917969,-0.013158097863197327,48.45218276977539
0.2009017914533615,-0.004638703539967537,-0.9796004295349121,-138.399658203125,-0.9786560535430908,-0.04510227218270302,-0.20049455761909485,-4.026966571807861,-0.04325217008590698,0.9989715814590454,-0.013600822538137436,48.40449905395508
0.2017541378736496,-0.004763448145240545,-0.9794245958328247,-138.26507568359375,-0.9784203767776489,-0.046512670814991,-0.2013210654258728,-3.9409162998199463,-0.04459667205810547,0.9989063143730164,-0.014044779352843761,48.35696029663086
0.2026064544916153,-0.004886943846940994,-0.979248046875,-138.13055419921875,-0.9781820178031921,-0.047923073172569275,-0.2021467387676239,-3.8546829223632812,-0.04594069719314575,0.9988390803337097,-0.01448984444141388,48.30956268310547
0.2034589648246765,-0.005009290762245655,-0.9790706634521484,-137.99610900878906,-0.9779410362243652,-0.04933351278305054,-0.20297180116176605,-3.7682666778564453,-0.04728424921631813,0.9987698197364807,-0.014936136081814766,48.26231002807617
0.20431141555309296,-0.005130386911332607,-0.9788925051689148,-137.86172485351562,-0.9776974320411682,-0.050743937492370605,-0.20379602909088135,-3.6816680431365967,-0.048627305775880814,0.9986985325813293,-0.015383531339466572,48.21520233154297
0.20516392588615417,-0.005250219721347094,-0.9787135720252991,-137.72740173339844,-0.9774511456489563,-0.05215436592698097,-0.20461951196193695,-3.5948870182037354,-0.049969885498285294,0.9986252188682556,-0.015832027420401573,48.168235778808594
0.20601637661457062,-0.005368792451918125,-0.9785338044166565,-137.59315490722656,-0.977202296257019,-0.053564801812171936,-0.2054421454668045,-3.5079240798950195,-0.05131199583411217,0.9985499382019043,-0.016281623393297195,48.12141418457031
0.20686887204647064,-0.005486217327415943,-0.9783533215522766,-137.45896911621094,-0.9769508242607117,-0.054975248873233795,-0.20626403391361237,-3.4207794666290283,-0.05265360698103905,0.9984726309776306,-0.016732431948184967,48.074737548828125
0.2077212929725647,-0.005602383986115456,-0.9781720042228699,-137.32485961914062,-0.9766966700553894,-0.056385669857263565,-0.20708505809307098,-3.3334531784057617,-0.053994715213775635,0.9983933568000793,-0.017184333875775337,48.02820587158203
0.20857375860214233,-0.005717283580452204,-0.977989912033081,-137.19081115722656,-0.9764399528503418,-0.057796064764261246,-0.2079053372144699,-3.245945692062378,-0.05533531680703163,0.9983120560646057,-0.017637327313423157,47.98181915283203
0.20942625403404236,-0.005830913316458464,-0.9778070449829102,-137.0568389892578,-0.9761806130409241,-0.05920643359422684,-0.20872484147548676,-3.158257246017456,-0.056675415486097336,0.9982287287712097,-0.018091406673192978,47.935577392578125
0.2102786749601364,-0.005943394266068935,-0.9776234030723572,-136.9229278564453,-0.9759185910224915,-0.06061680614948273,-0.20954346656799316,-3.0703883171081543,-0.05801501125097275,0.9981434345245361,-0.01854669116437435,47.88948440551758
0.21113109588623047,-0.006054599769413471,-0.9774389863014221,-136.78909301757812,-0.9756540060043335,-0.06202715262770653,-0.2103613168001175,-2.9823389053344727,-0.05935410410165787,0.9980561137199402,-0.01900305598974228,47.843536376953125
0.2119835466146469,-0.0061645302921533585,-0.977253794670105,-136.6553192138672,-0.9753867983818054,-0.06343746185302734,-0.21117840707302094,-2.8941092491149902,-0.0606926828622818,0.9979667663574219,-0.01946049928665161,47.797733306884766
0.21283601224422455,-0.006273303180932999,-0.977067768573761,-136.52162170410156,-0.9751169085502625,-0.06484773755073547,-0.2119946926832199,-2.8056998252868652,-0.06203073263168335,0.997875452041626,-0.01991913840174675,47.7520751953125
0.21368835866451263,-0.006380804348737001,-0.9768810272216797,-136.3879852294922,-0.9748444557189941,-0.06625798344612122,-0.21281008422374725,-2.7171106338500977,-0.06336826831102371,0.9977821111679077,-0.020378850400447845,47.706565856933594
0.21454082429409027,-0.006487017963081598,-0.9766934514045715,-136.25442504882812,-0.9745693802833557,-0.06766816973686218,-0.21362480521202087,-2.6283421516418457,-0.0647052675485611,0.9976868033409119,-0.02083963342010975,47.66120147705078
0.21539317071437836,-0.006592078134417534,-0.9765051603317261,-136.1209259033203,-0.9742916822433472,-0.06907831132411957,-0.21443861722946167,-2.5393946170806885,-0.0660417303442955,0.9975894689559937,-0.021301602944731712,47.61598587036133
0.21624551713466644,-0.006695850286632776,-0.9763160347938538,-135.9875030517578,-0.9740113615989685,-0.07048841565847397,-0.2152516096830368,-2.450268268585205,-0.06737767904996872,0.9974901080131531,-0.021764637902379036,47.570919036865234
0.21709783375263214,-0.006798454560339451,-0.9761261940002441,-135.85414123535156,-0.9737284183502197,-0.07189847528934479,-0.21606379747390747,-2.3609633445739746,-0.06871308386325836,0.9973887801170349,-0.022228851914405823,47.525997161865234
0.2179500162601471,-0.006899780593812466,-0.9759355187416077,-135.72085571289062,-0.9734429121017456,-0.07330847531557083,-0.21687506139278412,-2.271480083465576,-0.07004795223474503,0.9972854256629944,-0.022694125771522522,47.481224060058594
0.2188022881746292,-0.006999809294939041,-0.9757441282272339,-135.58763122558594,-0.9731547236442566,-0.0747184008359909,-0.21768562495708466,-2.181818723678589,-0.07138228416442871,0.9971801042556763,-0.023160455748438835,47.43659973144531
0.21965453028678894,-0.007098664995282888,-0.9755519032478333,-135.45448303222656,-0.9728639721870422,-0.0761282816529274,-0.21849536895751953,-2.091979742050171,-0.07271605730056763,0.9970727562904358,-0.023627957329154015,47.39212417602539
0.2205067276954651,-0.007196349557489157,-0.9753589034080505,-135.3214111328125,-0.972570538520813,-0.07753808051347733,-0.21930426359176636,-2.0019631385803223,-0.07404927164316177,0.9969634413719177,-0.024096626788377762,47.34779739379883
0.2213590145111084,-0.007292727008461952,-0.9751651287078857,-135.1884002685547,-0.9722745418548584,-0.07894782721996307,-0.22011244297027588,-1.9117693901062012,-0.07538194209337234,0.9968520998954773,-0.024566344916820526,47.303619384765625
0.22221112251281738,-0.007387939840555191,-0.9749705791473389,-135.0554656982422,-0.9719759225845337,-0.08035748451948166,-0.220919668674469,-1.8213987350463867,-0.07671403884887695,0.9967387318611145,-0.02503722533583641,47.25959014892578
0.22306318581104279,-0.007481853943318129,-0.9747752547264099,-134.92259216308594,-0.9716746807098389,-0.08176705241203308,-0.22172605991363525,-1.730851411819458,-0.07804558426141739,0.9966233968734741,-0.025509146973490715,47.2157096862793
0.22391529381275177,-0.007574458606541157,-0.9745791554450989,-134.789794921875,-0.9713708162307739,-0.08317653834819794,-0.22253170609474182,-1.6401276588439941,-0.07937657088041306,0.9965060353279114,-0.02598210796713829,47.17197799682617
0.22476722300052643,-0.007665891665965319,-0.9743823409080505,-134.65707397460938,-0.9710643887519836,-0.08458594232797623,-0.2233363837003708,-1.5492278337478638,-0.08070697635412216,0.996386706829071,-0.02645622193813324,47.128395080566406
0.22561921179294586,-0.0077561279758811,-0.9741846919059753,-134.52442932128906,-0.9707553386688232,-0.08599527180194855,-0.22414031624794006,-1.458152174949646,-0.0820368155837059,0.9962653517723083,-0.026931487023830414,47.0849609375
0.22647099196910858,-0.007845188491046429,-0.9739863276481628,-134.391845703125,-0.9704437255859375,-0.0874045118689537,-0.22494325041770935,-1.36690092086792,-0.08336608111858368,0.9961420297622681,-0.027407901361584663,47.04167938232422
0.22732281684875488,-0.0079329339787364,-0.9737871289253235,-134.25933837890625,-0.9701294302940369,-0.0888136476278305,-0.22574543952941895,-1.2754743099212646,-0.0846947655081749,0.9960166811943054,-0.02788534201681614,46.9985466003418
0.22817455232143402,-0.008019490167498589,-0.9735872149467468,-134.1269073486328,-0.9698125720024109,-0.09022267907857895,-0.2265467494726181,-1.1838726997375488,-0.08602286130189896,0.9958893060684204,-0.028363922610878944,46.95556640625
0.22902631759643555,-0.008104726672172546,-0.9733864665031433,-133.99453735351562,-0.9694930911064148,-0.09163160622119904,-0.22734728455543518,-1.0920963287353516,-0.08735037595033646,0.9957599639892578,-0.028843525797128677,46.91273498535156
0.22987809777259827,-0.008188643492758274,-0.9731850028038025,-133.86224365234375,-0.9691709876060486,-0.09304039180278778,-0.22814707458019257,-1.000145435333252,-0.0886773020029068,0.9956286549568176,-0.02932414412498474,46.87005615234375
0.23072965443134308,-0.008271375671029091,-0.9729827642440796,-133.7300262451172,-0.968846321105957,-0.09444908052682877,-0.22894583642482758,-0.9080203771591187,-0.09000363200902939,0.9954953193664551,-0.029805896803736687,46.82752990722656
0.2315812110900879,-0.008352902717888355,-0.9727796912193298,-133.59788513183594,-0.9685190320014954,-0.0958576574921608,-0.2297438085079193,-0.8157213926315308,-0.09132935851812363,0.9953600168228149,-0.030288778245449066,46.785152435302734
0.2324327826499939,-0.008433219976723194,-0.9725759029388428,-133.46580505371094,-0.9681891202926636,-0.09726611524820328,-0.23054100573062897,-0.7232487201690674,-0.09265448153018951,0.9952226877212524,-0.03077278658747673,46.74292755126953
0.2332841157913208,-0.008512233383953571,-0.9723713397979736,-133.33380126953125,-0.9678566455841064,-0.09867443144321442,-0.23133717477321625,-0.6306027173995972,-0.09397899359464645,0.9950833916664124,-0.03125780075788498,46.70085525512695
0.2341354340314865,-0.008590033277869225,-0.9721660614013672,-133.20187377929688,-0.9675215482711792,-0.1000826358795166,-0.23213253915309906,-0.5377836227416992,-0.09530290961265564,0.9949420690536499,-0.03174393251538277,46.658935546875
0.23498673737049103,-0.008666619658470154,-0.9719599485397339,-133.0700225830078,-0.9671838283538818,-0.10149069875478745,-0.2329270988702774,-0.44479167461395264,-0.09662620723247528,0.9947987198829651,-0.03223118558526039,46.61716842651367
0.235837921500206,-0.008741885423660278,-0.9717530608177185,-132.93824768066406,-0.9668435454368591,-0.10289861261844635,-0.23372073471546173,-0.3516271710395813,-0.09794888645410538,0.9946534633636475,-0.03271942958235741,46.57555389404297
0.23668906092643738,-0.008815930224955082,-0.9715454578399658,-132.80653381347656,-0.9665006995201111,-0.1043064072728157,-0.2345135509967804,-0.2582904100418091,-0.09927095472812653,0.9945061206817627,-0.03320878744125366,46.53409194946289
0.23754017055034637,-0.008888760581612587,-0.9713370203971863,-132.67489624023438,-0.9661551713943481,-0.10571403801441193,-0.2353055626153946,-0.16478165984153748,-0.10059238225221634,0.9943568706512451,-0.03369925171136856,46.49278259277344
0.23839102685451508,-0.008960507810115814,-0.9711279273033142,-132.5433349609375,-0.9658071398735046,-0.10712156444787979,-0.23609648644924164,-0.07110121101140976,-0.10191319137811661,0.9942055344581604,-0.03419094160199165,46.45162582397461
0.23924194276332855,-0.009030905552208424,-0.9709179997444153,-132.41184997558594,-0.9654564261436462,-0.10852890461683273,-0.23688670992851257,0.022750668227672577,-0.10323336720466614,0.9940522909164429,-0.03468361124396324,46.41062545776367
0.2400926947593689,-0.009100085124373436,-0.9707072973251343,-132.2804412841797,-0.9651032090187073,-0.10993611812591553,-0.2376759648323059,0.11677368730306625,-0.10455292463302612,0.993897020816803,-0.035177379846572876,46.36977767944336
0.24094340205192566,-0.009168048389256,-0.970495879650116,-132.14910888671875,-0.9647473692893982,-0.1113431379199028,-0.2384643852710724,0.21096757054328918,-0.10587180405855179,0.9937397241592407,-0.03567224368453026,46.32908248901367
0.24179403483867645,-0.00923466682434082,-0.9702836275100708,-132.01785278320312,-0.964388906955719,-0.11274997889995575,-0.239251971244812,0.3053320646286011,-0.10719005018472672,0.9935804605484009,-0.03616808354854584,46.288543701171875
0.24264462292194366,-0.00930005218833685,-0.9700706601142883,-131.8866729736328,-0.9640278220176697,-0.11415666341781616,-0.2400387078523636,0.39986687898635864,-0.1085076555609703,0.9934192299842834,-0.03666500747203827,46.2481575012207
0.24349501729011536,-0.009364222176373005,-0.9698569178581238,-131.75555419921875,-0.9636642336845398,-0.11556316912174225,-0.24082446098327637,0.4945716857910156,-0.10982460528612137,0.9932559728622437,-0.03716301918029785,46.20792770385742
0.24434532225131989,-0.009427160024642944,-0.9696424603462219,-131.62451171875,-0.9632980227470398,-0.11696949601173401,-0.2416093498468399,0.5894461870193481,-0.1111408993601799,0.9930907487869263,-0.037662114948034286,46.167850494384766
0.24519556760787964,-0.009488863870501518,-0.969427227973938,-131.49354553222656,-0.9629291892051697,-0.11837564408779144,-0.242393359541893,0.6844902038574219,-0.11245653033256531,0.9929235577583313,-0.03816228732466698,46.1279296875
0.24604570865631104,-0.00954932440072298,-0.9692111611366272,-131.36265563964844,-0.9625577926635742,-0.11978163570165634,-0.24317650496959686,0.7797033786773682,-0.11377152800559998,0.992754340171814,-0.038663532584905624,46.088165283203125
0.24689577519893646,-0.009608433581888676,-0.9689943790435791,-131.23184204101562,-0.9621838331222534,-0.12118740379810333,-0.24395878612995148,0.8750854134559631,-0.11508585512638092,0.992583155632019,-0.03916573524475098,46.04855728149414
0.24774572253227234,-0.00966641679406166,-0.9687768816947937,-131.10110473632812,-0.9618072509765625,-0.12259301543235779,-0.24474015831947327,0.9706360697746277,-0.11639951169490814,0.9924099445343018,-0.03966912627220154,46.00910568237305
0.24859558045864105,-0.009723163209855556,-0.9685585498809814,-130.97044372558594,-0.9614281058311462,-0.12399841099977493,-0.24552063643932343,1.0663551092147827,-0.11771249026060104,0.9922347664833069,-0.04017357900738716,45.969810485839844
0.24944531917572021,-0.009778548032045364,-0.9683395028114319,-130.83985900878906,-0.9610463976860046,-0.12540359795093536,-0.24630025029182434,1.1622421741485596,-0.11902479827404022,0.9920576214790344,-0.040678977966308594,45.930667877197266
