1.0000000294105207,-4.855939822587713e-09,3.010761889798985e-09,0.0,-4.855939822587713e-09,1.0000000275380008,-7.377122436048266e-10,0.0,3.010761889798985e-09,-7.377122436048266e-10,1.000000015921967,0.0
0.9999977227270156,-0.0002839656908631387,0.002124888609729786,0.1506114412569275,0.0002837825222267124,0.9999999851086561,8.507701307982557e-05,0.04227871147052831,-0.0021249106468169826,-8.447431660146484e-05,0.9999977202876792,-0.05750616469681802
0.999990824599049,-0.0005682454596188383,0.004249717869118819,0.30108054933819517,0.0005675054939721742,0.9999998457934134,0.0001707698155415439,0.08459414282249966,-0.004249816063339781,-0.00016835855403444025,0.9999909849726609,-0.11533754598926294
0.9999793077281511,-0.0008525800477432219,0.006374497505378829,0.45142196185994976,0.0008509343645000465,0.9999996474708729,0.00025705343757607773,0.12694844892734025,-0.006374716039735898,-0.00025162603995067603,0.9999796309133387,-0.17348880727836757
0.9999632544976034,-0.0011371958960271788,0.008499205603936216,0.6016210412060445,0.00113432199789532,0.9999992974638799,0.0003439536948690763,0.16933947491362566,-0.008499587143774287,-0.0003342998324897782,0.9999638356139017,-0.231965285163092
0.9999425823361052,-0.0014219043327891709,0.010623828384411754,0.7516928143508039,0.0014174007782506643,0.9999989432481438,0.0004314424069783347,0.21176937565283893,-0.010624430357889403,-0.00041636029528644564,0.9999434778252929,-0.29076543781926034
0.9999173149278197,-0.001706894075754527,0.01274837077445451,0.9016218649617258,0.0017004151521843465,0.9999984373479549,0.0005195474939580674,0.2542359962734366,-0.012749228272600943,-0.0004978266159525527,0.9999186179706768,-0.3498870122962643
0.9998874371417199,-0.001991953413867464,0.014872932663249294,1.0514081260507453,0.001983135424901735,0.9999978703361018,0.0006082410144988401,0.2967398088337241,-0.014874102275550305,-0.0005786767064272502,0.999889206381491,-0.40933001546733294
0.9998529793349151,-0.0022771997661588618,0.016997379175530736,1.2010666915802801,0.002265673276621336,0.9999972253776507,0.000697533663138021,0.339282496146879,-0.01699891443745237,-0.0006589224095491855,0.9998552891365942,-0.4690928986350542
0.9998138820478213,-0.0025626247799163566,0.019121716863672422,1.3505825345759774,0.002548020289876309,0.9999964434653138,0.0007874320239921955,0.38186190334141834,-0.01912366336938838,-0.0007385626635031603,0.9998168669082845,-0.5291772036236182
0.9997702598248339,-0.0028482305392552704,0.021245930322570605,1.4999555880497724,0.002830208051421969,0.9999956447180337,0.0008779292525567877,0.42447850247564745,-0.02124832982897544,-0.0008175975650988737,0.9997738781983716,-0.5895829373062398
0.9997219937467855,-0.003134015019471625,0.02336999952404828,1.649185852001665,0.003112219726324633,0.9999947090168677,0.0009690279846020696,0.4671322935495663,-0.023372911038376035,-0.0008960264384899469,0.9997264407870265,-0.6503100996829261
0.9996691459390825,-0.00341998659704232,0.025493929036486618,1.79827339341972,0.0033940342284069355,0.9999936953691039,0.001060729011924333,0.5098228045048696,-0.02549739313359374,-0.0009738501138769062,0.9996744353078449,-0.7113586838804622
0.9996117253476775,-0.0037060279212595207,0.027617700456433136,1.9472181453159294,0.0036755777985587094,0.9999926206096755,0.001153013634356221,0.5525505073998627,-0.027621760217349106,-0.0010510560825289228,0.9996179197901318,-0.7727286967720488
0.9995496628065691,-0.00399223334207419,0.029741309913498826,2.0960201746782445,0.003956915778423162,0.9999914110007281,0.0012458992394928173,0.5953149301762402,-0.029746019386333325,-0.0011276540251074357,0.9995568339192021,-0.8344201314844852
0.999483065426741,-0.004278743329773722,0.03186484822537,2.2446790251605364,0.004238212521155251,0.9999901066102492,0.001339398713921256,0.638116544892247,-0.03187026450629882,-0.0012036581203393043,0.9994913068484302,-0.8964292001161951
0.9994118270624722,-0.004565331485155166,0.03398810665277929,2.393194696762748,0.004519200410843996,0.9999888001153938,0.0014334860240764527,0.6809553515478832,-0.033994266797925526,-0.0012790449047592467,0.9994211973252434,-0.9587559026671784
0.9993360134450868,-0.004851958054507851,0.036111149018902444,2.5415675788430576,0.004799902616779519,0.9999873165986648,0.0015281532520124447,0.7238313501432092,-0.0361181093932848,-0.0013538098898968204,0.9993466317332769,-1.0214040339122334
0.9992556053413791,-0.0051388976177219395,0.03823411668580623,2.689797282043344,0.0050805404162934985,0.9999857973076924,0.0016234396207864756,0.7667445406781628,-0.038241914100910004,-0.0014279813657070983,0.9992675047416746,-1.084369799076562
0.9991706240779314,-0.005425898655075484,0.04035687411347333,2.8378838063635214,0.00536087778023227,0.9999841578977675,0.0017193077513199923,0.8096949231527457,-0.040365558897479684,-0.0015015332912677176,0.9991838623610881,-1.1476531981601639
0.9990810492934241,-0.005713086973958533,0.04247941868518301,2.985812124829323,0.005641047474993474,0.9999824405412447,0.0018157760833904775,0.852680342695475,-0.04248903089274765,-0.001574478223810516,0.9990957043230326,-1.2112557729872364
0.9989868396081976,-0.006000345193957579,0.044601708731645096,3.133597264415073,0.005920908316712276,0.9999806620730576,0.0019128217080981542,0.8957029541778336,-0.04461231935303284,-0.0016468039441230042,0.9990030263520816,-1.2751759817335895
0.9988880789264634,-0.006287893442707962,0.046723768107305275,3.2812392251207143,0.006200713169473902,0.9999787909277056,0.0020104875577090977,0.9387627575998216,-0.0467354156694432,-0.0017185329796167992,0.9989058308957915,-1.339413824399216
0.9987847237751853,-0.006575620694539666,0.04884558501577674,3.428722979972008,0.0064803356012355035,0.9999767828284678,0.002108751244101396,0.9818575980899578,-0.048858309323085755,-0.0017896532364817253,0.9988041167438085,-1.403970842808306
0.9986767872870692,-0.006863403214295694,0.05096713193920477,3.576063166585044,0.006759672349242941,0.9999747157219322,0.00220759565069745,1.024989630519661,-0.05098098398710488,-0.0018601523701029798,0.9986978810726967,-1.4688417003618994
0.998564198202737,-0.007151387773536719,0.053088400700491256,3.7232601073299634,0.007038803506961408,0.999972568564432,0.002307035529318303,1.068159326947299,-0.05310344697297985,-0.0019300452057427475,0.998587182961024,-1.5340301987079812
0.998447124818484,-0.007439545034585784,0.055209402682063036,3.8702984528623006,0.0073177985822568,0.9999703455647004,0.0024070764118990845,1.1113640604430213,-0.05522566603348371,-0.001999328616218321,0.9984719037415329,-1.5995340780227494
0.9983253660114914,-0.007727763959890603,0.05733022482064565,4.017178592540262,0.007596461635222021,0.9999680024460166,0.0025076958890617204,1.1546038310068933,-0.05734776666032344,-0.002067990623526861,0.9983521122518272,-1.6653571330809882
0.9981990647779057,-0.008016155622650267,0.059450753337290885,4.163915096991957,0.007874965436475222,0.9999655834851013,0.0026089142658157196,1.1978812655686362,-0.05946961434641572,-0.0021360428582491986,0.9982278567353273,-1.7314940341569311
0.9980681797380673,-0.008304632021716168,0.06157097340493123,4.310493006231042,0.008153168802151566,0.999963101308155,0.00271071073762987,1.2411937371984667,-0.06159119835807947,-0.0022034758230298768,0.9980990158355827,-1.7979463162015605
0.9979326941449636,-0.008593272844141926,0.06369087050107497,4.456927347231897,0.008431189746826943,0.9999604842816895,0.002813101900302022,1.2845434007678662,-0.06371252041361941,-0.002270297577035313,0.9979657078976685,-1.8647124373906863
0.9977926469088395,-0.00888221225894165,0.065810432371255,4.6032030260321335,0.008709154702543494,0.9999578335853471,0.002916111465154912,1.3279285734636552,-0.06583354656191152,-0.002336521652457041,0.997827871746662,-1.9317939464217133
0.997647955646414,-0.009171228084070351,0.06792965895020747,4.7493200426317514,0.00898681080521623,0.9999550606656856,0.003019697020699388,1.3713492552858373,-0.06795430023518685,-0.002402125135555405,0.9976855672934349,-1.9991908432946417
0.9974987341416168,-0.009460299331592871,0.07004854720725168,4.8952780746606095,0.00926418964160035,0.9999522287387264,0.00312386015052615,1.414804974176045,-0.070074754779393,-0.0024671059899147307,0.9975386743918906,-2.0668993263614723
0.9973449059998328,-0.009749549760430739,0.07216708209655176,5.041077444488877,0.00954138605698256,0.9999492598578811,0.003228621138388545,1.458296202192642,-0.07219488807411933,-0.0025314763285351483,0.9973873113334074,-2.134923197270197
0.997186489489005,-0.010038870310206574,0.07428523688526922,5.186718152116498,0.009818282036787206,0.9999462298653714,0.0033339573357757278,1.5018229393356322,-0.07431471322440014,-0.002595225312489541,0.997231475375095,-2.2032624560208305
0.9970235250403088,-0.010328363751906747,0.0764030294535124,5.33221490214774,0.010095004013056668,0.9999431240306303,0.0034398911308105525,1.5453868684181291,-0.0764342111024504,-0.002658363018362364,0.9970711084339516,-2.271911759141176
0.9968559798272206,-0.010617927409603035,0.07852053840862083,5.477552600620157,0.010371425553749744,0.9999399570842248,0.003546396165771459,1.588986306626957,-0.07855347495275013,-0.002720878443110475,0.9969062185753857,-2.3408726553286314
0.9966838243628386,-0.010907670284261477,0.08063766994513122,5.62273124753375,0.010647679425262662,0.9999366531839334,0.003653500381968823,1.6326212539621157,-0.08067240294501914,-0.00278278300469767,0.9967367961746041,-2.410145144583211
0.9965070613129856,-0.011197586086491063,0.08275438836809074,5.76773581591425,0.010923736123951214,0.9999332734414107,0.003761201414646089,1.676289555552124,-0.08279097982634225,-0.0028440759407812877,0.9965628974867387,-2.479730768729098
0.996325748248666,-0.011487586779496378,0.08487058367134437,5.912581332735982,0.011199515556348086,0.9999298304828568,0.003869473208982011,1.7199933662684632,-0.08490906487518916,-0.0029047481014278786,0.9963844513071747,-2.549627985942095
0.9961398969445066,-0.011777752109742384,0.0869864560031014,6.05726779799889,0.011475106233388963,0.9999262526747835,0.003978339694175934,1.7637326861111315,-0.08702689655371244,-0.0029648069667671806,0.9962015380894412,-2.6198367962222164
0.9959494293053317,-0.012068090415088606,0.0891019000231838,6.201795211702972,0.01175052924124874,0.9999225990244791,0.004087804579438575,1.8075075150801307,-0.089144333080849,-0.0030242537433735617,0.9960141470252394,-2.690357199569462
0.9957543677858377,-0.012358513623092825,0.09121691054227044,6.346163573848287,0.01202563706170779,0.9999188821581434,0.004197841788693466,1.8513178531754608,-0.09126138713205693,-0.00308307962873558,0.9958222176645561,-2.7611891959838175
0.9955547486304468,-0.012649109889373143,0.09333146313845114,6.490372495076656,0.012300585630452464,0.9999150894495764,0.004308475033261463,1.8951637003970614,-0.0933780400091274,-0.0031412926147133258,0.9956258074191806,-2.832328990690506
0.9953505876376875,-0.012939753406539512,0.09544555262240478,6.634407337771876,0.012575242181084415,0.9999111787264237,0.0044196782370660975,1.9390429018735098,-0.0954942601322896,-0.0031988801440749615,0.9954248558390998,-2.903781920288509
0.9951418129757356,-0.01323059927212986,0.09755916924700081,6.778282739550093,0.012849701558891057,0.9999071879523062,0.004531477215794903,1.9829576124762305,-0.09761006985114988,-0.0032558583644643757,0.9952194218417905,-2.9755426481788376
0.9949284341629898,-0.013521492459899871,0.0996723161523041,6.92198367343704,0.01312387525294,0.9999030791636029,0.004643849841714901,2.0269056773337386,-0.09972543823030172,-0.003312210433393664,0.9950095057494348,-3.0476127161856965
0.9947105554649814,-0.01381258171858512,0.10178496693241207,7.065525166407042,0.013397883360918834,0.9998989514355896,0.0047568140338266505,2.070889251317517,-0.10184036955109926,-0.003367952315200734,0.9947950449351194,-3.1199905824848884
0.994488075282002,-0.014103732962347373,0.1038971120366024,7.208907218460041,0.013671576281495764,0.9998947035886238,0.004870351352350785,2.1149083344275663,-0.10395484427927318,-0.0034230696670426997,0.9945761582540412,-3.192676247076413
0.9942610339470228,-0.014395057311914799,0.10600874581747366,7.352114735633677,0.013945102574446616,0.9998903798994266,0.004984481820655488,2.158961243850708,-0.10606887325589859,-0.003477573656271049,0.9943527252916184,-3.265671258657676
0.9940293859918352,-0.0146864436584415,0.10811986559304126,7.495162811890367,0.014218328431817081,0.9998859360912771,0.005099181467029088,2.2030496624001206,-0.10818241620801045,-0.0035314529997269584,0.9941248056902378,-3.3389740685312788
0.9937932335885938,-0.01497801774990618,0.11023045276344451,7.63803642025573,0.014491388703116727,0.9998814143365294,0.005214475846771129,2.2471714352043204,-0.11029547763175102,-0.003584720833678945,0.993892397541484,-3.4125862185214046
0.9935524447804813,-0.01526952178907815,0.1123406250327127,7.780735104383581,0.014764022106795255,0.9998767914021295,0.005330316995205878,2.2913270343215544,-0.11240817592213606,-0.0036373502390546486,0.993655453004664,-3.4865039207264914
0.9933071373616995,-0.01556122204175258,0.11445012444670188,7.923274347594457,0.015036482548489617,0.9998721495284195,0.005446748689529983,2.335518142565057,-0.11452024434336576,-0.0036893680676201024,0.9934140654478495,-3.560729421223911
0.9930572207550906,-0.01585297594164449,0.11655907972081198,8.065638733555858,0.015308649930514347,0.999867328528469,0.00556375088512287,2.3797426050632886,-0.11663181202413697,-0.0037407601596460838,0.9931681881601562,-3.6352604670630626
0.9928027961843251,-0.01614491867011998,0.11866745784207472,8.207828195279745,0.01558064435055656,0.9998624896413918,0.005681345188939651,2.4240008938745543,-0.11874285359912581,-0.003791540385247316,0.9929178177543295,-3.710097065117182
0.9925438216972972,-0.016436923490612893,0.12077526221222706,8.349842799754128,0.015852339376573644,0.9998575306353622,0.0057995076292696,2.468292536940547,-0.12085337337277835,-0.003841695038617421,0.9926629545794002,-3.7852392085130404
0.9922802288800814,-0.016729108766183054,0.12288259980674332,8.491682479990999,0.016123859357498164,0.9998524947349178,0.005918265844524662,2.512618006319572,-0.12296346824097211,-0.0038912369664104163,0.9924035496938864,-3.8606869041238525
0.9920120846256728,-0.0170213571936517,0.12498934289164804,8.633362329952718,0.016395079944397314,0.9998473987749922,0.006037590091925268,2.5569789848248075,-0.12507302648449053,-0.00394015319666613,0.9921397098269383,-3.9364386032522134
0.9917393680985097,-0.017313785135139217,0.1270954784274579,8.774867255676924,0.016666126527757515,0.9998421658611807,0.006157509614727401,2.6013737896430733,-0.12718202028235442,-0.0039884556685775285,0.9918713737230874,-4.012495854595542
0.9914621138393057,-0.017606158806523775,0.12920099958955544,8.916197324151625,0.016936755702515988,0.9998368897228214,0.006277966989231931,2.6458019487160698,-0.12929044609056023,-0.004036120629064832,0.9915985406821015,-4.088858651280603
0.991180343438847,-0.017898704678301937,0.131305892444057,9.057352079030636,0.017207226667112985,0.9998314776827595,0.006399017534770363,2.6902639341020382,-0.13139828671441578,-0.004083170846749307,0.991321269191881,-4.16552320540584
0.9908939593859741,-0.018191320968074777,0.133410158147035,9.198331909672135,0.0174773824443062,0.999826004531033,0.006520633331289426,2.7347597458010373,-0.13350555215893573,-0.004129596814584358,0.9910394395359057,-4.242493311746038
0.9906030157188104,-0.01848400774713591,0.1355137781856528,9.33913649370595,0.01774725357929509,0.999820470267642,0.006642816222764042,2.7792889117547066,-0.13561222190021238,-0.004175397837725969,0.9907532295673949,-4.319765168653191
0.9903075575295264,-0.018776859460494448,0.13761675221121428,9.479750737169752,0.018016944376389288,0.9998148011547316,0.006765591764496579,2.823849749149865,-0.13771829131161767,-0.004220582670376893,0.9904624594978652,-4.397340324824704
0.9900075392517094,-0.01906978166314128,0.13971905704490578,9.620189667037863,0.01828634315536794,0.9998090709301567,0.006888932036429997,2.868444412857997,-0.13982375008904668,-0.004265142558334378,0.9901672467842201,-4.475217238436393
0.989703016542617,-0.01936277442637002,0.1418206843573413,9.760453350298292,0.018555458333697292,0.9998032795939172,0.0070128330902208096,2.9130724308207956,-0.14192856256307065,-0.004309076806754408,0.9898675306542646,-4.553395902615037
0.9893938745716312,-0.019655814630601103,0.14392164221623477,9.90054171996303,0.018824265700533145,0.9997973702430919,0.007137300718190251,2.957734275096568,-0.14403275549513603,-0.004352383745640953,0.9895633718533451,-4.631876324233858
0.989080213989976,-0.019949041662476328,0.14602190290732325,10.040439749057754,0.019092900105384832,0.9997913228861973,0.007262362059227623,3.0024277908138295,-0.14613631855804607,-0.004395077910641698,0.9892547076203058,-4.710660045117045
0.9887619872360663,-0.02024233292989564,0.14812146479531046,10.18016246455673,0.019361242492120023,0.9997852755292927,0.007387985765710262,3.047155132844063,-0.1482392116936238,-0.004437146021184335,0.9889415977049272,-4.789745523440409
0.9884392555766393,-0.020535686360625985,0.15022033344057378,10.319709544089903,0.01962929390229469,0.9997791080534356,0.0075141755255946074,3.091915829128906,-0.15034144359506346,-0.0044785878646518285,0.9886239827601563,-4.869128957555944
0.9881119603125763,-0.020829094617277562,0.15231847340983246,10.459066283053062,0.01989704591844211,0.9997728215108094,0.007640927130146355,3.1367081968552384,-0.1524430202851158,-0.004519402688200336,0.9883019190679738,-4.948815690935831
0.9877801388331922,-0.021122699206254286,0.1544158658415537,10.598247319062324,0.02016462497260418,0.999766516028873,0.007768267978642796,3.181534390894482,-0.15454389298931775,-0.004559604776865234,0.9879754046931158,-5.028800386981118
0.9874437679285661,-0.021416241294208938,0.156512548197131,10.737237625143393,0.020431793994073872,0.999760108315101,0.007896145116507096,3.226392256375158,-0.1566440940478827,-0.004599167105265645,0.9876444434792616,-5.10908458751598
0.9871028708086189,-0.02170996299124061,0.15860845922598904,10.876052228270567,0.020698790053558222,0.9997535636474429,0.008024610977539166,3.271283948168744,-0.15874359112059733,-0.004638114748863054,0.9873089692243034,-5.189666750716242
0.9867574530996084,-0.0220037405265455,0.16070350715077725,11.014676101469519,0.02096548776056846,0.999746959972487,0.008153636339738245,3.31620731140376,-0.1608422637950508,-0.004676435710464666,0.9869690324291079,-5.270548418406079
0.9864074277237012,-0.022297588598667754,0.1627980200500886,11.153124271714603,0.021231892407909302,0.9997402951858665,0.008283230619616347,3.3611645009516895,-0.1629404505523848,-0.004714131264143495,0.9866246667557742,-5.351728048761302
0.9860529374159883,-0.022591498834101047,0.16489166958365803,11.291381712031466,0.021498007120242284,0.9997335102802934,0.008413386244639205,3.4061533619410476,-0.1650377772420289,-0.004751200550747181,0.9862758385153547,-5.433207183606115
0.9856938748522994,-0.022885472316490976,0.16698449275479876,11.429448100050024,0.021763829814457833,0.9997266653152391,0.008544096359674635,3.451173422313474,-0.16713437471098472,-0.004787643213354897,0.9859224915869597,-5.5149820212924965
0.985330359524248,-0.023179500672331207,0.1690765360951862,11.567338785114686,0.02202936257366741,0.9997197012834157,0.008675369382187475,3.49622730899881,-0.16923023069896265,-0.004823458392814284,0.9855647505800519,-5.597054821644278
0.9849622101992412,-0.02347359961251788,0.17116777607731054,11.705038350892977,0.022294594897292356,0.9997126761399276,0.008807202947423053,3.5413128671255176,-0.17132533384232507,-0.004858647701121543,0.9852025531630515,-5.679423331710851
0.9845895883209985,-0.023767870824391767,0.1732582143364681,11.84254679738487,0.022559655300486748,0.999705515094737,0.008939628403004033,3.5864300966935936,-0.1734196675763363,-0.004893221571781958,0.9848358395861778,-5.762087551492215
0.9842124676377384,-0.02406208786122084,0.175347817990835,11.979864124590364,0.022824306712543076,0.9996983108249986,0.009072580688929476,3.6315789977030413,-0.17551323459453178,-0.00492715700455959,0.9844647263107683,-5.84504748098837
0.9838308116135748,-0.024356485590772532,0.17743661305349734,12.116990332509488,0.023088785162612646,0.9996910296608454,0.009206130397132624,3.676759570153859,-0.17760600868684284,-0.004960477395613394,0.9840891560882961,-5.928303120199331
0.9834446369955203,-0.024650953952199742,0.17952453971338456,12.253925421142213,0.02335297263611957,0.9996836873850277,0.009340234074568594,3.7219718140460465,-0.17969798813496485,-0.004993171452285727,0.9837091826994878,-6.0118544691250975
0.9830538830892841,-0.024945484500702525,0.18161160961459555,12.390669390488569,0.023616853339685658,0.9996762249902574,0.009474895409194764,3.767215729379604,-0.18178914920757647,-0.005025239010268245,0.9833246875039348,-6.095701527765641
0.9826586682415872,-0.0252400625852658,0.1836978399392465,12.527221851190376,0.02388045886006682,0.9996686445809013,0.009610118609742615,3.812491316154471,-0.18387950972064232,-0.005056678332258591,0.9829357920997241,-6.179840501346206
0.982258932804827,-0.0255347113017046,0.18578317781026837,12.663583192605785,0.02414376602797387,0.9996610030598806,0.009745897102724112,3.857798574370708,-0.18596904583544702,-0.005087491319867465,0.9825424311439007,-6.264275184641576
0.9818546757323152,-0.025829430578725297,0.18786764623182683,12.79975295838858,0.024406782219317802,0.9996533004271954,0.009882236940849424,3.9031379760865583,-0.18805775765938465,-0.005117678667938885,0.9821446669143474,-6.349001789750162
