-0.05440758541226387,-0.16490474343299866,-0.9848077297210693,-142.74038696289062,-0.9985188245773315,0.008985418826341629,0.05366048216819763,4.683014392852783,4.129375597017315e-08,0.9862685799598694,-0.16514936089515686,41.74253463745117
-0.054979100823402405,-0.16520942747592926,-0.9847248792648315,-142.5939483642578,-0.9984862208366394,0.010673994198441505,0.05395662039518356,4.622152805328369,0.0015968054067343473,0.986200749874115,-0.16554617881774902,41.691253662109375
-0.05555116757750511,-0.1655130386352539,-0.9846417903900146,-142.44752502441406,-0.998450756072998,0.012362639419734478,0.05425214022397995,4.561124801635742,0.003193334909155965,0.9861301183700562,-0.16594336926937103,41.64011764526367
-0.05612366646528244,-0.1658158153295517,-0.9845584034919739,-142.30113220214844,-0.9984123110771179,0.014051341451704502,0.05454691872000694,4.499930381774902,0.004789624363183975,0.9860566258430481,-0.166341170668602,41.58912658691406
-0.056696709245443344,-0.16611751914024353,-0.9844747185707092,-142.15475463867188,-0.9983710050582886,0.015740102156996727,0.054841071367263794,4.438570022583008,0.006385669577866793,0.9859803318977356,-0.1667393296957016,41.53828048706055
-0.057270172983407974,-0.1664181351661682,-0.9843907356262207,-142.00839233398438,-0.99832683801651,0.017428895458579063,0.055134475231170654,4.377043724060059,0.007981466129422188,0.9859012365341187,-0.16713784635066986,41.487579345703125
-0.057844050228595734,-0.16671769320964813,-0.9843065142631531,-141.86204528808594,-0.9982796907424927,0.01911771297454834,0.055427126586437225,4.315351963043213,0.009577007032930851,0.9858193397521973,-0.16753673553466797,41.4370231628418
-0.05841846019029617,-0.16701650619506836,-0.9842219352722168,-141.71572875976562,-0.9982296824455261,0.02080659382045269,0.05571913719177246,4.253494739532471,0.011172289028763771,0.9857345223426819,-0.1679363250732422,41.38661193847656
-0.058993395417928696,-0.16731411218643188,-0.9841370582580566,-141.56942749023438,-0.9981767535209656,0.02249550260603428,0.05601051077246666,4.19147253036499,0.01276730839163065,0.9856469631195068,-0.16833613812923431,41.33634567260742
-0.059568729251623154,-0.16761088371276855,-0.9840518832206726,-141.4231414794922,-0.998120903968811,0.02418443188071251,0.056301116943359375,4.1292853355407715,0.01436205767095089,0.9855565428733826,-0.1687365621328354,41.28622817993164
-0.060144584625959396,-0.16790667176246643,-0.9839664697647095,-141.27687072753906,-0.9980621337890625,0.025873394683003426,0.05659107118844986,4.066933631896973,0.015956534072756767,0.9854633212089539,-0.16913743317127228,41.23625564575195
-0.06072094663977623,-0.1682012528181076,-0.9838807582855225,-141.13063049316406,-0.99800044298172,0.027562366798520088,0.05688038095831871,4.004417419433594,0.01755073107779026,0.9853672981262207,-0.16953852772712708,41.186431884765625
-0.0612976998090744,-0.16849485039710999,-0.9837947487831116,-140.98440551757812,-0.9979358911514282,0.0292513370513916,0.05716891214251518,3.941737413406372,0.01914464496076107,0.9852684140205383,-0.16994009912014008,41.13675308227539
-0.061874836683273315,-0.16878758370876312,-0.9837084412574768,-140.83819580078125,-0.9978684186935425,0.030940305441617966,0.057456664741039276,3.8788936138153076,0.0207382682710886,0.9851667284965515,-0.17034222185611725,41.087223052978516
-0.062452469021081924,-0.16907921433448792,-0.9836218357086182,-140.6920166015625,-0.9977980852127075,0.03262927755713463,0.05774375796318054,3.8158862590789795,0.02233160100877285,0.9850621819496155,-0.17074468731880188,41.037841796875
-0.06303059309720993,-0.1693698614835739,-0.9835349321365356,-140.5458526611328,-0.9977247714996338,0.03431824967265129,0.058030180633068085,3.752715587615967,0.023924635723233223,0.9849548935890198,-0.17114761471748352,40.988609313964844
-0.06360921263694763,-0.16965951025485992,-0.983447790145874,-140.39971923828125,-0.9976485967636108,0.03600722551345825,0.058315929025411606,3.6893815994262695,0.02551737241446972,0.9848447442054749,-0.17155097424983978,40.93952178955078
-0.06418818980455399,-0.16994817554950714,-0.9833602905273438,-140.25360107421875,-0.9975695013999939,0.03769616410136223,0.05860088765621185,3.625885009765625,0.027109799906611443,0.9847317337989807,-0.17195476591587067,40.89058303833008
-0.06476764380931854,-0.17023596167564392,-0.9832725524902344,-140.1074981689453,-0.9974875450134277,0.03938509151339531,0.05888516083359718,3.562225818634033,0.028701908886432648,0.9846159219741821,-0.17235912382602692,40.841793060302734
-0.0653475821018219,-0.1705227494239807,-0.9831844568252563,-139.96142578125,-0.9974026083946228,0.0410740002989769,0.059168748557567596,3.4984042644500732,0.030293701216578484,0.9844973087310791,-0.1727639138698578,40.79315185546875
-0.06592798233032227,-0.17080840468406677,-0.9830961227416992,-139.81536865234375,-0.9973148107528687,0.0427628755569458,0.05945165827870369,3.434420585632324,0.03188517317175865,0.9843758344650269,-0.17316903173923492,40.744659423828125
-0.06650884449481964,-0.17109306156635284,-0.9830074906349182,-139.66932678222656,-0.9972240924835205,0.04445171728730202,0.05973387509584427,3.3702750205993652,0.033476319164037704,0.9842516183853149,-0.1735745668411255,40.696319580078125
-0.06709017604589462,-0.17137670516967773,-0.9829185605049133,-139.5233154296875,-0.9971305131912231,0.04614052176475525,0.060015395283699036,3.3059680461883545,0.03506713733077049,0.9841245412826538,-0.17398051917552948,40.648128509521484
-0.06767195463180542,-0.1716594696044922,-0.9828293323516846,-139.3773193359375,-0.997033953666687,0.047829292714595795,0.06029621511697769,3.241499662399292,0.03665761649608612,0.9839946031570435,-0.17438702285289764,40.6000862121582
-0.06825418770313263,-0.17194120585918427,-0.9827398657798767,-139.23135375976562,-0.9969345331192017,0.04951800778508186,0.06057633087038994,3.176870346069336,0.03824775293469429,0.9838618636131287,-0.17479392886161804,40.55219650268555
-0.0688367486000061,-0.1722218096256256,-0.9826500415802002,-139.0854034423828,-0.9968321919441223,0.05120664834976196,0.06085563078522682,3.1120800971984863,0.039837546646595,0.9837263226509094,-0.1752011477947235,40.50445556640625
-0.0694197490811348,-0.17250140011310577,-0.9825599789619446,-138.93948364257812,-0.9967269897460938,0.05289522185921669,0.0611342191696167,3.0471293926239014,0.04142699018120766,0.9835879802703857,-0.1756087839603424,40.45686721801758
-0.07000318914651871,-0.17277997732162476,-0.9824696779251099,-138.7935791015625,-0.9966188669204712,0.054583728313446045,0.06141209602355957,2.98201847076416,0.04301607608795166,0.9834468364715576,-0.17601680755615234,40.409427642822266
-0.07058705389499664,-0.17305763065814972,-0.9823790192604065,-138.647705078125,-0.9965078234672546,0.05627216026186943,0.06168925389647484,2.916747570037842,0.044604793190956116,0.9833028316497803,-0.17642536759376526,40.36214065551758
-0.0711713507771492,-0.17333413660526276,-0.982288122177124,-138.50184631347656,-0.9963939189910889,0.05796050652861595,0.0619656965136528,2.8513166904449463,0.04619314521551132,0.9831560850143433,-0.17683421075344086,40.315006256103516
-0.07175607234239578,-0.1736096292734146,-0.9821969270706177,-138.3560028076172,-0.9962770938873291,0.05964876711368561,0.06224141642451286,2.785726308822632,0.04778112843632698,0.983006477355957,-0.1772434562444687,40.26802062988281
-0.07234132289886475,-0.17388418316841125,-0.9821053743362427,-138.21018981933594,-0.9961573481559753,0.06133697181940079,0.06251651793718338,2.7199769020080566,0.04936873912811279,0.9828540682792664,-0.1776532083749771,40.221187591552734
-0.07292699068784714,-0.17415781319141388,-0.9820135831832886,-138.06439208984375,-0.9960346817970276,0.0630250871181488,0.0627908781170845,2.6540684700012207,0.05095597356557846,0.9826987981796265,-0.17806346714496613,40.17450714111328
-0.07351306080818176,-0.17443029582500458,-0.9819215536117554,-137.9186248779297,-0.9959091544151306,0.06471309810876846,0.06306451559066772,2.588001251220703,0.05254282429814339,0.9825407266616821,-0.17847399413585663,40.12797927856445
-0.07409954071044922,-0.17470185458660126,-0.9818291664123535,-137.77288818359375,-0.9957807660102844,0.06640100479125977,0.06333740800619125,2.521775484085083,0.054129283875226974,0.9823798537254333,-0.17888502776622772,40.08160400390625
-0.07468640804290771,-0.17497247457504272,-0.9817364811897278,-137.62716674804688,-0.9956493973731995,0.06808879971504211,0.0636095479130745,2.4553916454315186,0.05571533739566803,0.9822161197662354,-0.1792965531349182,40.03538131713867
-0.075273796916008,-0.17524205148220062,-0.981643557548523,-137.48147583007812,-0.9955151677131653,0.0697764977812767,0.06388106197118759,2.3888497352600098,0.05730099976062775,0.9820496439933777,-0.17970846593379974,39.98931121826172
-0.07586157321929932,-0.17551057040691376,-0.9815503358840942,-137.33580017089844,-0.9953780174255371,0.07146406173706055,0.0641518235206604,2.322150230407715,0.058886248618364334,0.9818803071975708,-0.18012073636054993,39.943397521972656
-0.07644984871149063,-0.17577803134918213,-0.9814568161964417,-137.19015502929688,-0.9952380061149597,0.07315152138471603,0.06442195177078247,2.255293130874634,0.060471098870038986,0.9817081689834595,-0.18053339421749115,39.89763641357422
-0.07703837752342224,-0.17604467272758484,-0.9813629984855652,-137.04452514648438,-0.9950950741767883,0.07483884692192078,0.06469118595123291,2.188278913497925,0.06205553561449051,0.9815332293510437,-0.18094664812088013,39.852027893066406
-0.07762740552425385,-0.1763102412223816,-0.9812689423561096,-136.89892578125,-0.994949221611023,0.07652603834867477,0.06495977193117142,2.121107816696167,0.0636395514011383,0.9813554286956787,-0.18136025965213776,39.806575775146484
-0.07821692526340485,-0.1765747368335724,-0.9811745285987854,-136.7533416748047,-0.9948005080223083,0.07821312546730042,0.06522771716117859,2.0537800788879395,0.06522315740585327,0.9811748266220093,-0.18177422881126404,39.76127624511719
-0.0788068026304245,-0.17683805525302887,-0.9810799360275269,-136.6077880859375,-0.9946488738059998,0.07990003377199173,0.06549490243196487,1.9862960577011108,0.06680633127689362,0.9809914827346802,-0.18218845129013062,39.71613311767578
-0.07939715683460236,-0.17710041999816895,-0.9809849858283997,-136.46226501464844,-0.9944943785667419,0.0815868228673935,0.06576141715049744,1.9186558723449707,0.06838907301425934,0.9808052778244019,-0.182603120803833,39.671142578125
-0.07998786866664886,-0.17736171185970306,-0.9808897972106934,-136.31675720214844,-0.9943369626998901,0.08327342569828033,0.06602716445922852,1.8508598804473877,0.06997136026620865,0.9806163311004639,-0.18301816284656525,39.62630844116211
-0.08057904243469238,-0.1776220202445984,-0.9807943105697632,-136.17127990722656,-0.9941766262054443,0.08495989441871643,0.06629224121570587,1.7829082012176514,0.07155321538448334,0.9804245233535767,-0.1834336519241333,39.58163070678711
-0.08117056638002396,-0.17788127064704895,-0.9806985259056091,-136.02581787109375,-0.9940134286880493,0.0866461768746376,0.06655653566122055,1.7148011922836304,0.07313461601734161,0.980229914188385,-0.1838494837284088,39.537109375
-0.08176242560148239,-0.1781395524740219,-0.9806024432182312,-135.88038635253906,-0.9938473105430603,0.08833228051662445,0.06682003289461136,1.6465392112731934,0.07471556216478348,0.9800325036048889,-0.18426577746868134,39.49274444580078
-0.08235473930835724,-0.17839674651622772,-0.9805061221122742,-135.7349853515625,-0.9936783313751221,0.09001822024583817,0.06708286702632904,1.5781223773956299,0.07629605382680893,0.9798322916030884,-0.18468239903450012,39.44853591918945
-0.0829475000500679,-0.17865294218063354,-0.9804095029830933,-135.589599609375,-0.9935064315795898,0.09170400351285934,0.06734500080347061,1.5095510482788086,0.07787609845399857,0.9796292781829834,-0.18509946763515472,39.404483795166016
-0.08354058116674423,-0.17890818417072296,-0.9803126454353333,-135.44424438476562,-0.9933316707611084,0.0933895856142044,0.06760632991790771,1.4408254623413086,0.07945566624403,0.9794234037399292,-0.18551698327064514,39.36058807373047
-0.08413410186767578,-0.17916232347488403,-0.9802154302597046,-135.29891967773438,-0.993153989315033,0.09507498145103455,0.0678669810295105,1.3719459772109985,0.08103475719690323,0.9792147874832153,-0.18593482673168182,39.31684875488281
-0.084727942943573,-0.1794154942035675,-0.9801179766654968,-135.1536102294922,-0.9929733872413635,0.09676017612218857,0.06812682002782822,1.302912712097168,0.08261337876319885,0.979003369808197,-0.18635310232639313,39.27326583862305
-0.0853223204612732,-0.1796676516532898,-0.9800202250480652,-135.00833129882812,-0.9927899241447449,0.09844519197940826,0.06838607043027878,1.2337260246276855,0.08419151604175568,0.9787890911102295,-0.18677181005477905,39.22983932495117
-0.08591701090335846,-0.17991870641708374,-0.9799221754074097,-134.8630828857422,-0.992603600025177,0.10012999922037125,0.06864450126886368,1.1643861532211304,0.0857691764831543,0.9785720705986023,-0.18719083070755005,39.18657302856445
-0.08651211112737656,-0.1801687777042389,-0.979823887348175,-134.71786499023438,-0.9924143552780151,0.10181459039449692,0.06890223175287247,1.0948933362960815,0.08734633773565292,0.9783521890640259,-0.18761026859283447,39.143463134765625
-0.08710762858390808,-0.18041783571243286,-0.9797253012657166,-134.57266235351562,-0.992222249507904,0.10349898040294647,0.06915924698114395,1.0252479314804077,0.08892300724983215,0.978129506111145,-0.18803013861179352,39.10050964355469
-0.08770343661308289,-0.1806657910346985,-0.979626476764679,-134.427490234375,-0.992027223110199,0.10518312454223633,0.06941544264554977,0.955450177192688,0.09049917012453079,0.9779040813446045,-0.18845030665397644,39.057716369628906
-0.08829964697360992,-0.18091274797916412,-0.9795272946357727,-134.2823486328125,-0.9918293356895447,0.10686704516410828,0.0696709156036377,0.8855003118515015,0.09207483381032944,0.9776757955551147,-0.1888708919286728,39.01508331298828
-0.0888962522149086,-0.18115881085395813,-0.9794278740882874,-134.13723754882812,-0.9916285276412964,0.10855076462030411,0.06992565095424652,0.815398633480072,0.09364999830722809,0.9774447679519653,-0.18929199874401093,38.97260665893555
-0.08949324488639832,-0.18140386044979095,-0.9793281555175781,-133.9921417236328,-0.9914248585700989,0.11023424565792084,0.07017965614795685,0.7451453804969788,0.09522463381290436,0.9772108793258667,-0.1897135078907013,38.93029022216797
-0.09009063243865967,-0.1816476583480835,-0.979228138923645,-133.84707641601562,-0.9912182688713074,0.11191745847463608,0.07043296098709106,0.6747408509254456,0.09679874777793884,0.9769741892814636,-0.190135195851326,38.88813400268555
-0.09068839997053146,-0.1818903386592865,-0.9791279435157776,-133.70204162597656,-0.9910088181495667,0.11360043287277222,0.07068553566932678,0.6041853427886963,0.09837234765291214,0.9767348170280457,-0.19055716693401337,38.84613800048828
-0.0912865400314331,-0.18213209509849548,-0.9790273904800415,-133.55703735351562,-0.9907965064048767,0.11528317630290985,0.07093735784292221,0.5334790945053101,0.09994541853666306,0.9764925241470337,-0.19097964465618134,38.804298400878906
-0.09188506007194519,-0.18237295746803284,-0.9789265990257263,-133.41204833984375,-0.9905812740325928,0.11696565896272659,0.07118842750787735,0.46262240409851074,0.1015179455280304,0.9762474894523621,-0.1914026290178299,38.76261901855469
-0.09248393774032593,-0.1826125532388687,-0.9788255095481873,-133.26708984375,-0.9903631806373596,0.11864786595106125,0.07143877446651459,0.39161550998687744,0.10308994352817535,0.975999653339386,-0.1918257623910904,38.721099853515625
-0.09308306127786636,-0.18285125494003296,-0.9787241220474243,-133.12216186523438,-0.9901421666145325,0.12032979726791382,0.07168824225664139,0.32045871019363403,0.10466139763593674,0.9757490158081055,-0.19224940240383148,38.67974090576172
-0.093682661652565,-0.18308891355991364,-0.9786224961280823,-132.97726440429688,-0.9899182915687561,0.12201147526502609,0.07193706929683685,0.2491523027420044,0.10623230040073395,0.9754955768585205,-0.1926734298467636,38.638545989990234
-0.0942826196551323,-0.18332552909851074,-0.9785205721855164,-132.8323974609375,-0.9896915555000305,0.12369287759065628,0.07218514382839203,0.17769654095172882,0.10780264437198639,0.9752393364906311,-0.1930978149175644,38.597511291503906
-0.09488291293382645,-0.18356111645698547,-0.9784184098243713,-132.6875457763672,-0.9894618988037109,0.1253739893436432,0.07243245095014572,0.10609170794487,0.10937243700027466,0.974980354309082,-0.1935225874185562,38.556636810302734
-0.09548354893922806,-0.18379566073417664,-0.9783159494400024,-132.542724609375,-0.9892294406890869,0.127054825425148,0.07267899066209793,0.0343380868434906,0.11094167083501816,0.9747185111045837,-0.1939477175474167,38.51592254638672
-0.09608452767133713,-0.18402904272079468,-0.9782131910324097,-132.39793395996094,-0.9889940023422241,0.12873533368110657,0.07292477786540985,-0.03756404668092728,0.1125103235244751,0.9744539856910706,-0.19437310099601746,38.475372314453125
-0.09668594598770142,-0.18426160514354706,-0.978110134601593,-132.253173828125,-0.9887557625770569,0.13041557371616364,0.07316987961530685,-0.10961442440748215,0.11407840251922607,0.9741865396499634,-0.19479906558990479,38.43498229980469
-0.09728769212961197,-0.18449287116527557,-0.978006899356842,-132.1084442138672,-0.9885146021842957,0.13209550082683563,0.07341423630714417,-0.18181276321411133,0.11564590036869049,0.9739164113998413,-0.19522516429424286,38.39475631713867
-0.09788987785577774,-0.18472307920455933,-0.9779033660888672,-131.9637451171875,-0.9882705807685852,0.13377512991428375,0.07365792989730835,-0.25415879487991333,0.11721282452344894,0.9736434817314148,-0.19565162062644958,38.35469055175781
-0.09849238395690918,-0.18495222926139832,-0.9777995347976685,-131.81907653808594,-0.9880236387252808,0.1354544311761856,0.07390083372592926,-0.32665225863456726,0.11877916008234024,0.9733677506446838,-0.19607841968536377,38.314788818359375
-0.09909530729055405,-0.1851804256439209,-0.9776954054832458,-131.6744384765625,-0.9877738952636719,0.13713346421718597,0.07414305210113525,-0.39929285645484924,0.12034492194652557,0.9730892181396484,-0.19650566577911377,38.27505111694336
-0.09969854354858398,-0.18540756404399872,-0.9775910377502441,-131.5298309326172,-0.987521231174469,0.13881215453147888,0.07438448071479797,-0.4720803201198578,0.12191007286310196,0.9728078842163086,-0.19693326950073242,38.2354736328125
-0.1003020703792572,-0.18563362956047058,-0.9774863719940186,-131.38523864746094,-0.9872656464576721,0.14049050211906433,0.07462511211633682,-0.5450143814086914,0.12347462028265,0.9725238084793091,-0.19736120104789734,38.19606018066406
-0.1009058952331543,-0.18585874140262604,-0.9773814678192139,-131.2406768798828,-0.9870072603225708,0.14216850697994232,0.07486492395401001,-0.6180946826934814,0.12503856420516968,0.9722369313240051,-0.19778957962989807,38.15681076049805
-0.10151001065969467,-0.18608279526233673,-0.9772762656211853,-131.0961456298828,-0.9867460131645203,0.14384618401527405,0.07510393857955933,-0.6913210153579712,0.1266019195318222,0.9719472527503967,-0.19821828603744507,38.11772537231445
-0.10211464017629623,-0.18630585074424744,-0.9771707653999329,-130.95164489746094,-0.9864818453788757,0.1455235481262207,0.07534235715866089,-0.7646930813789368,0.1281646341085434,0.9716547727584839,-0.1986474245786667,38.07880401611328
-0.10271955281496048,-0.18652784824371338,-0.9770650267601013,-130.8071746826172,-0.986214816570282,0.1472005397081375,0.07557997107505798,-0.8382105827331543,0.12972673773765564,0.9713595509529114,-0.19907689094543457,38.04004669189453
-0.10332473367452621,-0.18674862384796143,-0.9769590497016907,-130.66273498535156,-0.985944926738739,0.14887718856334686,0.07581678032875061,-0.9118732213973999,0.13128823041915894,0.9710615277290344,-0.19950656592845917,38.0014533996582
-0.10393030196428299,-0.18696832656860352,-0.9768527746200562,-130.51832580566406,-0.9856721758842468,0.15055346488952637,0.07605288922786713,-0.9856807589530945,0.1328490823507309,0.9707607626914978,-0.19993653893470764,37.9630241394043
-0.10453625023365021,-0.18718703091144562,-0.9767462015151978,-130.3739471435547,-0.9853965044021606,0.15222938358783722,0.07628828287124634,-1.0596328973770142,0.13440930843353271,0.9704572558403015,-0.20036694407463074,37.92475891113281
-0.10514245182275772,-0.18740464746952057,-0.976639449596405,-130.22959899902344,-0.98511803150177,0.15390494465827942,0.0765228420495987,-1.133729338645935,0.1359689086675644,0.970150887966156,-0.2007976472377777,37.886661529541016
-0.10574902594089508,-0.18762116134166718,-0.9765323400497437,-130.0852813720703,-0.9848366379737854,0.15558013319969177,0.07675669342279434,-1.2079697847366333,0.13752785325050354,0.9698417782783508,-0.20122864842414856,37.84872817993164
-0.10635595768690109,-0.18783679604530334,-0.9764249920845032,-129.9409942626953,-0.9845523834228516,0.15725499391555786,0.07698977738618851,-1.2823539972305298,0.13908618688583374,0.9695298671722412,-0.2016601711511612,37.81095886230469
-0.1069631353020668,-0.18805120885372162,-0.9763174057006836,-129.79673767089844,-0.9842653274536133,0.15892943739891052,0.0772220566868782,-1.3568816184997559,0.1406438648700714,0.9692152142524719,-0.20209187269210815,37.77335739135742
