0.17364822328090668,-3.924501257301927e-08,-0.9848077297210693,-142.74038696289062,-0.9848077297210693,-2.9154328728964174e-08,-0.17364822328090668,-6.682406902313232,-2.189658232509828e-08,1.0,-4.371138828673793e-08,49.999996185302734
0.17456041276454926,-0.001480607083067298,-0.9846453666687012,-142.59288024902344,-0.9846462607383728,0.00041532982140779495,-0.17456118762493134,-6.714278221130371,0.0006674090982414782,0.9999988079071045,-0.001385374111123383,50.07072830200195
0.17547142505645752,-0.002961577381938696,-0.984480082988739,-142.44544982910156,-0.9844835996627808,0.0008293113787658513,-0.17547455430030823,-6.745983600616455,0.001336122048087418,0.9999952912330627,-0.002770103979855776,50.141693115234375
0.17638139426708221,-0.004442828241735697,-0.9843118786811829,-142.298095703125,-0.9843198657035828,0.0012419356498867273,-0.1763884276151657,-6.777522563934326,0.0020061153918504715,0.9999893307685852,-0.00415410939604044,50.212890625
0.1772901862859726,-0.005924471188336611,-0.9841408133506775,-142.15081787109375,-0.984154999256134,0.0016531792934983969,-0.17730270326137543,-6.808895111083984,0.002677385928109288,0.9999811053276062,-0.0055375052616000175,50.28431701660156
0.17819781601428986,-0.0074065024964511395,-0.9839668273925781,-142.0036163330078,-0.9839890003204346,0.0020630424842238426,-0.17821736633777618,-6.840101718902588,0.003349932609125972,0.9999704360961914,-0.006920287385582924,50.35597610473633
0.1791042685508728,-0.008888917043805122,-0.9837899208068848,-141.8564910888672,-0.9838218688964844,0.0024715233594179153,-0.1791324019432068,-6.8711419105529785,0.004023753106594086,0.9999574422836304,-0.008302450180053711,50.42786407470703
0.1800096482038498,-0.010371592827141285,-0.9836101531982422,-141.70944213867188,-0.9836536049842834,0.0028786419425159693,-0.18004795908927917,-6.902015686035156,0.004698845557868481,0.9999420642852783,-0.009683871641755104,50.49998474121094
0.18091385066509247,-0.011854641139507294,-0.9834275245666504,-141.56246948242188,-0.9834842681884766,0.0032843754161149263,-0.1809638887643814,-6.932723522186279,0.005375206936150789,0.99992436170578,-0.011064664460718632,50.57233428955078
0.18181699514389038,-0.013338059186935425,-0.9832419157028198,-141.4155731201172,-0.9833137392997742,0.003688720054924488,-0.18188032507896423,-6.9632649421691895,0.006052834913134575,0.999904215335846,-0.012444824911653996,50.64491653442383
0.18271896243095398,-0.014821840450167656,-0.98305344581604,-141.26876831054688,-0.9831421375274658,0.004091678652912378,-0.1827971339225769,-6.993639945983887,0.00673172902315855,0.9998818039894104,-0.013824349269270897,50.71772766113281
0.18361973762512207,-0.016305863857269287,-0.982862114906311,-141.12203979492188,-0.9829694032669067,0.004493268672376871,-0.18371433019638062,-7.023848533630371,0.007411884143948555,0.9998569488525391,-0.015203112736344337,50.790767669677734
0.1845192015171051,-0.017790239304304123,-0.982667863368988,-140.9753875732422,-0.9827955961227417,0.004893470089882612,-0.18463177978992462,-7.053890705108643,0.008093299344182014,0.9998297691345215,-0.016581229865550995,50.864036560058594
0.18541760742664337,-0.019275082275271416,-0.9824707508087158,-140.8288116455078,-0.9826205968856812,0.005292254965752363,-0.18554972112178802,-7.083766460418701,0.008775971829891205,0.9998002052307129,-0.01795881614089012,50.93753433227539
0.18631480634212494,-0.020760150626301765,-0.9822707176208496,-140.6823272705078,-0.9824445843696594,0.005689671263098717,-0.18646802008152008,-7.113475799560547,0.009459901601076126,0.9997683167457581,-0.019335627555847168,51.01126480102539
0.187210813164711,-0.022245559841394424,-0.9820678234100342,-140.53591918945312,-0.9822673797607422,0.006085692439228296,-0.18738670647144318,-7.14301872253418,0.01014508493244648,0.9997340440750122,-0.020711779594421387,51.08522415161133
0.1881057471036911,-0.023731302469968796,-0.9818620085716248,-140.38958740234375,-0.9820890426635742,0.006480314768850803,-0.18830586969852448,-7.1723952293396,0.010831519030034542,0.9996973872184753,-0.02208726666867733,51.1594123840332
0.1889994889497757,-0.02521725744009018,-0.9816533327102661,-140.24334716796875,-0.9819096326828003,0.0068735647946596146,-0.18922540545463562,-7.201604843139648,0.011519202962517738,0.9996583461761475,-0.023461967706680298,51.233829498291016
0.18989190459251404,-0.02670353464782238,-0.9814417958259583,-140.09718322753906,-0.9817290902137756,0.0072654192335903645,-0.19014517962932587,-7.230648040771484,0.012208133935928345,0.9996169805526733,-0.024835992604494095,51.308475494384766
0.19078323245048523,-0.02819024957716465,-0.9812273383140564,-139.95111083984375,-0.981547474861145,0.007655849680304527,-0.19106543064117432,-7.259524822235107,0.012898311018943787,0.9995732307434082,-0.026209460571408272,51.38334655761719
0.1916733682155609,-0.029677163809537888,-0.9810099601745605,-139.80511474609375,-0.9813646674156189,0.008044904097914696,-0.19198603928089142,-7.288235187530518,0.013589732348918915,0.9995271563529968,-0.02758212573826313,51.45844650268555
0.1925622969865799,-0.03116438537836075,-0.9807897806167603,-139.65921020507812,-0.9811807870864868,0.008432556875050068,-0.19290700554847717,-7.316778659820557,0.01428239420056343,0.9994786977767944,-0.028954103589057922,51.533775329589844
0.19345000386238098,-0.03265191242098808,-0.9805666208267212,-139.5133819580078,-0.9809958338737488,0.008818808943033218,-0.19382832944393158,-7.345155715942383,0.01497629564255476,0.999427855014801,-0.03032539039850235,51.60933303833008
0.19433662295341492,-0.03413962200284004,-0.9803406596183777,-139.36764526367188,-0.9808096885681152,0.009203672409057617,-0.1947501301765442,-7.373365879058838,0.01567143015563488,0.9993746876716614,-0.031695861369371414,51.685115814208984
0.1952219158411026,-0.03562774136662483,-0.9801117777824402,-139.2220001220703,-0.9806225299835205,0.009587117470800877,-0.1956721544265747,-7.40140962600708,0.016367804259061813,0.9993191361427307,-0.03306575119495392,51.76112747192383
0.19610612094402313,-0.03711603581905365,-0.9798799753189087,-139.07643127441406,-0.9804341793060303,0.009969170205295086,-0.19659464061260223,-7.429286956787109,0.01706540398299694,0.9992612600326538,-0.034434814006090164,51.837364196777344
0.19698898494243622,-0.03860460966825485,-0.9796453714370728,-138.9309539794922,-0.9802447557449341,0.0103498175740242,-0.19751736521720886,-7.456997394561768,0.01776423119008541,0.9992009401321411,-0.035803165286779404,51.9138298034668
0.1978706270456314,-0.04009346663951874,-0.9794078469276428,-138.7855682373047,-0.9800541996955872,0.010729058645665646,-0.19844043254852295,-7.484541416168213,0.018464289605617523,0.999138355255127,-0.03717080503702164,51.99052047729492
0.19875116646289825,-0.04158259928226471,-0.9791674017906189,-138.64027404785156,-0.9798625707626343,0.011106889694929123,-0.19936394691467285,-7.511918544769287,0.01916557550430298,0.999073326587677,-0.03853772580623627,52.067440032958984
0.19963037967681885,-0.04307199642062187,-0.9789241552352905,-138.4950714111328,-0.9796698093414307,0.011483308859169483,-0.20028769969940186,-7.53912878036499,0.01986807957291603,0.9990059733390808,-0.0399039164185524,52.14458465576172
0.20050859451293945,-0.04456154629588127,-0.9786779880523682,-138.34994506835938,-0.9794759154319763,0.011858327314257622,-0.20121201872825623,-7.5661725997924805,0.02057180181145668,0.9989362359046936,-0.04126926511526108,52.221954345703125
0.20138545334339142,-0.04605146870017052,-0.9784289002418518,-138.2049102783203,-0.979280948638916,0.012231913395226002,-0.2021365463733673,-7.5930495262146,0.021276742219924927,0.9988641738891602,-0.04263399541378021,52.29955291748047
0.20226110517978668,-0.047541528940200806,-0.978177011013031,-138.05996704101562,-0.979084849357605,0.01260410901159048,-0.20306141674518585,-7.619760036468506,0.02198289893567562,0.9987897276878357,-0.0439978688955307,52.377376556396484
0.2031356245279312,-0.04903183877468109,-0.9779222011566162,-137.9151153564453,-0.978887677192688,0.012974881567060947,-0.2039867341518402,-7.646303653717041,0.022690268233418465,0.998712956905365,-0.045361001044511795,52.45542526245117
0.2040088027715683,-0.05052239075303078,-0.9776645302772522,-137.77035522460938,-0.9786893725395203,0.013344240374863148,-0.20491226017475128,-7.672680377960205,0.02339884638786316,0.9986338019371033,-0.0467233844101429,52.53369903564453
0.2048807591199875,-0.05201318487524986,-0.9774039387702942,-137.6256866455078,-0.9784899950027466,0.013712186366319656,-0.20583811402320862,-7.698890209197998,0.0241086408495903,0.9985522627830505,-0.04808501526713371,52.61219787597656
0.20575134456157684,-0.0535040907561779,-0.9771405458450317,-137.48110961914062,-0.9782894849777222,0.014078744687139988,-0.20676416158676147,-7.724933624267578,0.024819642305374146,0.9984683990478516,-0.04944577068090439,52.690921783447266
0.20662081241607666,-0.054995346814394,-0.9768742918968201,-137.3366241455078,-0.9780879020690918,0.014443852007389069,-0.20769067108631134,-7.750810146331787,0.025531847029924393,0.9983821511268616,-0.05080588534474373,52.76987075805664
0.20748892426490784,-0.05648670718073845,-0.9766051173210144,-137.19223022460938,-0.9778852462768555,0.014807564206421375,-0.20861735939979553,-7.776519775390625,0.026245251297950745,0.9982935190200806,-0.052165109664201736,52.84904479980469
0.20835591852664948,-0.05797840282320976,-0.9763330817222595,-137.0479278564453,-0.9776814579963684,0.015169825404882431,-0.20954450964927673,-7.802062511444092,0.0269598588347435,0.9982025623321533,-0.05352368578314781,52.928443908691406
0.20922154188156128,-0.059470195323228836,-0.9760582447052002,-136.9037322998047,-0.9774765372276306,0.015530692413449287,-0.21047183871269226,-7.827438831329346,0.02767566218972206,0.9981092810630798,-0.054881367832422256,53.00806427001953
0.21008604764938354,-0.060962311923503876,-0.9757804274559021,-136.75962829589844,-0.9772705435752869,0.015890102833509445,-0.2113995999097824,-7.8526482582092285,0.02839265950024128,0.9980135560035706,-0.056238383054733276,53.08790969848633
0.21094928681850433,-0.06245451793074608,-0.9754998087882996,-136.61561584472656,-0.9770634174346924,0.016248108819127083,-0.21232767403125763,-7.87769079208374,0.029110850766301155,0.9979155659675598,-0.05759450048208237,53.1679801940918
0.21181116998195648,-0.06394680589437485,-0.9752163290977478,-136.47169494628906,-0.9768552780151367,0.016604727134108543,-0.21325594186782837,-7.902566432952881,0.029830235987901688,0.9978151321411133,-0.058949705213308334,53.24827194213867
0.2126719057559967,-0.06543939560651779,-0.974929928779602,-136.327880859375,-0.9766459465026855,0.01695987395942211,-0.21418462693691254,-7.92727518081665,0.030550800263881683,0.9977124333381653,-0.06030423566699028,53.32878875732422
0.2135312855243683,-0.06693217903375626,-0.9746406674385071,-136.1841583251953,-0.9764355421066284,0.017313597723841667,-0.21511350572109222,-7.951817512512207,0.03127255290746689,0.9976072907447815,-0.06165796518325806,53.40952682495117
0.21438951790332794,-0.06842514127492905,-0.9743485450744629,-136.04052734375,-0.9762240648269653,0.017665889114141464,-0.21604280173778534,-7.976192951202393,0.0319954939186573,0.9974998235702515,-0.06301089376211166,53.4904899597168
0.21524637937545776,-0.06991817057132721,-0.9740536212921143,-135.89700317382812,-0.9760115146636963,0.018016785383224487,-0.21697227656841278,-8.000401496887207,0.03271961957216263,0.9973900318145752,-0.06436289101839066,53.57167434692383
0.2161019742488861,-0.0714113637804985,-0.9737557768821716,-135.75357055664062,-0.9757978320121765,0.018366236239671707,-0.2179020494222641,-8.024443626403809,0.03344491124153137,0.9972778558731079,-0.06571407616138458,53.653079986572266
0.21695630252361298,-0.07290472835302353,-0.9734551310539246,-135.61024475097656,-0.975583016872406,0.01871425472199917,-0.2188321202993393,-8.048318862915039,0.03417138382792473,0.9971632957458496,-0.06706444174051285,53.734710693359375
0.21780936419963837,-0.07439825683832169,-0.9731515645980835,-135.46701049804688,-0.9753671884536743,0.01906084641814232,-0.21976248919963837,-8.072027206420898,0.0348990373313427,0.9970464110374451,-0.06841398775577545,53.81656265258789
0.21866117417812347,-0.07589205354452133,-0.9728451371192932,-135.32388305664062,-0.9751502275466919,0.019405970349907875,-0.22069314122200012,-8.095568656921387,0.03562786057591438,0.9969272017478943,-0.06976281851530075,53.89863586425781
0.2195117026567459,-0.07738588750362396,-0.9725359082221985,-135.18084716796875,-0.9749321341514587,0.019749684259295464,-0.22162407636642456,-8.118943214416504,0.03635784983634949,0.9968056082725525,-0.07111070305109024,53.98093032836914
0.22036096453666687,-0.07887986302375793,-0.9722237586975098,-135.0379180908203,-0.9747130274772644,0.02009194903075695,-0.22255530953407288,-8.14215087890625,0.03708900138735771,0.9966816306114197,-0.07245775312185287,54.063446044921875
0.2212088406085968,-0.0803740993142128,-0.9719087481498718,-134.89508056640625,-0.9744927883148193,0.020432762801647186,-0.22348669171333313,-8.165191650390625,0.03782132267951965,0.9965553283691406,-0.07380407303571701,54.146183013916016
0.2220555543899536,-0.08186835795640945,-0.9715909361839294,-134.75234985351562,-0.9742714762687683,0.02077215537428856,-0.2244184911251068,-8.188065528869629,0.03855480998754501,0.9964266419410706,-0.07514943182468414,54.22914123535156
0.2229008674621582,-0.0833626240491867,-0.9712702631950378,-134.60972595214844,-0.9740490317344666,0.02111014351248741,-0.22535043954849243,-8.210772514343262,0.039289459586143494,0.9962956309318542,-0.07649381458759308,54.312320709228516
0.22374489903450012,-0.0848570242524147,-0.970946729183197,-134.46719360351562,-0.9738255739212036,0.02144669182598591,-0.22628267109394073,-8.233312606811523,0.040025267750024796,0.9961622953414917,-0.07783734798431396,54.395721435546875
0.22458766400814056,-0.08635164797306061,-0.9706202745437622,-134.32476806640625,-0.9736009836196899,0.021781759336590767,-0.22721517086029053,-8.255685806274414,0.040762223303318024,0.9960265755653381,-0.07918013632297516,54.479339599609375
0.22542913258075714,-0.08784627914428711,-0.9702910780906677,-134.1824493408203,-0.9733752608299255,0.02211541123688221,-0.2281479388475418,-8.277892112731934,0.041500333696603775,0.9958885312080383,-0.08052194118499756,54.56317901611328
0.22626931965351105,-0.08934102207422256,-0.9699589610099792,-134.0402374267578,-0.9731485247612,0.022447619587183,-0.22908097505569458,-8.299932479858398,0.04223959892988205,0.9957481026649475,-0.08186287432909012,54.647239685058594
0.22710810601711273,-0.09083609282970428,-0.9696239829063416,-133.8981170654297,-0.9729206562042236,0.022778332233428955,-0.23001417517662048,-8.321805953979492,0.04298000782728195,0.9956052899360657,-0.08320316672325134,54.73151779174805
0.2279457300901413,-0.09233102947473526,-0.9692862033843994,-133.756103515625,-0.9726917147636414,0.023107638582587242,-0.23094774782657623,-8.343512535095215,0.04372156038880348,0.9954602122306824,-0.08454234153032303,54.816017150878906
0.22878192365169525,-0.093826062977314,-0.9689455628395081,-133.61419677734375,-0.9724617004394531,0.02343551255762577,-0.23188146948814392,-8.365052223205566,0.04446426406502724,0.9953127503395081,-0.08588063716888428,54.900733947753906
0.22961683571338654,-0.09532130509614944,-0.9686020612716675,-133.47239685058594,-0.9722306132316589,0.02376190386712551,-0.2328154593706131,-8.386425018310547,0.04520810395479202,0.9951629042625427,-0.08721815794706345,54.98567199707031
0.23045045137405396,-0.09681650996208191,-0.9682556986808777,-133.33070373535156,-0.971998393535614,0.02408687211573124,-0.23374968767166138,-8.407630920410156,0.04595308005809784,0.9950107336044312,-0.08855466544628143,55.07082748413086
0.2312827706336975,-0.09831178933382034,-0.9679065346717834,-133.18911743164062,-0.9717651009559631,0.02441038377583027,-0.23468418419361115,-8.428669929504395,0.04669919237494469,0.9948562383651733,-0.08989027142524719,55.15620040893555
0.23211367428302765,-0.0998072549700737,-0.96755450963974,-133.04763793945312,-0.9715307950973511,0.024732418358325958,-0.23561881482601166,-8.449542045593262,0.04744643345475197,0.9946993589401245,-0.09122509509325027,55.241790771484375
0.23294338583946228,-0.10130279511213303,-0.9671996235847473,-132.90626525878906,-0.9712953567504883,0.025053000077605247,-0.23655381798744202,-8.470248222351074,0.04819481447339058,0.9945401549339294,-0.09255900233983994,55.32760238647461
0.2337716817855835,-0.10279828310012817,-0.9668419361114502,-132.76499938964844,-0.9710588455200195,0.025372156873345375,-0.23748894035816193,-8.490787506103516,0.048944320529699326,0.9943785667419434,-0.09389188885688782,55.413631439208984
0.23459866642951965,-0.1042938157916069,-0.9664813876152039,-132.62384033203125,-0.9708212614059448,0.025689858943223953,-0.23842431604862213,-8.511159896850586,0.04969495162367821,0.994214653968811,-0.09522384405136108,55.4998779296875
0.2354242354631424,-0.10578940063714981,-0.9661180377006531,-132.4827880859375,-0.9705826044082642,0.02600611001253128,-0.2393598109483719,-8.531365394592285,0.050446704030036926,0.9940484166145325,-0.09655488282442093,55.586341857910156
0.23624847829341888,-0.1072850376367569,-0.9657518267631531,-132.34185791015625,-0.9703428745269775,0.026320911943912506,-0.24029555916786194,-8.551403999328613,0.05119958519935608,0.9938798546791077,-0.09788499772548676,55.67302322387695
0.2370714247226715,-0.10878071188926697,-0.9653827548027039,-132.20103454589844,-0.9701020121574402,0.026634255424141884,-0.2412315309047699,-8.57127571105957,0.05195359140634537,0.9937089085578918,-0.09921417385339737,55.759918212890625
0.23789305984973907,-0.11027643084526062,-0.9650108814239502,-132.06031799316406,-0.9698601365089417,0.026946144178509712,-0.24216775596141815,-8.590981483459473,0.052708715200424194,0.9935356378555298,-0.10054241120815277,55.84703063964844
0.2387133687734604,-0.11177217215299606,-0.9646361470222473,-131.91970825195312,-0.9696171283721924,0.027256565168499947,-0.24310420453548431,-8.610520362854004,0.05346495285630226,0.9933599829673767,-0.10186970233917236,55.93436050415039
0.23953236639499664,-0.1132679358124733,-0.96425861120224,-131.7792205810547,-0.9693731069564819,0.02756553329527378,-0.24404087662696838,-8.629892349243164,0.05422230809926987,0.9931820034980774,-0.10319605469703674,56.021907806396484
0.2403499186038971,-0.11476372182369232,-0.9638782143592834,-131.6388397216797,-0.9691279530525208,0.02787303738296032,-0.244977667927742,-8.649097442626953,0.05498076230287552,0.9930016994476318,-0.10452144593000412,56.10966873168945
0.24116626381874084,-0.11625951528549194,-0.9634949564933777,-131.49856567382812,-0.9688817262649536,0.02817905880510807,-0.24591480195522308,-8.668136596679688,0.055740319192409515,0.99281907081604,-0.10584588348865509,56.19764709472656
0.24198117852210999,-0.11775543540716171,-0.9631088972091675,-131.35841369628906,-0.9686344861984253,0.028483597561717033,-0.2468520551919937,-8.68700885772705,0.05650097876787186,0.9926340579986572,-0.10716947913169861,56.28583908081055
0.24279476702213287,-0.11925124377012253,-0.9627200365066528,-131.21836853027344,-0.9683861136436462,0.028786707669496536,-0.24778951704502106,-8.705714225769043,0.05726274847984314,0.9924467206001282,-0.10849198698997498,56.37424850463867
0.24360691010951996,-0.12074704468250275,-0.962328314781189,-131.0784454345703,-0.968136727809906,0.02908835932612419,-0.24872708320617676,-8.72425365447998,0.05802561342716217,0.9922570586204529,-0.10981352627277374,56.46287155151367
0.2444177120923996,-0.12224284559488297,-0.9619337916374207,-130.93862915039062,-0.967886209487915,0.0293885450810194,-0.24966487288475037,-8.742626190185547,0.05878957733511925,0.9920650124549866,-0.11113408207893372,56.55170822143555
0.24522706866264343,-0.12373862415552139,-0.9615365266799927,-130.79893493652344,-0.9676347374916077,0.029687272384762764,-0.25060275197029114,-8.760831832885742,0.05955463647842407,0.991870641708374,-0.11245366185903549,56.64076232910156
0.24603521823883057,-0.12523438036441803,-0.9611363410949707,-130.6593475341797,-0.9673820734024048,0.02998451143503189,-0.2515409588813782,-8.778871536254883,0.06032077968120575,0.99167400598526,-0.11377225816249847,56.73003005981445
0.24684202671051025,-0.12673024833202362,-0.9607332944869995,-130.51988220214844,-0.967128336429596,0.030280254781246185,-0.2524793744087219,-8.796744346618652,0.06108802184462547,0.9914749264717102,-0.11508997529745102,56.81951141357422
0.2476474940776825,-0.12822607159614563,-0.9603274464607239,-130.38052368164062,-0.9668735861778259,0.030574526637792587,-0.2534179985523224,-8.81445026397705,0.06185635179281235,0.9912735819816589,-0.11640669405460358,56.90920639038086
0.24845150113105774,-0.12972186505794525,-0.9599187970161438,-130.2412872314453,-0.96661776304245,0.030867330729961395,-0.25435671210289,-8.831990242004395,0.06262575834989548,0.9910698533058167,-0.11772241443395615,56.999114990234375
0.24925416707992554,-0.1312176138162613,-0.9595073461532593,-130.1021728515625,-0.966360867023468,0.03115866892039776,-0.25529563426971436,-8.849363327026367,0.06339625269174576,0.9908638000488281,-0.11903712898492813,57.089237213134766
0.25005537271499634,-0.13271330296993256,-0.9590930342674255,-129.96316528320312,-0.9661028981208801,0.03144853562116623,-0.25623464584350586,-8.866570472717285,0.064167819917202,0.9906554222106934,-0.12035083025693893,57.17957305908203
