0.9999999699669843,-9.571300121648937e-16,8.329041200567434e-16,0.0,-9.571300121648937e-16,0.9999999699669828,7.439269617772642e-16,0.0,8.329041200567434e-16,7.439269617772642e-16,1.0000000000000024,0.0
0.9999986082748045,0.0009263700855950886,0.0013859483031852218,0.13973135720775076,-0.0009272884288603637,0.9999993541332287,0.0006661467044140522,0.05700139836377005,-0.001385330379489341,-0.0006674309543166519,0.9999988079531023,-0.07073211183950434
0.9999944401900926,0.001851787868541145,0.002772532139248526,0.2794163946285835,-0.001855480238524772,0.9999973598998954,0.0013310068031160407,0.11382613007851106,-0.0027700602280797014,-0.0013361438636676284,0.9999952913251119,-0.1416969202103644
0.9999874838257645,0.002776364721364344,0.004159627964330413,0.419055195064459,-0.0027846781524425474,0.999994127953254,0.0019945789546929526,0.17047372555130025,-0.004154065624222182,-0.002006137166945375,0.9999893309067363,-0.21289442511257306
0.999977779768019,0.0036999789212966813,0.005547349663140508,0.5586477585152068,-0.0037147690969244625,0.9999895763061486,0.002656859538754208,0.22694418478221934,-0.005537461469840128,-0.002677407662732067,0.9999811055119148,-0.2843208118488576
0.9999652667301808,0.004622645143116836,0.006935693536668974,0.6981940021790649,-0.004645748747432364,0.999983707546139,0.0033178480803759142,0.2832379773641023,-0.006920243573984728,-0.0033499543032892228,0.9999704363267131,-0.35597989511650496
0.9999499421246895,0.005544348712045981,0.008324654863900433,0.8376940088577669,-0.005577602429187405,0.9999765190856653,0.003977541855739533,0.33935463370411867,-0.008302406348720967,-0.004023774760310991,0.9999574425604204,-0.4278678602182353
0.9999318905262563,0.006465192351535114,0.009714110018052703,0.9771477785515401,-0.006510466539733505,0.9999680290376486,0.004635939398428812,0.39529415380218325,-0.009683827790784888,-0.0046988671711481285,0.9999420646083867,-0.49998852185130715
0.9999110860592845,0.007385062987892359,0.01110417256357829,1.1165552284582247,-0.007444194331285875,0.9999582779882829,0.005293037563530122,0.45105700725129694,-0.011064620590212364,-0.0053752285090081,0.9999243620752618,-0.5723380653184691
0.9998874346135854,0.008304098719828748,0.012494840395851435,1.2559164413799522,-0.008378938577334292,0.9999471692398194,0.005948832197178643,0.5066427244584588,-0.012444781021713865,-0.006052856445576313,0.9999042157517561,-0.6449203053169867
0.9998610302993476,0.009222161448633125,0.013886106609481098,1.395216390343137,-0.009314546504388819,0.999934799490007,0.0066033249188417265,0.5620486557621405,-0.013824305359998323,-0.006731750515199637,0.9998818044518035,-0.7177314271501771
0.9998318757041255,0.010139246849767209,0.01527784893960088,1.534470102321194,-0.010251032787225443,0.9999211074521704,0.007256511901595427,0.6172774508239556,-0.015203068807840305,-0.007411905595602756,0.9998569493614646,-0.7907714308174434
0.9997998888407676,0.011055227174760488,0.016670179089732645,1.6736775773140664,-0.011188275703078813,0.9999061311249435,0.007908392509464667,0.6723291096439006,-0.01658118591792274,-0.008093320755469514,0.9998297696900338,-0.8640403163187926
0.9997651698093569,0.011970372595332504,0.018063215641089432,1.812838815321868,-0.012126499698170399,0.9998897970986191,0.00855895928082932,0.7272036322219755,-0.01795877217423559,-0.008775993200818767,0.9998002058328715,-0.9375380836542249
0.999727636622726,0.012884505312974005,0.019456711799805064,1.9519387893712405,-0.013065583049726992,0.9998722555949405,0.009208217402282013,0.7818983688964884,-0.01933558357027055,-0.009459922931661579,0.9997683173946119,-1.0112685475216026
0.9996873531551154,0.013797671053185552,0.02085078590450881,2.0909925264354854,-0.014005544757067908,0.9998533331041232,0.009856160787963125,0.8364159693291349,-0.02071173559002367,-0.010145106222701853,0.9997340447706152,-1.0852278932230561
0.9996442762327706,0.014709976863956161,0.02224543126470135,2.230000026514631,-0.014946483219106042,0.9998331090257632,0.010502784475397889,0.8907564335199076,-0.02208722264555923,-0.010831540279968924,0.9996973879608814,-1.1594161207585927
0.9995984464418806,0.015621294996815322,0.023640524038713997,2.3689463454371094,-0.015888285362147002,0.9998116213584944,0.011148093580109562,0.9449166422142845,-0.02346192366494324,-0.011519224172146632,0.9996583469654049,-1.2338332301287878
0.9995498404944082,0.016531503728995048,0.025036176496100005,2.5078464273744885,-0.016830819113184663,0.9997887881151604,0.011792084256013914,0.9988997146667948,-0.024835948544243404,-0.01220815510527078,0.9996169813888355,-1.3084792213330658
0.9994984410922066,0.01744082750671424,0.026432507298933663,2.646685245353126,-0.017774329618921905,0.9997647093958386,0.012434748582903984,1.0527030012159067,-0.02620941649274467,-0.012898332148011176,0.9995732316265338,-1.383350279674758
0.9994442275347838,0.01834918430700307,0.02782927332204348,2.7854778263466358,-0.018718699481123546,0.9997392496893783,0.013076092394262441,1.1063291515231484,-0.02758208164129081,-0.013589753437723286,0.9995271572831337,-1.4584502198505334
0.9993873172203744,0.01925653875460132,0.029226585404946857,2.924209226183507,-0.01966390799931078,0.9997125238064493,0.01371610922762325,1.1597750463339942,-0.028954059473876397,-0.014282415249120873,0.9994786987539956,-1.5337790418609671
0.9993275340516338,0.02016287617473022,0.030624441551573935,3.0628943890352787,-0.020609986224205526,0.9996845291594911,0.01435479967671506,1.21304380490297,-0.030325346265218153,-0.014976316650881949,0.9994278560391193,-1.609336745705484
0.9992650748263824,0.02106834934087935,0.03202271859260499,3.201518370730213,-0.021557020503312856,0.9996551716383159,0.01499215431742552,1.2661323079756315,-0.03169581721808059,-0.01567145112373975,0.9993746887431444,-1.6851195166874007
0.9991997781578779,0.02197269240586739,0.033421645493538536,3.3400810884666328,-0.022504782065880906,0.9996245859393053,0.01562818326048841,1.3190410251448164,-0.033065707025764564,-0.016367825186966868,0.9993191372614358,-1.7611311695039973
0.9991316854470722,0.02287617121687533,0.034820986598376735,3.4785975692177544,-0.023453505708363902,0.9995926373660777,0.016262871432695183,1.3717726060722129,-0.034434769819103435,-0.017065424870710118,0.9992612611986287,-1.8373678894574041
0.9990608752787976,0.02377851560218359,0.03622084689469103,3.6170528688122374,-0.024402950608602158,0.99955939932834,0.01689622410653301,1.42432393150321,-0.03580312108209829,-0.017764252037628065,0.9992009413454376,-1.9138334912454837
0.9989872483677457,0.0246798533102628,0.03762123021289079,3.755446904448007,-0.025353240190528082,0.9995248338274587,0.01752824101172218,1.4766954710308156,-0.037170760814750764,-0.018464310413004587,0.9991383565157971,-1.9905241601709704
0.998910822826837,0.02558029138910194,0.03902212986248452,3.8937797589271668,-0.026304477177592593,0.9994890202630299,0.018158917185784006,1.5288867550620182,-0.03853768156647723,-0.01916559627154645,0.9990733278957727,-2.067443710931123
0.9988316798284587,0.026479620067260384,0.04042353516082797,4.032051432249517,-0.027256435422411955,0.9994518611225366,0.01878824885370364,1.5808977835969102,-0.03990387216140818,-0.019868100300034938,0.9990059746946537,-2.144588328828675
0.9987497589006996,0.02737816218987009,0.041825334106413196,4.170276868586569,-0.028209458470597016,0.9994134133323023,0.019416227614862572,1.632731675890014,-0.0412692208408298,-0.02057182249845719,0.9989362373077905,-2.2219580138630377
0.9986649979421257,0.028275555212000984,0.04322774865078914,4.308441123767011,-0.029163194127463255,0.999373673489998,0.020042860451869766,1.6843853126867216,-0.0426339511221704,-0.021276762866828974,0.9988641753398374,-2.299556580732066
0.9985775376389977,0.029171956231680903,0.044630540388680515,4.446544114988711,-0.030117753765532652,0.9993326087721103,0.020668147883466468,1.735859163580031,-0.04399782458684231,-0.021982919542497557,0.9987897291861393,-2.3773802147385084
0.9984872787060122,0.030067428272562646,0.04603382504121302,4.584585925053631,-0.031073260808740146,0.9992902908155553,0.02129207721527676,1.787152758977026,-0.045360956718846414,-0.022690288800171456,0.9987129584513461,-2.455428915882351
0.9983942384413208,0.030961776237984562,0.047437593653774784,4.722566553961769,-0.032029470110385296,0.9992466246953758,0.02191465632525597,1.8382660988777069,-0.04672334006760672,-0.02339886691456682,0.9986338035308128,-2.5337026841635932
0.9982983788462901,0.03185510717593611,0.04884184606464331,4.860486001713099,-0.0329865094189385,0.9992016898111677,0.022535886130577755,1.8891991832820736,-0.04808497090783181,-0.024108661336261307,0.998552264424539,-2.6122015195822357
0.9981997940311029,0.0327472846888703,0.05024644950299437,4.9983441855057436,-0.03394422596090719,0.9991554015882148,0.023155768753781072,1.9399524817830454,-0.04944572630494105,-0.02481966275203328,0.9984684007371639,-2.6909254221382923
0.9980984718727375,0.033638547897784636,0.051651649762420856,5.136141188141579,-0.034902894232554244,0.9991078627141549,0.023774283228017692,1.990525524787703,-0.05080584095221776,-0.025531867436584234,0.9983821528640539,-2.769874391831742
0.997994304508425,0.03452866200621934,0.0530571950057232,5.273877009620605,-0.03586224576331907,0.9990590317880254,0.024391441888965092,2.040918312296043,-0.052165065255222555,-0.02624527166463323,0.9982935208051975,-2.8490484286625986
0.997887399800934,0.03541787216087485,0.05446332239531966,5.411551649942879,-0.03682254902376209,0.9990088915116738,0.02500722981338693,2.091130844308072,-0.053523641357814226,-0.026959879161459477,0.9982025641652504,-2.928447532630848
0.9977777672857255,0.03630592889051252,0.055869787269677486,5.549149999332798,-0.037783514842841474,0.9989573978965777,0.025621661547914443,2.1411609407551744,-0.054881323390838996,-0.02767568247649231,0.9981092829442015,-3.0080678890398502
0.9976652748539876,0.037193071316129915,0.05727682425458565,5.686687167565964,-0.038745423742522524,0.9989046536303747,0.026234715102201638,2.191010781705966,-0.0562383385970047,-0.028392679747078382,0.998013557932772,-3.0879133125862452
0.9975500779025736,0.03807916304018046,0.05868419316581083,5.824163154642349,-0.039708127273848384,0.9988505741383484,0.026846401083905357,2.24068036716044,-0.0575944560083093,-0.029110870973221802,0.9979155679448855,-3.1679838032700403
0.9974320970318864,0.03896409531351047,0.060091883754966297,5.961577960561783,-0.04067151838882959,0.9987952612933675,0.027456734708367663,2.2901696971186833,-0.058949660723597405,-0.029830256154929555,0.9978151341666068,-3.2482755463939696
0.9973113123562243,0.03984810463374345,0.06150012703005637,6.098916558350965,-0.04163582755939291,0.9987385752239298,0.028065671596474592,2.3394761219190023,-0.06030419116144394,-0.030550820391027043,0.9977124354118815,-3.328792356655896
0.9971877437612939,0.0407309648534963,0.06290880818937256,6.236193892181291,-0.04260082431361402,0.9986805971024229,0.02867324068144188,2.38860276081601,-0.061657920661982946,-0.03127257299475168,0.9976072928667694,-3.409530419357978
0.9970614300604981,0.041612881419671205,0.06431791417535603,6.373410044854836,-0.0435667287731738,0.9986213631546889,0.029279430203975276,2.4375491442167014,-0.0630108492252079,-0.031995513966095276,0.9974998257405598,-3.4904935491974527
0.996932388551983,0.042493634210587106,0.06572732845826594,6.510549989397987,-0.04453329579136913,0.9985608345673254,0.029884257444320342,2.486312622459552,-0.06436284646596296,-0.032719639579776305,0.9973900340332474,-3.5716779314776588
0.9968005225380056,0.04337333629993492,0.06713715515718215,6.647628669982282,-0.04550066346691375,0.9984989707541391,0.03048768969423865,2.5348963147990915,-0.06571403159353889,-0.03344493120933744,0.9972778581401925,-3.6530835661980134
0.9966659494167952,0.04425198768771532,0.0685473993453789,6.7846311424363535,-0.04646881109932617,0.9984357717151296,0.031089741087941675,2.5832971019807047,-0.06706439715735042,-0.03417140375593988,0.997163298061395,-3.734714268056365
0.9965285517901222,0.04512956767344697,0.06995805271512914,6.921572433733473,-0.047437759389087716,0.9983713548485269,0.03169041583469266,2.6315176336660873,-0.06841394315740221,-0.0348990572195871,0.9970464134014995,-3.816566222354851
0.9963883857695457,0.04600611163238943,0.07136922510567442,7.058437516900227,-0.04840748331118128,0.9983056053436614,0.03228969169177127,2.679555260193629,-0.06976277390182073,-0.035627880424404144,0.9969272041605108,-3.898639429094068
0.9962455100541707,0.046881590214985086,0.07278067903115144,7.195241418909973,-0.04937797251536115,0.9982385180254131,0.032887585416761185,2.72741263122494,-0.07111065842260512,-0.03635786964510188,0.9968056107337738,-3.9809338882734195
0.9960998098333324,0.04775599739553118,0.07419252400735674,7.331969112789409,-0.05034926237688981,0.9981702128795717,0.03348407660128942,2.7750870970984085,-0.07245770847846858,-0.037089021156392905,0.9966816331212937,-4.063449599893509
0.9959513179305484,0.04862923647627956,0.07560487775596252,7.468635625511865,-0.051321195797741644,0.9981005518074263,0.034079184111491266,2.8225813074756463,-0.07380402837754149,-0.03782134240885902,0.9965553309277196,-4.1461865639537265
0.9958001396210067,0.049501517228670265,0.07701750030539145,7.605225930103927,-0.05229402657368798,0.998029632321494,0.034672895895960204,2.8698926126950415,-0.07514938715181517,-0.03855482967720288,0.996426644548397,-4.229144780454675
0.9956461696295086,0.050372615206484214,0.078430374069857,7.7417400265656795,-0.05326750090895209,0.9979573543216975,0.03526522587626345,2.9170210127565976,-0.07649376990013859,-0.03928947923614182,0.9962956335879695,-4.312324249396362
0.9954894312441013,0.051242627107469706,0.07984362993043376,7.878192941870395,-0.05424175087654529,0.9978838559067481,0.03585616119406293,2.9639691573219196,-0.07783730328237799,-0.040025287360384326,0.9961622980464427,-4.395724970778176
0.9953298631781142,0.05211158830688631,0.08125736305158712,8.014569649044631,-0.0552167721519318,0.9978090222659763,0.03644567701907685,3.010734396729486,-0.07918009160666449,-0.04076224287405545,0.9960265783191771,-4.479343129903462
0.9951676415288817,0.0529794694551769,0.08267134932844723,8.150870148088472,-0.0561925336843844,0.9977328482242617,0.037033800033841026,3.0573167309792098,-0.08052189645441199,-0.041500353227736965,0.9958885340108067,-4.563182541469473
0.9950025901990638,0.05384626452663887,0.0840856963361431,8.287094273398083,-0.05716906652462753,0.9976554537673941,0.037620520836065215,3.103717099256933,-0.08186282958433645,-0.04223961842143175,0.9957481055166918,-4.647243205476251
0.9948347497748645,0.054711876823523256,0.08550062591542683,8.42325721755057,-0.058146257598974516,0.9975767007966626,0.038205825583646276,3.1499372120385054,-0.08320312196443706,-0.04298002727927011,0.9956052928368423,-4.731521307225897
0.9946642151812201,0.05557653079204901,0.08691566762279171,8.559343953572693,-0.059124302004076396,0.997496689412145,0.03878972211089402,3.195974419662239,-0.08454229675754724,-0.04372157980124444,0.9954602151805271,-4.816020661416275
0.9944908889056235,0.05643996228619939,0.08833105344554348,8.69535448146425,-0.06010298996849818,0.997415373037758,0.039372224844125656,3.241828722128213,-0.0858805923822549,-0.04446428343794586,0.9953127533384665,-4.900737453350118
0.9943147916485608,0.057302318053761,0.08974690217753817,8.831288801225469,-0.061082438890471956,0.9973327775491035,0.03995330366266422,3.2875001194363467,-0.08721811314668494,-0.045208123288207315,0.9951629073106661,-4.985675497724692
0.9941359182349012,0.05816359377019578,0.0911629613346835,8.967146912856151,-0.06206261942043505,0.9972488416595066,0.04053297457088318,3.332988611586721,-0.08855462063225913,-0.04595309935202767,0.9950107367017598,-5.070830979842732
0.9939543325388848,0.05902377908526307,0.09257934679983033,9.102928816356268,-0.06304355055770669,0.9971636240680821,0.04111122395723165,3.37829419857934,-0.08989022659768321,-0.04669921162940865,0.9948562415117524,-5.156203899704245
0.9937699525733603,0.05988274625049208,0.09399617219171691,9.238634511725877,-0.06402511057952164,0.9970771627734638,0.04168805105058883,3.4234168804142,-0.091225050252253,-0.047446452669776075,0.9946993621360044,-5.241794257309223
0.9935828197392846,0.06074073608804549,0.09541332324471492,9.374263833361255,-0.06500753428233655,0.9969893791908241,0.042263460290770195,3.4683575962770554,-0.09255895748551078,-0.0481948336489886,0.9945401581791555,-5.327605867354954
0.9933929487472453,0.06159751812600112,0.09683067037153249,9.509816946866067,-0.06599056184467014,0.9969002932058757,0.042837457198723145,3.5131154069821555,-0.09389184398933324,-0.04894433966589553,0.994378570036555,-5.413634915144158
0.9932003041861728,0.06245319508781005,0.09824831413334907,9.645293852240343,-0.06697433568977358,0.9968099229315399,0.043410029244032616,3.5576903125294965,-0.09522379917068599,-0.04969497072049279,0.9942146573128525,-5.499881400676827
0.9930049214671411,0.06330766425002102,0.09966626122066398,9.780694549484082,-0.06795871339439799,0.9967182502548955,0.04398118138917337,3.60208231291908,-0.09655483793073177,-0.05044672308749415,0.9940484200080482,-5.586345323952969
0.9928067651790766,0.06416101366130672,0.1010845113100322,9.916004011623897,-0.06894383738179241,0.9966252907013033,0.04455091546849275,3.6462887584892947,-0.09788495281888845,-0.05119960421747672,0.9938798581221417,-5.673026684973166
0.9926058301468582,0.06501328302146511,0.1025030513439027,10.051237265632977,-0.06992967830239905,0.9965309907467689,0.04511921972269258,3.6903122989018353,-0.09921412893399567,-0.051953610385147286,0.9937089120504884,-5.759921669039571
0.9924021802447213,0.06586443695523579,0.10392188801277222,10.186394145907684,-0.0709162551555347,0.9964354652019621,0.045686099114248924,3.734153873342457,-0.10054236627605023,-0.05270873413992931,0.993535641397733,-5.847034090849469
0.9921957515984301,0.06671448148832122,0.10534100156859039,10.321474818051826,-0.07190354894188239,0.9963385940810929,0.04625153692138886,3.7778125426253215,-0.10186965739447475,-0.0534649717565296,0.9933599865592302,-5.934363950402833
0.9919866029071001,0.06756341059501897,0.10676038942379447,10.456464255092044,-0.07289154931120166,0.9962404973699513,0.04681554781889239,3.8212856570888167,-0.10319600973984748,-0.05422232696024136,0.9931820071396243,-6.021911247700267
0.991774657358694,0.06841111290280098,0.10818005351905456,10.591377484001555,-0.07388016389028158,0.9961410343822665,0.047378120800675494,3.86457586639464,-0.10452140096043201,-0.054980781124614866,0.9930017031389159,-6.1096721680439
0.9915599537666148,0.0692578128578864,0.10959998241404217,10.726214339176664,-0.07486961280080322,0.9960403052181158,0.047939234935704594,3.9076841097285424,-0.10584583850680243,-0.05574033797493281,0.9928190745571046,-6.197650526131028
0.9913425120165797,0.07010327998835367,0.11102029350698969,10.860959959247623,-0.07585966557084745,0.9959383297632116,0.04849891092445971,3.950606798243159,-0.10716943413767187,-0.05650099751120569,0.9926340617895506,-6.285842507264952
0.991122347633939,0.07094763771813552,0.1124407426215293,10.995629371188102,-0.07685041024908125,0.9958350087322453,0.049057160562052365,3.9933465816000187,-0.108491941983878,-0.05726276718400655,0.9924467244408876,-6.3742519261423425
0.9908993838066618,0.07179074794852015,0.11386143765623243,11.130207382420593,-0.07784175446229681,0.9957304388229654,0.04961397261184628,4.035901749323434,-0.10981348125471578,-0.05802563209218234,0.9922570625111206,-6.462874968066565
0.9906736999343437,0.07263273410344016,0.1152823872422711,11.26470918552235,-0.07883380525848296,0.9956245207500635,0.05016934103023087,4.078274011889173,-0.1111340370490182,-0.05878959596101579,0.9920650163956053,-6.551711633036987
0.9904453314280585,0.0734734624087223,0.11670356807369456,11.399119753520154,-0.07982642021439067,0.995517412497963,0.050723269273256544,4.120460719635545,-0.1124536168173674,-0.059554655065225906,0.9918706456989854,-6.640765735751472
0.9902141435914237,0.07431320906178834,0.11812498532562053,11.533453947783414,-0.08081986517720136,0.9954089206711673,0.05127572799136717,4.162465461410081,-0.11377221310918288,-0.06032079822892549,0.9916740100259065,-6.730033461512193
0.9899801744230775,0.07515182128914909,0.11954677236484545,11.66769690694258,-0.08181401239844685,0.9952991393798643,0.05182673313521095,4.204284648365332,-0.11508993023259412,-0.061088040353284474,0.9914749305624398,-6.81951481031971
0.9897434826221296,0.07598928874056339,0.1209687709013996,11.801863657970983,-0.08280885152788388,0.9951881273231692,0.052376281381925495,4.24592093016291,-0.11640664897830923,-0.0618563702624337,0.9912735861225129,-6.909209782173427
0.9895040474880987,0.07682550436804161,0.12239099496317687,11.935939008291456,-0.08380426516728262,0.995075805101486,0.05292437898776303,4.287372596327041,-0.11772236934633169,-0.06262577678050521,0.9910698574968365,-6.9991183770739696
0.9892618897214657,0.07766058556981405,0.12381342955195092,12.069923123507806,-0.08480037071487273,0.9949621934152958,0.05347102519951206,4.328638707671887,-0.11903708388607742,-0.06339627108336522,0.9908638042900549,-7.089240595021316
0.9890169299226341,0.07849441494765023,0.12523606096327808,12.203830864989584,-0.08579706112266491,0.9948472715641176,0.054016211926570364,4.369722853044898,-0.12035078514697164,-0.06416783826985722,0.9906554265021676,-7.179576436014891
