-0.14122186601161957,0.10104477405548096,-0.9848077893257141,-142.74038696289062,-0.9899779558181763,-0.014414266683161259,0.14048431813716888,9.024218559265137,-7.560165471431901e-08,0.9947774410247803,0.10206770896911621,55.103389739990234
-0.14264415204524994,0.09977225214242935,-0.9847325086593628,-142.6100311279297,-0.9897740483283997,-0.014275537803769112,0.1419280618429184,8.96664047241211,0.00010289631609339267,0.9949079155921936,0.10078831017017365,55.01695251464844
-0.14406614005565643,0.09849992394447327,-0.9846535921096802,-142.4796600341797,-0.9895680546760559,-0.014134950935840607,0.14337117969989777,8.90885066986084,0.00020402041263878345,0.9950366616249084,0.09950874000787735,54.930694580078125
-0.14548805356025696,0.09722765535116196,-0.9845709800720215,-142.34925842285156,-0.989359974861145,-0.013992514461278915,0.14481393992900848,8.850849151611328,0.0003032964305020869,0.9951637983322144,0.09822889417409897,54.84461975097656
-0.1469096839427948,0.09595546126365662,-0.9844846725463867,-142.2188262939453,-0.989149808883667,-0.013848205097019672,0.14625608921051025,8.792635917663574,0.00040072406409308314,0.9952892661094666,0.0969487652182579,54.758724212646484
-0.14833123981952667,0.0946832150220871,-0.9843947291374207,-142.08837890625,-0.9889376163482666,-0.0137020293623209,0.14769785106182098,8.734210968017578,0.0004963028477504849,0.9954131245613098,0.0956682339310646,54.67300796508789
-0.14975248277187347,0.09341104328632355,-0.9843010306358337,-141.95790100097656,-0.9887233376502991,-0.01355398166924715,0.14913900196552277,8.67557430267334,0.000590032315813005,0.9955353736877441,0.09438742697238922,54.58747482299805
-0.1511736512184143,0.09213895350694656,-0.9842036962509155,-141.82740783691406,-0.9885069727897644,-0.01340408530086279,0.1505797654390335,8.61672592163086,0.0006819121190346777,0.9956559538841248,0.09310633689165115,54.50212097167969
-0.15259450674057007,0.090866819024086,-0.984102725982666,-141.69688415527344,-0.9882885813713074,-0.013252300210297108,0.1520199179649353,8.557665824890137,0.000771941733546555,0.9957748651504517,0.09182486683130264,54.41695022583008
-0.15401528775691986,0.08959487825632095,-0.9839980006217957,-141.56634521484375,-0.9880681037902832,-0.013098685070872307,0.15345966815948486,8.498394012451172,0.0008601211593486369,0.9958921670913696,0.0905432403087616,54.33195877075195
-0.1554357409477234,0.08832290768623352,-0.983889639377594,-141.43577575683594,-0.9878455400466919,-0.012943181209266186,0.15489880740642548,8.438910484313965,0.0009464499889872968,0.9960078001022339,0.08926121890544891,54.24715042114258
-0.1568559855222702,0.08705113083124161,-0.9837775826454163,-141.30519104003906,-0.9876209497451782,-0.012785837985575199,0.1563374102115631,8.379215240478516,0.0010309277568012476,0.9961217641830444,0.08797905594110489,54.16252136230469
-0.15827615559101105,0.08577932417392731,-0.9836618304252625,-141.17459106445312,-0.9873942732810974,-0.012626629322767258,0.1577756255865097,8.319308280944824,0.0011135542299598455,0.996234118938446,0.08669651299715042,54.07807540893555
-0.15969598293304443,0.08450761437416077,-0.9835423827171326,-141.04396057128906,-0.9871655106544495,-0.012465551495552063,0.15921320021152496,8.25918960571289,0.0011943290010094643,0.9963448643684387,0.08541370183229446,53.99380874633789
-0.1611156016588211,0.08323610574007034,-0.9834192991256714,-140.91331481933594,-0.9869347214698792,-0.012302635237574577,0.16065025329589844,8.198859214782715,0.00127325183711946,0.9964538812637329,0.08413074910640717,53.909725189208984
-0.1625348925590515,0.08196457475423813,-0.9832925200462341,-140.78265380859375,-0.9867018461227417,-0.01213783398270607,0.16208666563034058,8.138317108154297,0.0013503225054591894,0.9965613484382629,0.08284741640090942,53.82582092285156
-0.16395406424999237,0.08069313317537308,-0.9831621050834656,-140.6519775390625,-0.9864669442176819,-0.011971184983849525,0.1635226607322693,8.077563285827637,0.0014255407731980085,0.9966670870780945,0.08156383037567139,53.74209976196289
-0.16537290811538696,0.07942190766334534,-0.9830279350280762,-140.52127075195312,-0.9862299561500549,-0.011802689172327518,0.16495800018310547,8.016597747802734,0.0014989064075052738,0.9967712163925171,0.0802801102399826,53.65856170654297
-0.16679152846336365,0.07815078645944595,-0.9828901290893555,-140.3905487060547,-0.9859909415245056,-0.011632338166236877,0.16639281809329987,7.955420970916748,0.0015704188263043761,0.996873676776886,0.07899613678455353,53.57520294189453
-0.16820992529392242,0.07687964290380478,-0.9827486872673035,-140.2598114013672,-0.9857498407363892,-0.01146011147648096,0.16782709956169128,7.894032955169678,0.00164007768034935,0.996974527835846,0.0777117982506752,53.492027282714844
-0.1696280837059021,0.07560883462429047,-0.9826034903526306,-140.12905883789062,-0.9855066537857056,-0.011286069639027119,0.16926082968711853,7.832433223724365,0.0017078833188861609,0.9970737099647522,0.07642744481563568,53.409034729003906
-0.17104588449001312,0.07433813810348511,-0.9824546575546265,-139.998291015625,-0.9852614402770996,-0.011110163293778896,0.17069388926029205,7.770622253417969,0.0017738352762535214,0.9971712231636047,0.07514285296201706,53.32622528076172
-0.17246346175670624,0.0730675458908081,-0.9823021292686462,-139.8675079345703,-0.9850142002105713,-0.010932402685284615,0.1721264123916626,7.708600044250488,0.0018379330867901444,0.9972670674324036,0.07385801523923874,53.243595123291016
-0.17388078570365906,0.07179706543684006,-0.9821459650993347,-139.73670959472656,-0.9847648739814758,-0.010752787813544273,0.17355839908123016,7.646366119384766,0.0019001765176653862,0.9973613023757935,0.07257293164730072,53.16114807128906
-0.17529787123203278,0.07052668929100037,-0.9819860458374023,-139.60589599609375,-0.9845134615898132,-0.010571318678557873,0.17498981952667236,7.583920955657959,0.001960565336048603,0.9974538683891296,0.0712876096367836,53.07888412475586
-0.1767147183418274,0.06925655156373978,-0.9818224906921387,-139.47506713867188,-0.9842600226402283,-0.010388016700744629,0.1764206737279892,7.521264553070068,0.002019099425524473,0.9975448250770569,0.07000216841697693,52.996803283691406
-0.17813119292259216,0.06798652559518814,-0.9816552996635437,-139.34423828125,-0.984004557132721,-0.010202852077782154,0.1778508573770523,7.458396911621094,0.002075779251754284,0.9976340532302856,0.06871649622917175,52.9149055480957
-0.17954741418361664,0.0667164996266365,-0.9814844131469727,-139.21339416503906,-0.9837470054626465,-0.010015812702476978,0.17928048968315125,7.395318031311035,0.002130603650584817,0.9977216720581055,0.06743047386407852,52.833187103271484
-0.18096326291561127,0.06544683128595352,-0.9813098311424255,-139.08253479003906,-0.9834874272346497,-0.009826955385506153,0.18070943653583527,7.332027912139893,0.002183572156354785,0.9978076815605164,0.06614445894956589,52.751651763916016
-0.1823788434267044,0.06417728960514069,-0.9811316132545471,-138.95166015625,-0.9832258224487305,-0.009636244736611843,0.18213780224323273,7.268526554107666,0.002234685467556119,0.9978919625282288,0.06485821306705475,52.6702995300293
-0.18379418551921844,0.06290797889232635,-0.9809496998786926,-138.82078552246094,-0.9829620718955994,-0.009443704038858414,0.18356561660766602,7.2048139572143555,0.0022839426528662443,0.9979746341705322,0.06357185542583466,52.58913040161133
-0.18520912528038025,0.06163879856467247,-0.9807640910148621,-138.6898956298828,-0.9826963543891907,-0.009249303489923477,0.184992715716362,7.140890121459961,0.002331344410777092,0.998055636882782,0.062285277992486954,52.50814437866211
-0.1866236925125122,0.06036974862217903,-0.980574905872345,-138.55899047851562,-0.9824286103248596,-0.009053043089807034,0.18641914427280426,7.076755523681641,0.0023768902756273746,0.9981350302696228,0.06099848076701164,52.42734146118164
-0.18803799152374268,0.05910082906484604,-0.980381965637207,-138.42808532714844,-0.9821587800979614,-0.00885493028908968,0.18784497678279877,7.012409687042236,0.0024205795489251614,0.9982127547264099,0.05971146002411842,52.34672164916992
-0.1894519031047821,0.05783215910196304,-0.9801853895187378,-138.2971649169922,-0.9818869233131409,-0.008654981851577759,0.18927012383937836,6.947853088378906,0.0024624126963317394,0.9982888102531433,0.058424342423677444,52.26628494262695
-0.1908654123544693,0.056563738733530045,-0.9799851775169373,-138.16622924804688,-0.981613039970398,-0.00845319777727127,0.19069455564022064,6.883085250854492,0.0025023887865245342,0.998363196849823,0.057137127965688705,52.186031341552734
-0.19227853417396545,0.05529545992612839,-0.9797812700271606,-138.03529357910156,-0.9813371300697327,-0.008249555714428425,0.19211828708648682,6.818106651306152,0.002540508285164833,0.9984359741210938,0.055849697440862656,52.105960845947266
-0.19369137287139893,0.054027434438467026,-0.9795737266540527,-137.90435791015625,-0.9810591340065002,-0.008044085465371609,0.19354142248630524,6.752917289733887,0.002576771192252636,0.998507022857666,0.05456217750906944,52.02607345581055
-0.19510392844676971,0.052759431302547455,-0.9793624877929688,-137.77340698242188,-0.9807791113853455,-0.007836741395294666,0.1949639618396759,6.687517166137695,0.002611176809296012,0.9985765218734741,0.05327432602643967,51.94636917114258
-0.19651608169078827,0.05149180814623833,-0.9791476130485535,-137.6424560546875,-0.9804970622062683,-0.007627587299793959,0.19638578593730927,6.621906280517578,0.002643725136294961,0.9986442923545837,0.05198650807142258,51.86684799194336
-0.19792793691158295,0.05022444576025009,-0.9789290428161621,-137.51148986816406,-0.980212926864624,-0.0074166059494018555,0.19780701398849487,6.556084632873535,0.0026744164060801268,0.9987103939056396,0.05069860443472862,51.78750991821289
-0.19933949410915375,0.048957113176584244,-0.9787067770957947,-137.38052368164062,-0.9799267649650574,-0.007203750777989626,0.19922763109207153,6.490052223205566,0.0027032499201595783,0.9987748861312866,0.0494103766977787,51.70835494995117
-0.20075054466724396,0.04769016429781914,-0.978480875492096,-137.2495574951172,-0.9796385765075684,-0.006989080458879471,0.20064741373062134,6.423809051513672,0.0027302263770252466,0.9988377094268799,0.048122186213731766,51.6293830871582
-0.20216116309165955,0.04642336815595627,-0.9782513380050659,-137.1185760498047,-0.9793484210968018,-0.006772554945200682,0.20206646621227264,6.357355117797852,0.002755344845354557,0.9988989233970642,0.04683379828929901,51.55059814453125
-0.20357148349285126,0.04515684396028519,-0.9780181646347046,-136.9875946044922,-0.9790561199188232,-0.006554204039275646,0.203484907746315,6.290690898895264,0.002778605790808797,0.99895840883255,0.04554533213376999,51.47199630737305
-0.2049812525510788,0.04389047250151634,-0.9777812957763672,-136.8566131591797,-0.9787619113922119,-0.006333992350846529,0.2049024999141693,6.22381591796875,0.002800008747726679,0.999016284942627,0.04425667226314545,51.393577575683594
-0.2063906192779541,0.042624495923519135,-0.9775408506393433,-136.7256317138672,-0.9784656167030334,-0.00611197529360652,0.20631936192512512,6.156730651855469,0.002819553716108203,0.9990724921226501,0.042968057096004486,51.31534194946289
-0.20779965817928314,0.04135879501700401,-0.9772966504096985,-136.5946502685547,-0.9781672954559326,-0.005888133309781551,0.2077355980873108,6.08943510055542,0.0028372411616146564,0.9991270303726196,0.041679371148347855,51.23728942871094
-0.20920827984809875,0.040093258023262024,-0.9770488142967224,-136.4636688232422,-0.9778669476509094,-0.005662437062710524,0.20915108919143677,6.0219292640686035,0.0028530708514153957,0.9991798996925354,0.0403904989361763,51.159423828125
-0.2106165736913681,0.03882799670100212,-0.976797342300415,-136.3326873779297,-0.9775645732879639,-0.005434917286038399,0.2105659544467926,5.9542131423950195,0.00286704208701849,0.9992311000823975,0.03910155966877937,51.08174133300781
-0.21202443540096283,0.0375630222260952,-0.9765421748161316,-136.2017059326172,-0.9772601127624512,-0.005205568857491016,0.21198007464408875,5.886286735534668,0.0028791551012545824,0.9992806911468506,0.037812553346157074,51.004241943359375
-0.21343186497688293,0.03629833459854126,-0.9762833714485168,-136.0707244873047,-0.9769536852836609,-0.004974392242729664,0.2133934497833252,5.818150043487549,0.0028894103597849607,0.99932861328125,0.0365234836935997,50.92692565917969
-0.21483884751796722,0.03503393009305,-0.9760209321975708,-135.9397430419922,-0.9766452312469482,-0.004741387907415628,0.21480606496334076,5.749803066253662,0.0028978073969483376,0.9993748664855957,0.03523435443639755,50.849796295166016
-0.2162453830242157,0.033769819885492325,-0.9757548570632935,-135.8087615966797,-0.9763347506523132,-0.004506556782871485,0.21621793508529663,5.681245803833008,0.0029043457470834255,0.9994194507598877,0.03394516929984093,50.772850036621094
-0.21765147149562836,0.032505881041288376,-0.97548508644104,-135.6777801513672,-0.9760222434997559,-0.004269872792065144,0.21762903034687042,5.612478733062744,0.002909025875851512,0.9994624257087708,0.032655805349349976,50.69608688354492
-0.2190571129322052,0.031242353841662407,-0.9752117395401001,-135.5467987060547,-0.9757077097892761,-0.004031389020383358,0.21903936564922333,5.543501853942871,0.002911847550421953,0.9995037317276001,0.031366508454084396,50.619510650634766
-0.22046230733394623,0.029979122802615166,-0.9749346971511841,-135.4158172607422,-0.975391149520874,-0.003791078692302108,0.22044894099235535,5.4743146896362305,0.002912811702117324,0.999543309211731,0.03007715940475464,50.54311752319336
-0.22186703979969025,0.0287160724401474,-0.9746540188789368,-135.28485107421875,-0.9750725626945496,-0.0035489166621118784,0.22185775637626648,5.4049177169799805,0.0029119173996150494,0.9995813369750977,0.0287876408547163,50.4669075012207
-0.22327131032943726,0.027453437447547913,-0.9743696451187134,-135.1538848876953,-0.9747520089149475,-0.003304955782368779,0.22326579689979553,5.335310935974121,0.0029091648757457733,0.9996176362037659,0.027498194947838783,50.39088439941406
-0.22467511892318726,0.0261911042034626,-0.9740816950798035,-135.02291870117188,-0.9744294285774231,-0.003059169976040721,0.2246730625629425,5.265494346618652,0.0029045541305094957,0.9996522665023804,0.026208702474832535,50.31504440307617
-0.22607845067977905,0.024929076433181763,-0.9737900495529175,-134.89195251464844,-0.9741047620773315,-0.002811559708788991,0.2260795533657074,5.195468425750732,0.002898085629567504,0.9996852874755859,0.024919165298342705,50.2393913269043
-0.22748133540153503,0.0236673541367054,-0.9734947681427002,-134.76100158691406,-0.9737781286239624,-0.0025621247477829456,0.22748525440692902,5.125232696533203,0.002889759372919798,0.999716579914093,0.02362958900630474,50.16392135620117
-0.2288837432861328,0.022405941039323807,-0.9731958508491516,-134.6300506591797,-0.9734495282173157,-0.002310866490006447,0.22889019548892975,5.0547871589660645,0.0028795741964131594,0.9997462630271912,0.022339971736073494,50.0886344909668
-0.23028555512428284,0.021144837141036987,-0.9728933572769165,-134.49911499023438,-0.9731189012527466,-0.0020577823743224144,0.23029421269893646,4.984132289886475,0.0028675307985395193,0.9997742772102356,0.021050317212939262,50.01353454589844
-0.2316870093345642,0.01988404616713524,-0.9725871682167053,-134.36817932128906,-0.9727861881256104,-0.0018028774065896869,0.23169757425785065,4.913268089294434,0.002853629644960165,0.9998006820678711,0.019760629162192345,49.93861770629883
-0.23308786749839783,0.01862356998026371,-0.9722773432731628,-134.2372589111328,-0.9724515080451965,-0.0015461472794413567,0.233100026845932,4.842194557189941,0.002837870502844453,0.9998253583908081,0.01847090758383274,49.863887786865234
-0.2344883680343628,0.017363525927066803,-0.9719638228416443,-134.10633850097656,-0.9721148610115051,-0.0012876247055828571,0.23450179398059845,4.770911693572998,0.002820253139361739,0.9998484253883362,0.01718127354979515,49.78934097290039
-0.2358882576227188,0.016103800386190414,-0.9716467261314392,-133.97543334960938,-0.9717761278152466,-0.0010272774379700422,0.23590265214443207,4.6994194984436035,0.002800778253003955,0.9998698234558105,0.015891611576080322,49.71498107910156
-0.23728767037391663,0.014844395220279694,-0.9713259935379028,-133.8445281982422,-0.9714354276657104,-0.0007651086780242622,0.23730270564556122,4.627717971801758,0.0027794453781098127,0.9998895525932312,0.01460192259401083,49.640804290771484
-0.23868657648563385,0.013585314154624939,-0.9710016250610352,-133.71363830566406,-0.9710927605628967,-0.0005011175526306033,0.2387019693851471,4.555807590484619,0.0027562552131712437,0.9999076128005981,0.013312210328876972,49.56681442260742
-0.24008488655090332,0.012326673604547977,-0.9706736207008362,-133.582763671875,-0.9707480669021606,-0.00023533297644462436,0.24010030925273895,4.483687877655029,0.0027312063612043858,0.9999240040779114,0.0120225939899683,49.49300765991211
-0.24148280918598175,0.011068359017372131,-0.9703419804573059,-133.45188903808594,-0.9704013466835022,3.227118941140361e-05,0.2414979487657547,4.4113593101501465,0.002704300219193101,0.9999387264251709,0.01073295809328556,49.41938781738281
-0.24288012087345123,0.009810375049710274,-0.9700067043304443,-133.32102966308594,-0.9700525999069214,0.00030169798992574215,0.24289466440677643,4.338821887969971,0.002675536787137389,0.9999518394470215,0.009443303570151329,49.34595489501953
-0.24427692592144012,0.008552838116884232,-0.9696677923202515,-133.190185546875,-0.969701886177063,0.0005729164695367217,0.2442905753850937,4.266075611114502,0.002644916297867894,0.9999632835388184,0.00815375242382288,49.272705078125
-0.24567310512065887,0.007295633666217327,-0.9693253040313721,-133.05935668945312,-0.969349205493927,0.0008459562668576837,0.24568554759025574,4.19312047958374,0.0026124385185539722,0.9999729990959167,0.006864188238978386,49.199642181396484
-0.24706877768039703,0.006038765422999859,-0.9689791202545166,-132.9285430908203,-0.9689944982528687,0.0011208157520741224,0.24707968533039093,4.1199564933776855,0.0025781034491956234,0.999981164932251,0.005574611946940422,49.12676239013672
-0.24846383929252625,0.004782350268214941,-0.9686293601989746,-132.79774475097656,-0.9686378240585327,0.001397466054186225,0.2484728991985321,4.046584129333496,0.0025419110897928476,0.9999876022338867,0.004285145550966263,49.05406951904297
-0.24985836446285248,0.003526274813339114,-0.9682759642601013,-132.6669464111328,-0.9682791829109192,0.0016759358113631606,0.24986529350280762,3.9730029106140137,0.002503862138837576,0.9999923706054688,0.0029956719372421503,48.981563568115234
-0.251252144575119,0.00227065640501678,-0.9679189920425415,-132.53616333007812,-0.9679185152053833,0.0019561955705285072,0.2512566149234772,3.8992133140563965,0.0024639563634991646,0.9999955296516418,0.0017063120612874627,48.90924072265625
-0.2526455521583557,0.0010153823532164097,-0.9675583839416504,-132.4053955078125,-0.9675558805465698,0.002238274086266756,0.2526472508907318,3.8252153396606445,0.0024221944622695446,0.9999969601631165,0.0004169491585344076,48.83710479736328
-0.25403839349746704,-0.00023943018459249288,-0.9671940803527832,-132.27464294433594,-0.967191219329834,0.002522141207009554,0.2540370225906372,3.751008987426758,0.0023785759694874287,0.9999967813491821,-0.0008722955244593322,48.76515197753906
-0.2554306089878082,-0.0014937793603166938,-0.9668262600898743,-132.1439208984375,-0.9668245911598206,0.0028077964670956135,0.2554258406162262,3.6765944957733154,0.002333101350814104,0.9999949336051941,-0.002161419717594981,48.69338607788086
-0.2568220794200897,-0.002747778780758381,-0.966454803943634,-132.01321411132812,-0.9664559960365295,0.003095269203186035,0.2568136155605316,3.6019718647003174,0.002285770606249571,0.9999914169311523,-0.0034505408257246017,48.62180709838867
-0.2582131326198578,-0.004001310095191002,-0.9660797119140625,-131.8825225830078,-0.9660853743553162,0.0033845289144665003,0.25820061564445496,3.5271410942077637,0.0022365839686244726,0.9999862909317017,-0.00473953690379858,48.550411224365234
-0.2596036493778229,-0.005254486575722694,-0.9657009840011597,-131.75184631347656,-0.9657127857208252,0.0036756068002432585,0.25958681106567383,3.4521021842956543,0.002185541670769453,0.9999794363975525,-0.006028525996953249,48.47920227050781
-0.26099348068237305,-0.006507191341370344,-0.9653186202049255,-131.62118530273438,-0.9653382301330566,0.003968471195548773,0.2609720230102539,3.3768553733825684,0.002132643945515156,0.9999709725379944,-0.007317385636270046,48.408180236816406
-0.2623825669288635,-0.007759422995150089,-0.9649327397346497,-131.49053955078125,-0.9649617075920105,0.0042631193064153194,0.262356162071228,3.301400661468506,0.0020778910256922245,0.9999607801437378,-0.00860611442476511,48.337345123291016
-0.2637712359428406,-0.009011292830109596,-0.9645431637763977,-131.35992431640625,-0.964583158493042,0.004559585824608803,0.26373958587646484,3.225738286972046,0.0020212826784700155,0.9999489784240723,-0.009894829243421555,48.266693115234375
-0.2651592493057251,-0.0102626858279109,-0.9641500115394592,-131.2293243408203,-0.9642026424407959,0.004857836756855249,0.2651219964027405,3.1498680114746094,0.00196281960234046,0.999935507774353,-0.011183408088982105,48.19622802734375
-0.2665465772151947,-0.011513597331941128,-0.9637532830238342,-131.09873962402344,-0.9638201594352722,0.005157871637493372,0.2665034532546997,3.0737903118133545,0.0019025019137188792,0.9999204277992249,-0.012471850961446762,48.12594985961914
