1.0000000427732696,-7.86092278167999e-09,-4.647366255716712e-09,0.0,-7.86092278167999e-09,0.9999999684457445,4.840440920754133e-10,0.0,-4.647366255716712e-09,4.840440920754133e-10,0.9999999746197467,0.0
0.9999981438324623,-0.0014398421378881802,0.0012859913168965786,0.14528670948504896,0.0014398977610725436,0.9999989624057262,-4.2368892760054256e-05,0.0385919489987927,-0.0012859254995031127,4.422009105599714e-05,0.9999991864117878,0.07198408004535395
0.9999925588328267,-0.002879487389510327,0.0025718810997005237,0.29059988888167254,0.002879697272797444,0.9999958490234979,-8.287154519445954e-05,0.07739133698352596,-0.0025716404118776987,9.02778257296788e-05,0.9999966714888606,0.14378521212841378
0.9999832561095829,-0.004319163711203097,0.0038578077639552233,0.435954175806728,0.004319664624502955,0.9999906598646069,-0.0001215347104775848,0.11639600907924752,-0.0038572509913327585,0.00013819652946679695,0.9999925350073359,0.21539805965350922
0.9999701993148165,-0.005758665624861006,0.005143753822076949,0.5813499596176825,0.0057595490352298495,0.9999833654678757,-0.00015833323452368105,0.15560596528624693,-0.0051427609981195,0.0001879554266790845,0.9999867188439339,0.2868264173954316
0.9999534663809186,-0.007198190156351786,0.006429849177548436,0.7267722133401548,0.0071995633648064255,0.9999740543017661,-0.00019329145839318358,0.1950233604791869,-0.006428298263527463,0.0002395752010211638,0.9999792695876629,0.3580718271750669
0.9999329214368433,-0.008637510835190515,0.007715969879760268,0.8722355745911159,0.008639503170884104,0.999962633689077,-0.0002263859630099695,0.23464603978311516,-0.007713721521859743,0.00029303308392816807,0.999970199956295,0.429128952396745
0.9999087125210557,-0.010076862422204277,0.00900209923670768,1.0177254057535947,0.010079572895820477,0.9999491372997251,-0.00025763874591411593,0.27447615807298575,-0.008999053452101238,0.00034835351377356105,0.9999594517449246,0.500003129656136
0.9998807983468359,-0.011516001693931271,0.010288367609974716,1.1632563444445623,0.011519551262291752,0.9999335904710781,-0.00028702804872963306,0.3145115604738429,-0.010284387184115784,0.0004055120615816532,0.9999470115779875,0.5706890223575556
0.9998491136371701,-0.012955171820363195,0.011574538044115429,1.3088137530470476,0.012959661630768515,0.9999159678657684,-0.00031457828683095545,0.35475440186064233,-0.011569491329393,0.0004645336774611458,0.9999329636855241,0.6411919670967023
0.9998137221481447,-0.014394123288658758,0.01286083281979615,1.4544122691780217,0.014399680640779051,0.9998962337095094,-0.000340262940473859,0.3952025273584301,-0.012854612099782267,0.0005253931701017928,0.9999172253431785,0.7115066272778776
0.999774601503304,-0.01583296507600801,0.014147024881003181,1.6000372552205135,0.015839690468927164,0.999874463844544,-0.00036409930951888773,0.4358580918421584,-0.014139492549729266,0.0005881021890514204,0.9998998198477073,0.7816383394967659
0.9997317483016046,-0.017271837605180862,0.015433344096554336,1.7456883218171697,0.017279838633405802,0.999850618202916,-0.00038609314382145703,0.4767210953115413,-0.01542437200055112,0.00065267537624214,0.999880783531318,0.85158330897859
0.9996851383625509,-0.01871047668855641,0.016719666254167764,1.891380885299668,0.01871987435326476,0.999824658905969,-0.00040622286828308137,0.5177893828921984,-0.016709135625787033,0.0007190860346792394,0.9998601291386316,0.921343788677234
0.9996348600601799,-0.020149006001868808,0.018005872145371943,2.0370995293363308,0.020159907225603225,0.9997966639003156,-0.000424504177955261,0.5590651094585102,-0.017993665168107853,0.000787347087980339,0.9998377490657301,0.9909175256388139
0.9995808136134992,-0.021587316496634534,0.019292206684800528,2.182844643284511,0.021599827653313558,0.9997665573437133,-0.0004409225389303891,0.6005482750107625,-0.019278190059885236,0.0008574475814416282,0.9998137979361978,1.0603083146381067
0.999523102050202,-0.023025605222485812,0.020578536327029134,2.328615837786856,0.02303984849624264,0.9997344277046233,-0.00045549904800130773,0.6422388795486693,-0.02056259354731521,0.0009294079671030575,0.9997881096995738,1.1295123609003213
0.9994615866453991,-0.024463675082261438,0.0218647483730139,2.4744281398176327,0.024479750560220233,0.9997001865145843,-0.0004682167400046121,0.6841347681975627,-0.021846741561581062,0.00100320825615402,0.9997608157543121,1.1985281226045856
0.9993963914703234,-0.025901620366489603,0.023150947977418346,2.620266844771834,0.025919649776668895,0.9996639075114692,-0.0004790830998188623,0.7262376237741233,-0.023130766667974326,0.0010788587082652124,0.9997318453936043,1.2673609432198134
0.9993275030246402,-0.02733944941304145,0.024437268837975493,2.7661315632920207,0.02735953139375907,0.9996255316879936,-0.00048809573082875344,0.7685474462780597,-0.024414779826748195,0.0011563605300158875,0.9997012448171532,1.3360070279712346
0.9992548375585266,-0.0287771475827841,0.02572334417191098,2.9120223623663435,0.028799397494654457,0.9995850569397878,-0.0004952640574370534,0.8110647077676507,-0.025698420429171115,0.0012357118682995716,0.9996689917406115,1.4044663699855846
0.999178472909273,-0.030214589056433788,0.02700940103523851,3.057939175006652,0.030239113229811057,0.999542525439178,-0.0005005707797832182,0.8537889361846194,-0.026981921152489333,0.0013169002817126352,0.9996350628672226,1.472738976136121
0.9990983684577124,-0.03165190585947805,0.0282954453261495,3.2038823905703566,0.03167881978309735,0.9994979561254921,-0.0005040270919291476,0.8967201315292535,-0.028265285318738287,0.001399939784644616,0.999599457591812,1.5408286411976349
0.9990145829029633,-0.033089076992111055,0.02958147579096368,3.3498516866882255,0.03311850873703416,0.9994512857827061,-0.0005056319416854403,0.9398587658595403,-0.02954851895065584,0.0014848284564984993,0.9995622359605779,1.6087315635220705
0.9989269954204936,-0.03452611710534792,0.03086749368336132,3.49584699637208,0.0345581674229382,0.9994025165151902,-0.0005053863812414975,0.9832043671172066,-0.030831602161518146,0.0015715680345734229,0.9995233379273221,1.6764477499827066
0.9988357355759592,-0.03596301781378852,0.03215337000480245,3.6418683196219206,0.03599777900586014,0.9993517073302285,-0.0005032926770075356,1.0267569353022488,-0.03211442841008892,0.0016601577755194774,0.9994828366453202,1.743977200579522
0.9987407773087484,-0.03739964709194532,0.03343922151025365,3.7879006294634223,0.03743724022304386,0.9992988392884928,-0.0004993392124935818,1.070518625289333,-0.033397107367885495,0.0017505836649471251,0.999440600299964,1.811321457133424
0.9986420664993596,-0.03883613059275065,0.034725172128851914,3.93395934222832,0.038876677506528276,0.9992438702176574,-0.0004935297846094033,1.1144872822040846,-0.0346797533171965,0.0018428597655626988,0.9993967360108154,1.8784827725982964
0.9985396208096347,-0.04027234249692074,0.036010861684877285,4.080044068559232,0.04031595808995056,0.9991868422900482,-0.0004858701297979873,1.1586629060462137,-0.035962008564782114,0.0019369736359625689,0.9993512807331859,1.9454573521993552
0.9984334892575102,-0.041708385599206366,0.037296510441770944,4.22615480845613,0.0417551768185612,0.9991277702362535,-0.00047635783022497634,1.2030454968157205,-0.037244117810329394,0.0020329351210939817,0.9993040920321297,2.0122451959366074
0.9983236294980458,-0.04314430590114454,0.038582024572589246,4.372276534944717,0.04319437161349057,0.9990665402504446,-0.0004650012050132968,1.2476372093872694,-0.03852595687396709,0.0021307498770990474,0.9992552993697583,2.0788478456309463
0.9982100074773437,-0.044579916930899355,0.03986750123514399,4.518424274999262,0.04463338020469843,0.9990033062064068,-0.00045178495502133827,1.292435888886196,-0.03980763086222054,0.0022303980691328884,0.999204832859767,2.1452637594614643
0.9980927468737792,-0.04601525636401893,0.0411529465131447,4.664597961631671,0.04607223001268975,0.9989380133055951,-0.0004367090802445945,1.337441063254225,-0.0410891524649334,0.002331884030951026,0.9991527517955119,2.211492944301426
0.9979716816766626,-0.04745043522618497,0.04243835327619212,4.810782634855741,0.047511020049007216,0.9988706172713138,-0.00041978095659812083,1.3826553594242963,-0.04237050839367339,0.0024352198563459826,0.9990989969910314,2.2775369350984818
0.9978469296518366,-0.04888532779317167,0.04372360177099743,4.956993254657675,0.0489496449677755,0.9988011602758889,-0.00040100034492233607,1.42807615046347,-0.04365158340679885,0.0025403921774554417,0.9990435807334394,2.343394196904974
0.9977184866125424,-0.05031991929514146,0.045008691997560635,5.103229888025595,0.0503880752653524,0.9987296402149509,-0.00038036724521724034,1.4737039084300214,-0.044932377074731175,0.0026474004150536246,0.9989865030227358,2.40906472284766
0.9975862837856218,-0.05175422445440292,0.04629373957181267,5.249477440997055,0.05182633411102916,0.9986560591928695,-0.0003578747864276545,1.5195403161403398,-0.04621300217623381,0.0027562456115956535,0.9989278119138802,2.4745500616206826
0.9974504074517323,-0.053188354367931234,0.047578618078728416,5.395735913572025,0.05326451635008389,0.9985803729329485,-0.00033353668943136546,1.5655853735944252,-0.04749334023918829,0.002866939166030036,0.998867400542373,2.5398502132240424
0.9973107741966856,-0.05462230059091505,0.04886357963949513,5.542020332724832,0.05470263039997744,0.9985026404424727,-0.00030734039449447975,1.611836925917613,-0.048773626120115515,0.002979480914043542,0.9988054227923804,2.604963635836853
0.9971674632352852,-0.05605594572511746,0.05014824484599261,5.688315671481178,0.05614054982868947,0.9984228448864837,-0.00027929855298964304,1.6582971279845697,-0.05005350095163334,0.0030938588101604436,0.9987417378398286,2.669891871280001
0.9970204204480293,-0.05748940089127813,0.05143273960063732,5.834636956815359,0.0575784010682589,0.9983409419882856,-0.0002494109430775208,1.7049638249206271,-0.0513330790160304,0.0032100840217145765,0.9986763926842473,2.7346333777325995
0.9968696194067004,-0.05892265764458571,0.052717303988033655,5.98096916175308,0.059016169366846616,0.9982569907551627,-0.0002176640830444133,1.7518391716004516,-0.0526125972719414,0.003328156384392711,0.9986094226096671,2.799189697015535
0.9967151242922139,-0.06035551060941907,0.054001575155774584,6.127312286294341,0.06045362502968431,0.9981709617259381,-0.00018406607940789872,1.7989231680240447,-0.05389169905429375,0.003448054123768307,0.9985408049284709,2.863560829128815
0.9965569258036198,-0.06178802469110045,0.05528579227261098,6.273680968056027,0.06189087131950192,0.9980829244297452,-0.0001486099043760078,1.8462136593164509,-0.055170619334201906,0.0035697848355651374,0.9984705750186591,2.9277414374767474
0.9963950528553729,-0.06322035713072899,0.05656982158612793,6.420060502433103,0.06332802625087725,0.9979927207840588,-0.00011130822664163262,1.8937123282943489,-0.05644924124326835,0.003693364185185788,0.998398626768574,2.9917368655282814
0.996229401467096,-0.06465222491545075,0.05785379763375765,6.566450956413689,0.06476486221214314,0.99790055104373,-7.214284557896933e-05,1.9414196470160139,-0.057727670203003484,0.003818763602594699,0.9983250662093274,3.0555471064101596
0.9960601301189,-0.06608379991361552,0.05913746808186698,6.712852263009665,0.0662014803829281,0.9978062592306037,-3.1134423518152376e-05,1.9893351434231707,-0.059005682803773524,0.003946000722108267,0.9982498593136836,3.1191721669956323
0.9958870655798986,-0.06751514717313245,0.06042095307625338,6.859264422221031,0.06763800927840856,0.9977099148738132,1.1719566347693095e-05,2.0374588175158195,-0.06028337736176731,0.004075081749762233,0.9981729937542558,3.1826120472847066
0.9957102967141056,-0.06894617862155938,0.061704366799104786,7.005687044690347,0.06907431404904868,0.9976115053471396,5.643238389293225e-05,2.0857906692936723,-0.061560879085023335,0.004205997883064472,0.9980944578155442,3.245862952502584
0.9955298524359759,-0.07037698223628053,0.06298759487197894,7.152120519775053,0.07051051270942627,0.9975110432768018,0.00010298938625997199,2.134330698757017,-0.06283807110514408,0.004338758850965796,0.9980142632331851,3.3089286774240634
0.9953456572993553,-0.07180746369112095,0.06427063309209986,7.298564847475177,0.07194649566245169,0.997408454924927,0.00015139722266916308,2.1830789059058535,-0.0641149456810772,0.004473354741217517,0.9979324703559641,3.3718092220491513
0.9951577703835941,-0.07323760628657389,0.0655534753103399,7.445020027790633,0.07338225449064607,0.9973038583060838,0.00020165543212159005,2.232035290740182,-0.0653915051297258,0.0046097833722758,0.9978490198972373,3.4345045863778267
0.9949661899755446,-0.07466740367384861,0.06683612512997586,7.591485671364097,0.07481777444218858,0.9971971923086179,0.00025376302753039615,2.2811998532597144,-0.06666774553046582,0.004748044560842768,0.9977639114872959,3.4970109756353125
0.9947709185488183,-0.07609685580541614,0.06811857141408681,7.737962167552922,0.07625307026890063,0.9970884569325297,0.00030772066518410494,2.3305725934647388,-0.06794366339225183,0.004888138770147765,0.9976771462688274,3.5593321845964
0.9945718806698867,-0.07752596272880546,0.06940094497672818,7.8844494493689865,0.07768812088460986,0.9969776521778189,0.0003635367997233805,2.380153039296978,-0.06921937455531409,0.005030065536961448,0.9975887707374098,3.6214682201343464
0.994369220925668,-0.07895472442025209,0.07068299564570478,8.030947127454908,0.07912292420619765,0.9968647780444856,0.00042119281074391116,2.429941190756148,-0.07049464669482412,0.0051738250928984875,0.997498750644036,3.683415287474361
0.9941628097505064,-0.08038314097481397,0.07196483482839033,8.177455658156191,0.08055749706861332,0.9967498345325296,0.0004806988965538573,2.4799375199008082,-0.07176958635201822,0.005319416511500197,0.9974070146403459,3.745177174517977
0.9939526938662171,-0.08181119762265354,0.0732465980380333,8.323959947510389,0.0819918310543688,0.9966328195375814,0.0005420636419989716,2.5301437095473513,-0.07304431628342886,0.005466839213540797,0.9973137285748958,3.8067554299593382
0.9937388371953721,-0.08323888601401741,0.07452802847077085,8.470474633134415,0.0834259198291405,0.9965137920669254,0.0006052678680244635,2.5805576048208216,-0.07431858937227012,0.005616092108248372,0.9972187390439788,3.8681447172027674
0.9935213449687894,-0.08466621452242346,0.07580924776892116,8.617000104385681,0.08485974655796105,0.9963926931132768,0.0006703213445021157,2.6311792057215104,-0.07559253625072973,0.005767176054780165,0.9971220934842259,3.9293488310230558
0.9933000999783479,-0.08609317689413892,0.07709025828208073,8.763535904918626,0.08629332807578895,0.9962694615649819,0.0007372241365344724,2.6820080401908513,-0.07686614302041458,0.005920089943379614,0.997023851572126,3.9903639835186766
0.9930751594001344,-0.08751978573168728,0.07837104787553956,8.910067464104486,0.08772664121332432,0.9961442196453487,0.0008059764746097258,2.7330467351620733,-0.07813940993052111,0.006074835067101159,0.9969238947176112,4.051195504412036
0.9928465272307918,-0.08894601156668686,0.0796516248517675,9.056609808917585,0.08915971547420927,0.9960169631456379,0.0008765775018461078,2.784293135760512,-0.07941233926354531,0.006231409572649227,0.9968223419039511,4.111841851882261
0.9926142395224964,-0.09037174544571208,0.08093198348685458,9.203147456038067,0.0905923801709328,0.9958876162236067,0.0009490297537083633,2.8357489248022674,-0.08068493097370787,0.0063898015788613205,0.9967191338008728,4.172300779848705
0.9923782169380735,-0.09179723058628364,0.0822121254925708,9.349695821797638,0.09202491767123329,0.9957561535418872,0.001023328800603546,2.887411947412966,-0.08195717317590591,0.006550035572616797,0.9966143301503093,4.232574541265265
0.9921384825891906,-0.09322221542112746,0.08349203747226712,9.496239489864536,0.09345706877667291,0.9956226594451316,0.001099479169767153,2.939284358466983,-0.08322906824145901,0.006712085976264381,0.9965078124916714,4.292660883178044
0.9918950215349562,-0.09464693472295288,0.08477161143385104,9.642793876570579,0.09488906318205645,0.9954871676032567,0.0011774650482630354,2.9913640030899398,-0.08450049292983959,0.006875977112370202,0.996399711740466,4.35256205854094
0.9916479079857281,-0.09607115583883569,0.0860509577190116,9.789343565583948,0.09632066277510039,0.9953495242274071,0.0012573023141298865,3.043653036156215,-0.08577157094556097,0.007041684407768811,0.9962899566576757,4.412275814400054
0.991397097991102,-0.09749499404722767,0.08733007404365183,9.935903973236435,0.09775197923603163,0.9952098662714798,0.0013389880610773662,3.0961493027914333,-0.08704229684295177,0.007209220158535257,0.9961785474776571,4.471804403709285
0.9911425940246892,-0.09891842006986307,0.0886089568617358,10.082459616208126,0.09918302731667157,0.9950681895267351,0.001422523679562439,3.148854485811693,-0.08831266713096655,0.0073785806584565905,0.9960654845642459,4.531145580387999
0.9908843894134935,-0.10034135408899514,0.08988748746449209,10.22901095084461,0.10061367425063934,0.99492442235967,0.0015078969851024828,3.201769057275559,-0.08958256128978952,0.007549759122271293,0.9959507800973857,4.590303132337716
0.9906225037710199,-0.10176400169412542,0.09116578233639142,10.375572547774624,0.10204414131524267,0.9947785942314615,0.0015951176772674815,3.254890390249802,-0.09085209742213758,0.007722775239873858,0.9958344221253543,4.649271729836023
0.9903569057916342,-0.1031861427635597,0.09244384340304776,10.522129380023841,0.10347420723316515,0.9946306735765628,0.0016841894281487558,3.3082206396090896,-0.09212127137971239,0.007897606425997294,0.9957164703681429,4.708052914703806
0.990087624674965,-0.10460787167100188,0.09372154558526491,10.668681836949702,0.10490399001898482,0.9944807341328465,0.001775098032807117,3.3617598053537066,-0.09338996351474037,0.008074262129660947,0.9955968777417571,4.766650481715857
0.9898146883974706,-0.10602907099445058,0.09499899977546196,10.815229529194795,0.1063333484888238,0.9943287590653547,0.0018678566554691507,3.4155078874833666,-0.09465829372419152,0.00825273053700376,0.9954755729506727,4.82506063609739
0.9895379943096281,-0.10744986650566057,0.09627622032710927,10.961772846116503,0.10776240274038819,0.9941747062017611,0.001962464208760391,3.4694648859983577,-0.0959262505396566,0.008433024552658708,0.9953527342748714,4.883287172623184
0.9892576597019906,-0.10887014710765669,0.09755306982785289,11.108311331369293,0.10919104742780229,0.9940186198187615,0.002058908617164478,3.5236303288401167,-0.09719372335178741,0.008615132777677281,0.9952281960606519,4.941326303391719
0.9889736285755575,-0.11028998624563047,0.09882967005051717,11.254860078915613,0.11061939423128411,0.993860510438205,0.0021572022189032232,3.5780025331922545,-0.09846082414355123,0.008799062045637795,0.9951020057312544,4.9991764797088365
0.9886859363876487,-0.1117091868224207,0.1001059073772268,11.401404384150425,0.11204718395240497,0.99370028959163,0.0022573324279968367,3.6325831818714462,-0.09972743496244557,0.008984792367729644,0.9949742348618446,5.056843045043486
0.9883945669491201,-0.11312810740529333,0.10138188465815176,11.547943857716291,0.11347480855598373,0.9935380688955657,0.002359311796544548,3.687372274877406,-0.10099367152501262,0.009172359832063215,0.9948447530644954,5.114322204620862
0.9880994488156581,-0.11454656554810227,0.10265749444730003,11.694478888970679,0.11490209943765554,0.9933737619859205,0.0024631270203638264,3.7423698122104234,-0.1022594046177024,0.00936174618712704,0.9947136911986815,5.17161775321577
0.9878007457560452,-0.11596449422574018,0.10393272877552738,11.84099402808772,0.11632894283405652,0.9932074194524995,0.0025687778994469323,3.797577712715734,-0.10352464876174958,0.009552944087796666,0.9945809901644993,5.228727441310937
0.9874983158285229,-0.11738177603997013,0.10520770364503834,11.987504302041799,0.11775526706920954,0.9930390244603444,0.002676277432677055,3.852993821518673,-0.10478950741464085,0.009745941488596366,0.9944466380597088,5.28564972708547
0.9871922091605738,-0.118798742233226,0.10648230430193897,12.134010100190267,0.11918133767590354,0.9928685642983062,0.0027856121386353387,3.9086181386195324,-0.10605386313439943,0.009940772142126963,0.9943107065760352,5.3423884053141535
0.9868824095168424,-0.1202152670575175,0.10775663451307786,12.280511033175742,0.12060712515048744,0.9926960811387108,0.0028967969074397168,3.9644506640180204,-0.10731783292008534,0.010137422912140814,0.9941730652314967,5.39893968122221
0.9865689042768968,-0.12163120378881298,0.10903058689214012,12.42700706750415,0.12203245247111728,0.9925215539378606,0.0030098168976299047,4.020491161685001,-0.10858129236490943,0.010335878510178587,0.9940338448794452,5.455303558246257
0.9862517984212842,-0.12304649375175847,0.11030414750343745,12.57349820317549,0.12345721429190831,0.9923449742782761,0.003124669540515102,4.076739631620475,-0.10984425083592353,0.010536132681887744,0.9938929271145998,5.511480036386303
0.9859309541639822,-0.12446146814125886,0.11157744299029823,12.719969769078773,0.12488178990899548,0.9921663294488084,0.0032413734631759495,4.133197992670256,-0.1111068116904228,0.010738219643098457,0.9937504187780349,5.567474455674656
0.9856064594882314,-0.12587588385861592,0.11285034922253587,12.866436436324989,0.12630586745100778,0.9919856447868254,0.0033599112561203738,4.189864325988529,-0.11236886131200868,0.010942113748858007,0.993606272688385,5.623281476079001
0.9852783227675497,-0.12728971156615268,0.11412286763257315,13.012898137925987,0.12772950592522955,0.9918029160835873,0.003480283115974032,4.246738159517021,-0.11363040055983842,0.011147811871990126,0.9934605486162443,5.678901104472594
