1.0000000000000002,3.020186669385923e-17,-4.884465063394527e-19,0.0,3.020186669385923e-17,1.0000000000000002,2.052422776273651e-18,0.0,-4.884465063394527e-19,2.052422776273651e-18,1.0,0.0
0.9999983952213559,0.0007681037566667607,-0.0016185089842947965,0.02106828006872591,-0.0007652749407721342,0.9999981799717286,0.0017476863264280795,-0.0007301959935178681,0.0016198484429954937,-0.0017464449174112893,0.9999971630065618,0.0002847728676882433
0.9999989303507637,0.001073589308572229,-0.0009933294141868964,0.057986138890928726,-0.0010693686907392091,0.9999904403110228,0.0042397803209923745,-0.0019012704906932187,0.0009978717010899548,-0.004238713550539468,0.9999905187348052,0.00046389119679890456
0.9999944416030494,0.0011258911349712535,0.0031383327035115686,0.1107649138788009,-0.0011503662099995526,0.9999688562987615,0.007807886406066002,-0.0037404871339672408,-0.003129444134128014,-0.007811453238631866,0.9999645932620376,0.0004490625018283012
0.999977188794924,0.0013251123436890655,0.006623138763242626,0.1424170680712591,-0.0013657134980301392,0.9999802822039703,0.006129439608090812,-0.004971114680847655,-0.00661488597345883,-0.006138345098195198,0.9999592811724953,0.0003004406528788195
0.9999793816095668,0.0011289282211748386,0.006321540699803015,0.18445176218163628,-0.0011436592063333822,0.999996638192825,0.00232715419928623,-0.006819422812188947,-0.0063188922579515356,-0.0023343359053318905,0.9999773109808606,8.39031848163252e-05
0.9999944699408794,0.0014567361337463826,0.002989650062612277,0.21592583238667482,-0.0014646008018454947,0.999995468668835,0.0026301304698504884,-0.008221840827403848,-0.0029858051094258866,-0.0026344945689524293,0.9999920721716822,-0.00011452752800877875
0.9999960678399246,0.0026830886989688014,0.0008156835922160401,0.25235651564770645,-0.002684211479346826,0.9999954473273523,0.0013785257715732526,-0.010068426677375841,-0.0008119811717567147,-0.0013807098182509916,0.9999987171626644,-0.0006661342343310395
0.9999965784276773,0.002207877047239599,0.0014030010274589532,0.2888655153294267,-0.0022103986977740292,0.9999959400748102,0.0017983246353648883,-0.011681291364612822,-0.001399024851693832,-0.0018014196739111594,0.9999973988049286,-0.0012914018850338493
0.9999989430943865,0.0013281625729450683,0.0005914340963239359,0.3304204870985127,-0.0013298158198885403,0.9999951852627628,0.002803754835619781,-0.01345033275064178,-0.0005877074064877844,-0.002804538370733271,0.9999958945738386,-0.002160426308920549
0.9999999842605796,-0.00017461846778623577,3.142024292943813e-05,0.36150411284623496,0.00017458555066608705,0.9999994391536312,0.0010446110802691958,-0.014447716750422668,-3.160263369378749e-05,-0.0010446055783072065,0.9999994539000807,-0.002991376364779086
0.999999247325097,-0.0004983860710327835,0.001121142525982765,0.40286360574046676,0.0004957522735552086,0.9999971199458952,0.0023482609731211176,-0.015941939485277223,-0.0011223096375917784,-0.0023477033966877794,0.9999966143491879,-0.004081910008279621
0.9999926470370154,0.00020626048949918565,0.0038292725827942108,0.4442220494324498,-0.00023673629704599184,0.999968291512381,0.007959894831922908,-0.0174960832081692,-0.00382750935054754,-0.007960742830922476,0.9999609876118924,-0.005273583465468246
0.9999934796657535,-0.0018012912073984903,0.0031298523869877116,0.4701464531198465,0.0017867333626614191,0.9999876023435177,0.004647875122373062,-0.01841402656547042,-0.0031381857607439925,-0.004642252604993689,0.9999843005172043,-0.006042488424441217
0.9999991754754759,-0.0012725873722933224,-0.0001719585670175586,0.5167365312826628,0.0012728383550421928,0.9999981132887635,0.001467413178241664,-0.02047225314887746,0.0001700908311008322,-0.0014676308437830859,0.9999989085638125,-0.006927786980261974
0.9999972508839639,-0.0002877338981086402,0.0023271084458289537,0.5423613289711509,0.0002792718679275488,0.9999933514856234,0.0036357931423809512,-0.021801560070602077,-0.002328139114948573,-0.0036351332512411785,0.9999906827438477,-0.007640951915787397
0.9999969085648454,0.0013228733624937434,0.0021054374412360108,0.5889471145710802,-0.0013230732654774062,0.9999991203618117,9.355606323038052e-05,-0.02433491766223206,-0.0021053118263888978,-9.634142199851089e-05,0.9999977791877559,-0.008392173002129244
0.9999952236158818,-0.0009167501569516442,0.0029516630181848323,0.62523740813455,0.0009132042212097079,0.999998860075054,0.0012024585827963227,-0.026293505924841143,-0.0029527620076050323,-0.0011997573682644468,0.9999949208764933,-0.00888831026844672
0.9999992117832087,-0.0011856627845460896,0.0004130819811535309,0.6612820127338408,0.0011862979914774954,0.9999981091762885,-0.0015408896532783918,-0.028338015151500584,-0.00041125422457133397,0.0015413784770478538,0.9999987275103672,-0.009251133584151638
0.9999804569993931,-0.006108516106802535,0.0013310335300107787,0.7031846475143634,0.006138618425686569,0.9996948886063389,-0.023925865881585278,-0.030566713255386402,-0.0011844758794085613,0.023933569005326366,0.9997128494180509,-0.010232838205387562
0.9999969580261228,-0.002187131932711849,0.0011403474951298916,0.7383305910927924,0.0021926640797371895,0.9999857238538922,-0.004872813626700678,-0.032473887826800274,-0.0011296737290773255,0.004875299202719908,0.9999874775690691,-0.009586744934508395
0.9999978631099433,-0.0012879855759110334,0.001617055565993155,0.779090394951462,0.0012916116680094345,0.9999966495185855,-0.00224336597603935,-0.03439580639937467,-0.0016141607250599037,0.0022454497900497618,0.9999961762128864,-0.009737773119867121
0.9999993104388691,-0.0010624858048674682,0.0005002456403155992,0.8046112866061478,0.0010641968721493062,0.9999935419947799,-0.003432703563043954,-0.03562615318354734,-0.0004965952109185915,0.0034332335558307347,0.9999939831321724,-0.009609663770732357
0.9999920063838489,-0.003333382988738505,0.002208104674781694,0.8505245142645247,0.0033372072798445343,0.9999929341501581,-0.0017305193812942182,-0.03766782148583436,-0.0022023205887783458,0.001737874451181885,0.9999960647804652,-0.009482560864837009
0.9999930385984661,-0.002893397153237845,0.0023560576225356987,0.8860464198746325,0.0028986110050694294,0.9999933513017409,-0.0022125565653342747,-0.039194488355571266,-0.002349640152951967,0.0022193704573928667,0.9999947767793215,-0.009444001299664162
0.9999940220214402,-0.0029879276896841345,0.001740175136064095,0.9215926721741388,0.0029930057530743546,0.9999912493153548,-0.002922876883762323,-0.04046706849105375,-0.0017314265635657168,0.002928067765060579,0.9999942142738717,-0.009182701465807241
0.9999986618277317,-0.001512848187936892,-0.0006226018839764214,0.9568996069594213,0.0015091905304945143,0.9999818436987783,-0.005833919500185997,-0.04190740342708943,0.0006314164143735074,0.005832972068529141,0.9999827887269657,-0.008653552464192416
0.9999960897618786,-0.0019847345039794508,-0.001970098957304058,0.9921794034132082,0.0019720667726844847,0.9999775031750193,-0.006411247655346725,-0.04336954009602678,0.001982779260767743,0.006407337419149144,0.9999775070538338,-0.008248905132946849
0.9999976018167605,-0.0018008644195500957,-0.0012462937336609368,1.0326479138208429,0.00179395235455508,0.9999831269890199,-0.00552516716594383,-0.04489428444099064,0.0012562227818943004,0.005522918124002568,0.9999839595112103,-0.007833184264483872
0.9999991616105505,-0.001237361570684107,-0.00038172573862791135,1.0577823323791748,0.0012347434995248153,0.9999762250150018,-0.006784158992607205,-0.045830080364795855,0.0003901111207310714,0.006783681971465509,0.999976914469641,-0.007623946742311372
0.9999993256064764,-0.0007601524445558982,0.0008780403487357924,1.1080887167314972,0.0007638450339889617,0.9999908342266608,-0.004212837930837633,-0.04745304820259777,-0.0008748299017653339,0.004213505776487046,0.9999907404779881,-0.006857248912495617
0.9999964431977848,-0.002648099959345147,-0.00031805405973183565,1.1431640587226477,0.0026461803628244455,0.999979144404525,-0.00589139079351188,-0.04852023425584473,0.0003336484182458146,0.00589052821059288,0.9999825950266001,-0.006478819452234497
0.9999985214618827,-0.0017185306632451327,-6.104431614856499e-05,1.183154830060042,0.0017180041228500318,0.9999683004193806,-0.007774742324347345,-0.04959585838430669,7.440351415256403e-05,0.0077746259547076466,0.9999697743708966,-0.006444505110735577
0.9999981611074046,-0.0014435019882966596,-0.0012625703226036842,1.218201260142834,0.0014311915466225476,0.9999519543696027,-0.0096974554997271,-0.05054001018068488,0.00127650795791189,0.00969563068717526,0.999952181493201,-0.006778562300405078
0.9999994275194399,-0.0006960679789971238,0.0008126808482861864,1.2582547083540012,0.0007013990426331363,0.9999781181007135,-0.006578096923789406,-0.05127738828216333,-0.0008080842626543225,0.006578663171525751,0.9999780338540943,-0.007723901655713572
0.9999995027430625,-0.0009120432761597908,0.00040334934071319605,1.2934093419888524,0.0009137121922534121,0.9999909422032325,-0.004156999100513949,-0.05205569833692614,-0.0003995543241782191,0.004157365578627657,0.9999912782958601,-0.008810787544050402
0.9999994648942996,-0.0008082753640957272,0.0006456795265331404,1.3331686483781031,0.0008103474838784412,0.9999945021952673,-0.003215418510182269,-0.052470490290838945,-0.0006430770331461499,0.0032159400143732123,0.999994622076416,-0.010347604610922989
0.9999977797072311,-0.0019492593916813042,0.0008006050414618457,1.3679972590264435,0.0019517339923893172,0.9999932846056867,-0.0031018507303271123,-0.052860172418074614,-0.0007945533534156224,0.0031034064113842712,0.9999948687636426,-0.01161346017496756
0.999997311264617,-0.002115293317836351,-0.000950261919849062,1.4025386081486724,0.0021099306592547817,0.9999820415750814,-0.005609342202584122,-0.053189932339460566,0.0009621102587202972,0.005607322133788257,0.9999838160102084,-0.012891625617844404
0.9999990667763134,-0.0009251269366056406,-0.001005279390608255,1.432410133670033,0.0009225647870844706,0.9999963329249986,-0.0025461757145336006,-0.053335679222689336,0.0010076312399121769,0.002545245903015159,0.9999962531942694,-0.01438148141584028
0.9999954464217615,-0.001449409208235352,-0.002646950828588115,1.4572388536631464,0.0014444979483338373,0.9999972335786552,-0.0018564107071406546,-0.05349199335857402,0.0026496342047800455,0.001852578738788019,0.9999947736816415,-0.015422813770545662
0.999992057958356,-0.0019015014177636838,-0.0035026151044562095,1.4919332861674113,0.001898863195616195,0.9999979110967958,-0.0007563865473719176,-0.05374671124672303,0.0035040460579244957,0.0007497295532082001,0.9999935797628006,-0.017119093015663278
0.9999961575447357,-0.0020436174470570088,-0.0018731053078954397,1.52672116880785,0.002037846824455042,0.9999931879813678,-0.0030775267961232217,-0.05383850150114644,0.001879381835721522,0.003073697869160621,0.9999935101316033,-0.018764837088532715
0.99999371576419,-0.0014023910627170356,-0.0032560300114407945,1.5563327335055563,0.0013792410614611491,0.9999738344299314,-0.007101278025421999,-0.054012100965799004,0.003265903584396108,0.00709674254902721,0.99996948459389,-0.0199583607592837
0.9999863028808692,-0.0030541072670202123,-0.0042504681450642665,1.5861254419130484,0.0030218230368574475,0.9999666959825604,-0.007581260532107932,-0.05410634486655119,0.004273480570283321,0.00756831252812108,0.999962228291295,-0.021254911027591916
0.9999801264145101,-0.002077682343243753,-0.005952311492261675,1.6210429193103675,0.0020249109190896507,0.9999587164617962,-0.008858053276354796,-0.05397182554546531,0.005970469980670582,0.008845824334541234,0.9999430508184216,-0.022865982016385455
0.9999768305852118,-0.0035400196687022777,-0.005814340332319685,1.6510129137718002,0.0034776663086124463,0.9999367124397962,-0.010699390269477705,-0.053808462002445934,0.005851848408902928,0.010678922035386054,0.9999258554984772,-0.024299950030282957
0.9999910063915597,-0.00023941984898916748,-0.004234361124426196,1.6809702260373722,0.00020007411965501122,0.99995682705277,-0.009289994666501048,-0.053353435194772425,0.004236402523696991,0.00928906392985233,0.9999478817343255,-0.0257195138464974
0.9999979498495855,-0.0017239466238636496,-0.0010622168631432072,1.7110837733946938,0.0017166948317527667,0.9999754704752303,-0.006790538027075612,-0.05289119245641816,0.0010738973325743427,0.006788700603252101,0.999976379865364,-0.027224750093667538
0.9999843228192546,-0.003315402074916284,-0.004512452193547572,1.741117522249041,0.0032755593111193147,0.9999558399894959,-0.008808449472050053,-0.052553242797291566,0.004541456475267743,0.008793530575597034,0.9999510232971913,-0.028594918346748432
0.9999824042403057,-0.0030288947472560303,-0.00510068685453675,1.7712372271550179,0.0029913265221856436,0.9999684633590676,-0.007356918712526445,-0.051705874549980435,0.005122809328451267,0.007341531442083353,0.9999599285674747,-0.02980107014050981
0.9999758602725999,-0.0042501574459295945,-0.005496820331686494,1.7962169102374563,0.00420881263405025,0.9999629316293837,-0.007511408881171089,-0.051169609032926,0.00552854124389895,0.007488092470949202,0.9999566809131588,-0.03096080908672194
0.9999704408723962,-0.003621780164656767,-0.006782336610988399,1.8211986388905537,0.003581428350238515,0.9999758716423688,-0.0059522688159282695,-0.05040068567048683,0.0068037307734773065,0.0059278024194353565,0.9999592843741382,-0.03212054374810824
0.9999850766384344,-0.0012738535231239382,-0.0053126074225876485,1.8513051875426307,0.0012426354793797275,0.9999819676875683,-0.005875385669438009,-0.049278586400212654,0.005319996004725497,0.005868696354462009,0.9999686275306885,-0.03335164539340596
0.9999871368082962,3.556539611273082e-06,-0.005072100678941259,1.8813316383599195,-3.03559250681249e-05,0.9999860411299751,-0.005283618430395281,-0.04808876794870098,0.005072011086748885,0.005283704434506673,0.9999731782257888,-0.03470765459616176
0.9999863765786543,7.52178727899818e-05,-0.005219291078830246,1.9114212444798242,-9.978436319269795e-05,0.9999889181525969,-0.004706762696362745,-0.04705123047737747,0.005218879206765207,0.004707219377787976,0.9999753023877912,-0.036088228401408795
0.9999790848099213,-0.0025764489124689856,-0.005932272221853003,1.9465264146101173,0.002550553503173132,0.9999872048763013,-0.004368610821529842,-0.045910469989587144,0.005943451820296233,0.004353388873506906,0.9999728613246343,-0.03749615182242749
0.9999773723469422,-0.0026368161800005303,-0.0061888605201715725,1.9716120017200074,0.0026060584926090487,0.9999842404299312,-0.0049726603450324655,-0.04486194706732327,0.006201874977645991,0.004956419292881238,0.9999684848306747,-0.038489506028158704
0.999965447939421,-0.004347388509335415,-0.007085417451485634,2.0016629186473778,0.0043113544430463105,0.999977736386131,-0.005093030034864797,-0.043776027209517676,0.007107401084738663,0.005062306314172201,0.9999619282275711,-0.03964294252396394
0.9999653133080839,-0.004870304226724389,-0.006756649865477249,2.0218623914773652,0.004837668630216093,0.9999765945585121,-0.004838108864573319,-0.04294066572107469,0.006780054785156649,0.004805254613482105,0.9999654695964306,-0.04045199213920103
