-0.17364807426929474,-1.8623325104272226e-08,-0.9848077893257141,-142.74038696289062,-0.9848077893257141,1.461058189988762e-07,0.17364807426929474,10.682411193847656,1.4065224718251557e-07,1.0,-4.371138828673793e-08,49.999996185302734
-0.17321331799030304,0.001223594881594181,-0.9848835468292236,-142.60275268554688,-0.9848843216896057,-0.0004380699247121811,0.1732129007577896,10.599274635314941,-0.0002195054548792541,0.9999991655349731,0.001280978904105723,49.956153869628906
-0.1727788895368576,0.002447377657517791,-0.9849575757980347,-142.4651336669922,-0.9849605560302734,-0.0008757410105317831,0.1727772206068039,10.516218185424805,-0.0004397166194394231,0.9999966025352478,0.0025618800427764654,49.912109375
-0.17234475910663605,0.0036713278386741877,-0.9850298762321472,-142.32752990722656,-0.9850364923477173,-0.0013128664577379823,0.1723410189151764,10.433241844177246,-0.0006604922818951309,0.9999923706054688,0.003842657431960106,49.86785888671875
-0.17191070318222046,0.004895560443401337,-0.9851003885269165,-142.18994140625,-0.9851121306419373,-0.0017494651256129146,0.1719040721654892,10.350345611572266,-0.0008818319183774292,0.999986469745636,0.00512342806905508,49.823402404785156
-0.17147697508335114,0.006119956262409687,-0.9851691126823425,-142.0523681640625,-0.9851875305175781,-0.002185516757890582,0.17146658897399902,10.267529487609863,-0.0011037355288863182,0.9999788999557495,0.006404070183634758,49.778743743896484
-0.1710435450077057,0.007344512268900871,-0.9852361083030701,-141.91482543945312,-0.9852625727653503,-0.0026210204232484102,0.17102859914302826,10.184794425964355,-0.0013262024149298668,0.9999696016311646,0.007684581447392702,49.73387908935547
-0.17061030864715576,0.00856922660022974,-0.9853013157844543,-141.7772979736328,-0.9853373765945435,-0.003055975306779146,0.17058996856212616,10.102139472961426,-0.0015492324018850923,0.9999586343765259,0.00896496046334505,49.68880844116211
-0.17017726600170135,0.009794097393751144,-0.9853647947311401,-141.63978576660156,-0.9854118824005127,-0.0034903797786682844,0.17015069723129272,10.019564628601074,-0.0017728247912600636,0.9999459385871887,0.010245203040540218,49.64353561401367
-0.16974453628063202,0.011019122786819935,-0.9854264855384827,-141.50228881835938,-0.9854860901832581,-0.003924234304577112,0.1697109192609787,9.937070846557617,-0.0019969791173934937,0.9999315738677979,0.011525308713316917,49.59805679321289
-0.16931210458278656,0.012244416400790215,-0.9854864478111267,-141.3648223876953,-0.9855599999427795,-0.00435755867511034,0.1692706048488617,9.854657173156738,-0.002221694914624095,0.9999155402183533,0.012805393896996975,49.55237579345703
-0.16887976229190826,0.013469860889017582,-0.9855446219444275,-141.2273712158203,-0.9856336116790771,-0.0047903284430503845,0.168829545378685,9.772324562072754,-0.002446971833705902,0.9998977780342102,0.014085337519645691,49.50648880004883
-0.1684478521347046,0.014695451594889164,-0.985601007938385,-141.08993530273438,-0.9857069253921509,-0.005222548730671406,0.16838808357715607,9.690073013305664,-0.0026728101074695587,0.9998784065246582,0.015365135855972767,49.46039581298828
-0.16801613569259644,0.01592118851840496,-0.985655665397644,-140.9525146484375,-0.9857800006866455,-0.005654213950037956,0.167945995926857,9.607902526855469,-0.002899208338931203,0.9998572468757629,0.016644787043333054,49.414100646972656
-0.16758473217487335,0.017147067934274673,-0.9857085347175598,-140.81512451171875,-0.9858527183532715,-0.006085326429456472,0.16750338673591614,9.525813102722168,-0.0031261665280908346,0.9998344779014587,0.017924290150403976,49.36759948730469
-0.1671535074710846,0.01837308704853058,-0.9857596755027771,-140.67774963378906,-0.9859251976013184,-0.006515882909297943,0.16706013679504395,9.443804740905762,-0.0033536844421178102,0.999809980392456,0.01920364238321781,49.32089614868164
-0.16672249138355255,0.019599363207817078,-0.9858090281486511,-140.5404052734375,-0.9859973788261414,-0.006945902947336435,0.16661624610424042,9.36187744140625,-0.0035817616153508425,0.9997838139533997,0.02048295922577381,49.27398681640625
-0.16629178822040558,0.02082577720284462,-0.9858566522598267,-140.403076171875,-0.9860692024230957,-0.007375366985797882,0.1661718487739563,9.280031204223633,-0.003810396883636713,0.9997559189796448,0.021762119606137276,49.22687530517578
-0.16586127877235413,0.022052323445677757,-0.9859024882316589,-140.26576232910156,-0.9861408472061157,-0.007804272696375847,0.16572681069374084,9.19826602935791,-0.004039590712636709,0.9997263550758362,0.023041123524308205,49.179561614990234
-0.16543108224868774,0.02327900193631649,-0.9859465956687927,-140.12847900390625,-0.9862121343612671,-0.008232621476054192,0.1652812510728836,9.116582870483398,-0.004269341938197613,0.9996951222419739,0.02431996539235115,49.132041931152344
-0.16500107944011688,0.02450581081211567,-0.9859889149665833,-139.9912109375,-0.9862831234931946,-0.008660409599542618,0.16483506560325623,9.034980773925781,-0.004499650560319424,0.9996621608734131,0.025598645210266113,49.084320068359375
-0.1645713895559311,0.025732748210430145,-0.9860294461250305,-139.85397338867188,-0.9863538146018982,-0.00908763986080885,0.16438837349414825,8.953460693359375,-0.004730516579002142,0.9996275305747986,0.026877159252762794,49.03639221191406
-0.16414189338684082,0.02695980854332447,-0.9860682487487793,-139.7167510986328,-0.9864242672920227,-0.009514309465885162,0.16394102573394775,8.872021675109863,-0.00496193952858448,0.9995912313461304,0.028155507519841194,48.98826217651367
-0.16371271014213562,0.028187111020088196,-0.9861052632331848,-139.57955932617188,-0.9864943623542786,-0.009940438903868198,0.16349317133426666,8.790664672851562,-0.005193918943405151,0.9995532631874084,0.029433803632855415,48.9399299621582
-0.16328373551368713,0.02941453456878662,-0.9861405491828918,-139.4423828125,-0.9865642189979553,-0.010366003029048443,0.16304469108581543,8.709389686584473,-0.005426452960819006,0.999513566493988,0.030711928382515907,48.89139175415039
-0.16285493969917297,0.030642077326774597,-0.9861741065979004,-139.30523681640625,-0.9866337776184082,-0.010791003704071045,0.16259557008743286,8.628195762634277,-0.005659542512148619,0.9994721412658691,0.03198987618088722,48.8426513671875
-0.16242647171020508,0.031869735568761826,-0.9862058162689209,-139.16810607910156,-0.9867030382156372,-0.01121544186025858,0.1621459275484085,8.547083854675293,-0.005893186200410128,0.9994291067123413,0.03326765075325966,48.79370880126953
-0.1619981974363327,0.033097509294748306,-0.9862358570098877,-139.031005859375,-0.9867720603942871,-0.011639312840998173,0.161695659160614,8.46605396270752,-0.006127384025603533,0.999384343624115,0.03454524651169777,48.74456024169922
-0.16157011687755585,0.03432539850473404,-0.9862641096115112,-138.89393615722656,-0.9868407249450684,-0.012062616646289825,0.16124475002288818,8.385107040405273,-0.0063621350564062595,0.999337911605835,0.035822659730911255,48.69520950317383
-0.1611424684524536,0.03555339202284813,-0.9862905740737915,-138.7568817138672,-0.9869090914726257,-0.012485360726714134,0.1607934534549713,8.304242134094238,-0.00659744068980217,0.9992898106575012,0.03709988668560982,48.64565658569336
-0.1607150137424469,0.036781612783670425,-0.9863152503967285,-138.61985778808594,-0.986977219581604,-0.01290755532681942,0.1603415161371231,8.223459243774414,-0.006833299063146114,0.999239981174469,0.038377050310373306,48.59590148925781
-0.1602877527475357,0.03801005706191063,-0.986338198184967,-138.4828643798828,-0.9870449900627136,-0.013329198583960533,0.15988895297050476,8.1427583694458,-0.007069710176438093,0.9991884827613831,0.039654143154621124,48.54594039916992
-0.15986081957817078,0.03923860192298889,-0.9863594174385071,-138.34588623046875,-0.9871125221252441,-0.01375027745962143,0.15943586826324463,8.062140464782715,-0.007306674029678106,0.9991352558135986,0.04093104600906372,48.49577713012695
-0.15943406522274017,0.04046725109219551,-0.9863788485527039,-138.2089385986328,-0.9871797561645508,-0.014170783571898937,0.15898215770721436,7.98160457611084,-0.007544189225882292,0.9990803599357605,0.042207758873701096,48.445411682128906
-0.15900775790214539,0.04169599711894989,-0.9863964319229126,-138.072021484375,-0.9872466325759888,-0.014590725302696228,0.15852804481983185,7.901151657104492,-0.007782254833728075,0.9990237951278687,0.04348427429795265,48.39484405517578
-0.15858164429664612,0.04292484000325203,-0.9864123463630676,-137.93511962890625,-0.9873132705688477,-0.015010095201432705,0.1580733060836792,7.820781230926514,-0.008020872250199318,0.9989655613899231,0.04476059228181839,48.34407424926758
-0.15815573930740356,0.04415377601981163,-0.9864264726638794,-137.79824829101562,-0.9873796105384827,-0.015428892336785793,0.1576179414987564,7.740493297576904,-0.008260040543973446,0.998905599117279,0.04603670910000801,48.29309844970703
-0.1577301323413849,0.04538280516862869,-0.9864388704299927,-137.66140747070312,-0.9874456524848938,-0.015847118571400642,0.15716205537319183,7.660288333892822,-0.008499757386744022,0.9988439679145813,0.047312624752521515,48.241920471191406
-0.15730473399162292,0.04661204293370247,-0.9864494800567627,-137.52459716796875,-0.9875114560127258,-0.016264786943793297,0.15670552849769592,7.580166339874268,-0.008740024641156197,0.9987806677818298,0.048588454723358154,48.1905403137207
-0.15687964856624603,0.04784137010574341,-0.9864583015441895,-137.38780212402344,-0.9875769019126892,-0.016681883484125137,0.15624850988388062,7.50012731552124,-0.008980839513242245,0.9987156391143799,0.04986407980322838,48.13895797729492
-0.1564548760652542,0.049070779234170914,-0.9864653944969177,-137.25103759765625,-0.9876420497894287,-0.017098408192396164,0.15579095482826233,7.42017126083374,-0.009222203865647316,0.9986489415168762,0.05113949254155159,48.08717346191406
-0.1560303121805191,0.050300270318984985,-0.9864706993103027,-137.1143035888672,-0.9877068996429443,-0.01751435361802578,0.1553327888250351,7.340298175811768,-0.009464115835726261,0.9985805749893188,0.05241469666361809,48.035186767578125
-0.15560606122016907,0.05152984336018562,-0.9864742159843445,-136.97760009765625,-0.9877715110778809,-0.01792972721159458,0.15487410128116608,7.2605085372924805,-0.009706576354801655,0.998510479927063,0.053689684718847275,47.98299789428711
-0.1551821231842041,0.05275949463248253,-0.9864760041236877,-136.84092712402344,-0.9878357648849487,-0.01834452524781227,0.15441490709781647,7.180801868438721,-0.009949581697583199,0.9984387159347534,0.05496446043252945,47.930606842041016
-0.15475837886333466,0.0539892241358757,-0.9864760637283325,-136.70428466796875,-0.9878997802734375,-0.0187587421387434,0.15395507216453552,7.1011786460876465,-0.010193133726716042,0.9983652830123901,0.056239012628793716,47.878013610839844
-0.15433484315872192,0.055219028145074844,-0.986474335193634,-136.5676727294922,-0.9879634976387024,-0.01917237602174282,0.15349462628364563,7.021638870239258,-0.010437233373522758,0.9982901811599731,0.05751334875822067,47.825218200683594
-0.15391162037849426,0.05644890293478966,-0.9864708185195923,-136.43109130859375,-0.9880268573760986,-0.01958543434739113,0.15303365886211395,6.942182540893555,-0.0106818787753582,0.9982133507728577,0.05878746137022972,47.772220611572266
-0.15348859131336212,0.05767884850502014,-0.9864656329154968,-136.29454040527344,-0.9880899786949158,-0.019997909665107727,0.15257206559181213,6.862810134887695,-0.010927069000899792,0.9981348514556885,0.06006134673953056,47.71902084350586
-0.15306589007377625,0.05890898033976555,-0.9864585995674133,-136.15802001953125,-0.988152801990509,-0.020409824326634407,0.15210995078086853,6.7835211753845215,-0.011172804050147533,0.9980546832084656,0.06133512407541275,47.665618896484375
-0.15264350175857544,0.06013917550444603,-0.9864498376846313,-136.0215301513672,-0.9882153272628784,-0.020821161568164825,0.15164732933044434,6.704316139221191,-0.011419085785746574,0.997972846031189,0.06260867416858673,47.61201477050781
-0.1522214412689209,0.061369433999061584,-0.9864392876625061,-135.88507080078125,-0.9882775545120239,-0.021231919527053833,0.15118420124053955,6.625194549560547,-0.011665909551084042,0.9978892803192139,0.06388198584318161,47.55820846557617
-0.15179955959320068,0.06259974837303162,-0.9864269495010376,-135.74864196777344,-0.9883394837379456,-0.021642087027430534,0.15072044730186462,6.546156883239746,-0.011913275346159935,0.9978040456771851,0.06515506654977798,47.50420379638672
-0.15137802064418793,0.06383024901151657,-0.9864128828048706,-135.61224365234375,-0.9884011149406433,-0.022051693871617317,0.1502561867237091,6.467203140258789,-0.012161185964941978,0.9977170825004578,0.06642802804708481,47.44999694824219
-0.1509566605091095,0.0650608018040657,-0.9863970875740051,-135.4758758544922,-0.988462507724762,-0.022460710257291794,0.14979128539562225,6.388333320617676,-0.012409637682139874,0.9976285099983215,0.06770075112581253,47.39558792114258
-0.15053562819957733,0.06629140675067902,-0.9863795042037964,-135.33953857421875,-0.988523542881012,-0.02286914363503456,0.1493258774280548,6.3095479011535645,-0.01265863236039877,0.9975382089614868,0.06897323578596115,47.34097671508789
-0.15011490881443024,0.06752205640077591,-0.9863601326942444,-135.20323181152344,-0.9885842800140381,-0.02327699586749077,0.14885996282100677,6.230846405029297,-0.012908169068396091,0.9974462389945984,0.07024547457695007,47.286163330078125
-0.14969439804553986,0.06875276565551758,-0.9863390326499939,-135.06695556640625,-0.9886447787284851,-0.02368425577878952,0.1483934223651886,6.152229309082031,-0.013158246874809265,0.9973525404930115,0.0715174600481987,47.23115158081055
-0.14927421510219574,0.06998351961374283,-0.9863161444664001,-134.9307098388672,-0.9887049198150635,-0.024090927094221115,0.14792637526988983,6.073696613311768,-0.013408862054347992,0.9972572326660156,0.07278920710086823,47.17593765258789
-0.1488543301820755,0.07121431827545166,-0.9862914681434631,-134.79449462890625,-0.988764762878418,-0.02449701726436615,0.14745882153511047,5.995248317718506,-0.013660021126270294,0.9971601963043213,0.07406070083379745,47.120521545410156
-0.14843465387821198,0.07244516164064407,-0.9862651228904724,-134.6583251953125,-0.9888243675231934,-0.02490251511335373,0.14699064195156097,5.916884422302246,-0.013911720365285873,0.9970614910125732,0.07533193379640579,47.064903259277344
-0.14801542460918427,0.07367615401744843,-0.9862369298934937,-134.52218627929688,-0.9888836145401001,-0.02530744858086109,0.14652206003665924,5.838604927062988,-0.014163956046104431,0.9969610571861267,0.07660304009914398,47.00908660888672
-0.14759638905525208,0.07490719109773636,-0.9862070083618164,-134.38607788085938,-0.9889426231384277,-0.02571178413927555,0.14605286717414856,5.760410308837891,-0.014416730962693691,0.9968589544296265,0.07787387818098068,46.953067779541016
-0.14717766642570496,0.07613826543092728,-0.9861752986907959,-134.25,-0.9890012741088867,-0.02611553482711315,0.1455831527709961,5.682300090789795,-0.014670045115053654,0.9967551827430725,0.07914446294307709,46.8968505859375
-0.14675915241241455,0.07736936956644058,-0.9861418604850769,-134.1139678955078,-0.9890596866607666,-0.02651868388056755,0.14511282742023468,5.604274749755859,-0.01492389477789402,0.9966497421264648,0.0804147869348526,46.840431213378906
-0.1463409662246704,0.07860051095485687,-0.9861066341400146,-133.97796630859375,-0.9891177415847778,-0.026921244338154793,0.14464199542999268,5.526334285736084,-0.015178282745182514,0.9965426325798035,0.08168484270572662,46.783809661865234
-0.14592309296131134,0.07983167469501495,-0.9860696792602539,-133.8419952392578,-0.98917555809021,-0.02732321433722973,0.1441706418991089,5.448478698730469,-0.015433209016919136,0.9964337944984436,0.08295463025569916,46.72698974609375
-0.1455054134130478,0.08106286823749542,-0.9860309362411499,-133.7060546875,-0.9892330765724182,-0.027724584564566612,0.14369867742061615,5.370707988739014,-0.015688668936491013,0.9963233470916748,0.0842241495847702,46.66996765136719
-0.1450880765914917,0.08229409158229828,-0.9859904050827026,-133.57015991210938,-0.9892902374267578,-0.02812536060810089,0.14322620630264282,5.293022155761719,-0.015944665297865868,0.9962111711502075,0.08549339324235916,46.61274719238281
-0.14467103779315948,0.08352544903755188,-0.9859481453895569,-133.43429565429688,-0.9893471598625183,-0.02852555923163891,0.1427532136440277,5.215421676635742,-0.016201196238398552,0.9960972666740417,0.08676248788833618,46.55532455444336
-0.14425432682037354,0.08475682139396667,-0.9859041571617126,-133.2984619140625,-0.9894037842750549,-0.02892516739666462,0.1422797292470932,5.137906551361084,-0.016458263620734215,0.995981752872467,0.08803129941225052,46.497703552246094
-0.1438378244638443,0.08598822355270386,-0.9858583807945251,-133.1626739501953,-0.9894601106643677,-0.02932416833937168,0.14180561900138855,5.060476303100586,-0.016715863719582558,0.9958645105361938,0.08929983526468277,46.43988037109375
-0.14342164993286133,0.08721963316202164,-0.9858108162879944,-133.02691650390625,-0.9895160794258118,-0.029722578823566437,0.1413310021162033,4.983131408691406,-0.01697400026023388,0.9957455992698669,0.09056809544563293,46.381858825683594
-0.14300577342510223,0.08845105767250061,-0.9857615232467651,-132.89120483398438,-0.9895718097686768,-0.03012038953602314,0.14085587859153748,4.905871868133545,-0.01723266951739788,0.9956250190734863,0.09183606505393982,46.32363510131836
-0.1425902396440506,0.08968248963356018,-0.9857104420661926,-132.75552368164062,-0.9896272420883179,-0.030517607927322388,0.14038026332855225,4.82869815826416,-0.01749187335371971,0.995502769947052,0.09310374408960342,46.26521301269531
-0.14217489957809448,0.09091393649578094,-0.9856576323509216,-132.61988830566406,-0.9896823763847351,-0.030914219096302986,0.13990400731563568,4.751609802246094,-0.017751609906554222,0.9953787922859192,0.09437114000320435,46.20659255981445
-0.14176000654697418,0.09214538335800171,-0.9856030344963074,-132.48428344726562,-0.9897371530532837,-0.03131023794412613,0.13942737877368927,4.674607276916504,-0.018011875450611115,0.9952532052993774,0.09563824534416199,46.147769927978516
-0.1413453072309494,0.09337695688009262,-0.9855466485023499,-132.34872436523438,-0.9897916913032532,-0.03170566260814667,0.13895012438297272,4.597690105438232,-0.018272671848535538,0.9951258897781372,0.0969051793217659,46.088748931884766
-0.1409309357404709,0.09460852295160294,-0.9854885339736938,-132.21319580078125,-0.9898459315299988,-0.03210049122571945,0.13847236335277557,4.5208587646484375,-0.01853400096297264,0.9949969053268433,0.09817181527614594,46.0295295715332
-0.14051677286624908,0.09584009647369385,-0.9854286909103394,-132.0777130126953,-0.9898998737335205,-0.03249470517039299,0.13799399137496948,4.444113254547119,-0.018795859068632126,0.9948661923408508,0.0994381532073021,45.97010803222656
-0.14010292291641235,0.09707166999578476,-0.9853670597076416,-131.9422607421875,-0.9899535179138184,-0.03288832679390907,0.1375151127576828,4.367453575134277,-0.01905825361609459,0.9947338700294495,0.10070419311523438,45.91048812866211
-0.1396894007921219,0.09830335527658463,-0.9853036403656006,-131.80685424804688,-0.9900068640708923,-0.0332813560962677,0.13703571259975433,4.29088020324707,-0.019321173429489136,0.9945998191833496,0.10197004675865173,45.850669860839844
-0.13927596807479858,0.0995350331068039,-0.9852385520935059,-131.67147827148438,-0.9900599122047424,-0.03367376700043678,0.13655559718608856,4.21439266204834,-0.019584625959396362,0.994464099407196,0.10323559492826462,45.790653228759766
-0.13886308670043945,0.10076669603586197,-0.9851716160774231,-131.53614807128906,-0.9901126623153687,-0.03406558930873871,0.1360751986503601,4.137991428375244,-0.019848603755235672,0.9943267107009888,0.10450083762407303,45.73043441772461
-0.13845041394233704,0.10199835151433945,-0.9851029515266418,-131.40086364746094,-0.990165114402771,-0.03445679694414139,0.1355941891670227,4.061676025390625,-0.020113106817007065,0.9941876530647278,0.10576576739549637,45.67001724243164
-0.13803818821907043,0.10322999209165573,-0.9850324988365173,-131.26560974121094,-0.9902172684669495,-0.034847408533096313,0.13511280715465546,3.9854469299316406,-0.02037813887000084,0.9940468668937683,0.10703039169311523,45.60940170288086
-0.13762617111206055,0.10446161031723022,-0.9849603176116943,-131.13040161132812,-0.9902690649032593,-0.03523740917444229,0.13463078439235687,3.909304141998291,-0.020643699914216995,0.9939044713973999,0.10829469561576843,45.548587799072266
-0.13721446692943573,0.10569321364164352,-0.9848863482475281,-130.9952392578125,-0.99032062292099,-0.03562680259346962,0.13414828479290009,3.8332479000091553,-0.020909788087010384,0.993760347366333,0.10955868661403656,45.48757553100586
-0.13680309057235718,0.10692479461431503,-0.9848106503486633,-130.860107421875,-0.9903718829154968,-0.036015585064888,0.1336652636528015,3.7572779655456543,-0.021176401525735855,0.9936146140098572,0.11082235723733902,45.42636489868164
-0.1363920420408249,0.10815635323524475,-0.9847331643104553,-130.7250213623047,-0.9904228448867798,-0.03640376403927803,0.13318175077438354,3.681394577026367,-0.02144354023039341,0.9934671521186829,0.11208570748567581,45.36495590209961
-0.13598118722438812,0.10938800871372223,-0.9846539497375488,-130.58998107910156,-0.9904735088348389,-0.03679133579134941,0.13269762694835663,3.605597734451294,-0.021711204200983047,0.9933180212974548,0.11334884911775589,45.303348541259766
