-0.05440758541226387,-0.16490474343299866,-0.9848077297210693,-142.74038696289062,-0.9985188245773315,0.008985418826341629,0.05366048216819763,4.683014392852783,4.129375597017315e-08,0.9862685799598694,-0.16514936089515686,41.74253463745117
-0.05741967633366585,-0.16496454179286957,-0.9846266508102417,-142.58694458007812,-0.9983498454093933,0.008712251670658588,0.05676030367612839,4.61796760559082,-0.0007851228583604097,0.9862610101699829,-0.16519257426261902,41.742191314697266
-0.06043120473623276,-0.16502515971660614,-0.9844362735748291,-142.43368530273438,-0.9981711506843567,0.008439276367425919,0.05985962972044945,4.552458763122559,-0.0015704153338447213,0.9862532615661621,-0.16523334383964539,41.7418098449707
-0.06344214081764221,-0.16508668661117554,-0.984236478805542,-142.28062438964844,-0.9979827404022217,0.008166502229869366,0.06295842677354813,4.486487865447998,-0.002355828182771802,0.9862452745437622,-0.16527177393436432,41.741390228271484
-0.06645244359970093,-0.1651490330696106,-0.9840273857116699,-142.12777709960938,-0.9977846741676331,0.007893924601376057,0.06605665385723114,4.420055866241455,-0.0031413547694683075,0.9862370491027832,-0.16530774533748627,41.74093246459961
-0.06946209073066711,-0.16521206498146057,-0.9838089346885681,-141.97512817382812,-0.9975768327713013,0.007621536962687969,0.069154292345047,4.353163719177246,-0.003926986828446388,0.9862286448478699,-0.16534113883972168,41.74043655395508
-0.07247104495763779,-0.16527590155601501,-0.9835811257362366,-141.8226776123047,-0.9973593950271606,0.007349349092692137,0.07225129008293152,4.285811424255371,-0.004712716676294804,0.9862200021743774,-0.1653720885515213,41.73990249633789
-0.07547914981842041,-0.16534066200256348,-0.9833439588546753,-141.67042541503906,-0.9971322417259216,0.007077352609485388,0.07534751296043396,4.2179999351501465,-0.005498535465449095,0.9862111210823059,-0.1654006987810135,41.73933029174805
-0.07848650217056274,-0.1654062271118164,-0.983097493648529,-141.5183868408203,-0.9968953728675842,0.0068055614829063416,0.0784430280327797,4.149730205535889,-0.006284436210989952,0.9862020611763,-0.1654268503189087,41.73871612548828
-0.08149305731058121,-0.165472611784935,-0.9828416705131531,-141.36654663085938,-0.9966488480567932,0.006533975247293711,0.08153782039880753,4.081002712249756,-0.007070412393659353,0.9861927628517151,-0.1654505580663681,41.73806381225586
-0.08449878543615341,-0.16553978621959686,-0.9825764894485474,-141.2149200439453,-0.9963926076889038,0.006262596696615219,0.08463183790445328,4.011817932128906,-0.007856456562876701,0.986183226108551,-0.16547180712223053,41.737369537353516
-0.08750377595424652,-0.1656077802181244,-0.9823019504547119,-141.06350708007812,-0.9961267113685608,0.005991449113935232,0.08772517740726471,3.942176342010498,-0.008642558939754963,0.9861735105514526,-0.16549059748649597,41.73663330078125
-0.09050775319337845,-0.16567668318748474,-0.9820181131362915,-140.9123077392578,-0.9958510994911194,0.005720503628253937,0.09081756323575974,3.8720788955688477,-0.009428714402019978,0.9861635565757751,-0.16550706326961517,41.73585510253906
-0.09351080656051636,-0.16574639081954956,-0.9817249178886414,-140.7613067626953,-0.9955658316612244,0.00544977281242609,0.09390908479690552,3.8015263080596924,-0.010214913636446,0.9861533641815186,-0.1655210554599762,41.73503494262695
-0.09651290625333786,-0.16581690311431885,-0.9814224243164062,-140.6105194091797,-0.9952709078788757,0.005179258529096842,0.09699970483779907,3.7305190563201904,-0.011001150123775005,0.9861429333686829,-0.16553261876106262,41.73417282104492
-0.09951401501893997,-0.1658882200717926,-0.9811106324195862,-140.45994567871094,-0.9949663281440735,0.004908960312604904,0.10008938610553741,3.659058094024658,-0.011787417344748974,0.9861323237419128,-0.16554170846939087,41.73326873779297
-0.1025141030550003,-0.16596022248268127,-0.9807894825935364,-140.30960083007812,-0.9946520924568176,0.00463887071236968,0.10317809879779816,3.587143898010254,-0.012573705054819584,0.9861215353012085,-0.16554823517799377,41.732322692871094
-0.10551313310861588,-0.16603314876556396,-0.9804590344429016,-140.1594696044922,-0.9943281412124634,0.004369017202407122,0.10626581311225891,3.514777183532715,-0.013360004872083664,0.986110508441925,-0.16555242240428925,41.7313346862793
-0.10851119458675385,-0.16610687971115112,-0.9801192879676819,-140.00955200195312,-0.9939945936203003,0.004099405836313963,0.10935260355472565,3.4419586658477783,-0.014146312139928341,0.9860992431640625,-0.16555416584014893,41.73030090332031
-0.11150813102722168,-0.16618140041828156,-0.9797702431678772,-139.85986328125,-0.9936513304710388,0.0038300231099128723,0.11243832856416702,3.3686890602111816,-0.01493261568248272,0.9860877394676208,-0.16555345058441162,41.729225158691406
-0.11450392007827759,-0.1662568300962448,-0.9794118404388428,-139.71038818359375,-0.9932984113693237,0.003560880199074745,0.11552294343709946,3.294969081878662,-0.015718910843133926,0.9860760569572449,-0.16555039584636688,41.72810363769531
-0.11749863624572754,-0.16633296012878418,-0.9790441393852234,-139.56114196777344,-0.9929358959197998,0.0032919757068157196,0.11860654503107071,3.220799207687378,-0.01650518923997879,0.9860641360282898,-0.1655447632074356,41.7269401550293
-0.1204921305179596,-0.16640987992286682,-0.978667140007019,-139.41212463378906,-0.9925636649131775,0.0030232996214181185,0.12168897688388824,3.1461803913116455,-0.017291443422436714,0.9860520362854004,-0.16553668677806854,41.725730895996094
-0.12348437309265137,-0.16648784279823303,-0.9782808423042297,-139.26332092285156,-0.9921818375587463,0.0027548877988010645,0.12477020174264908,3.071113348007202,-0.0180776659399271,0.9860396385192871,-0.1655263900756836,41.7244758605957
-0.12647545337677002,-0.16656647622585297,-0.9778852462768555,-139.11474609375,-0.9917903542518616,0.0024867188185453415,0.12785030901432037,2.995598793029785,-0.018863847479224205,0.9860271215438843,-0.1655135303735733,41.723175048828125
-0.12946532666683197,-0.16664578020572662,-0.977480411529541,-138.96640014648438,-0.9913892149925232,0.002218791516497731,0.13092924654483795,2.9196372032165527,-0.019649982452392578,0.9860143065452576,-0.16549809277057648,41.72182846069336
-0.13245384395122528,-0.1667260080575943,-0.9770662188529968,-138.8182830810547,-0.990978479385376,0.0019511212594807148,0.13400690257549286,2.8432295322418213,-0.020436059683561325,0.9860013127326965,-0.16548031568527222,41.72043228149414
-0.13544099032878876,-0.16680702567100525,-0.9766427874565125,-138.67039489746094,-0.9905580878257751,0.0016836875583976507,0.13708320260047913,2.766376495361328,-0.021222081035375595,0.9859881401062012,-0.16546009480953217,41.718990325927734
-0.13842672109603882,-0.16688884794712067,-0.9762101173400879,-138.5227508544922,-0.9901280999183655,0.0014164962340146303,0.14015813171863556,2.6890788078308105,-0.022008031606674194,0.9859746694564819,-0.16543741524219513,41.71750259399414
-0.14141122996807098,-0.1669713407754898,-0.9757681488990784,-138.37533569335938,-0.989688515663147,0.0011495738290250301,0.14323189854621887,2.611337184906006,-0.022793903946876526,0.9859610795974731,-0.16541217267513275,41.715965270996094
-0.1443943828344345,-0.16705474257469177,-0.9753168821334839,-138.2281494140625,-0.9892392158508301,0.0008829383295960724,0.14630433917045593,2.5331525802612305,-0.023579688742756844,0.9859472513198853,-0.16538459062576294,41.71438217163086
-0.14737601578235626,-0.167138934135437,-0.9748563170433044,-138.08120727539062,-0.9887803792953491,0.0006165480008348823,0.1493753045797348,2.4545254707336426,-0.02436538226902485,0.9859331846237183,-0.16535456478595734,41.71274948120117
-0.1503562182188034,-0.16722391545772552,-0.9743865728378296,-137.9344940185547,-0.9883118867874146,0.0003504320920910686,0.15244488418102264,2.3754568099975586,-0.025150973349809647,0.9859188795089722,-0.16532208025455475,41.71106719970703
-0.15333496034145355,-0.1673096865415573,-0.9739075303077698,-137.78802490234375,-0.9878338575363159,8.458551747025922e-05,0.15551303327083588,2.2959470748901367,-0.025936458259820938,0.9859043955802917,-0.16528715193271637,41.70933532714844
-0.15631209313869476,-0.16739636659622192,-0.9734192490577698,-137.6417999267578,-0.9873461723327637,-0.0001809833775041625,0.15857961773872375,2.2159972190856934,-0.02672182396054268,0.9858896732330322,-0.16524988412857056,41.70755386352539
-0.159287691116333,-0.16748371720314026,-0.9729216694831848,-137.49581909179688,-0.9868488907814026,-0.0004462936194613576,0.16164469718933105,2.135607957839966,-0.02750706486403942,0.9858747124671936,-0.1652100384235382,41.70572280883789
-0.1622617393732071,-0.16757197678089142,-0.9724149107933044,-137.35008239746094,-0.9863420724868774,-0.0007113085594028234,0.16470827162265778,2.0547800064086914,-0.028292177245020866,0.9858595728874207,-0.16516786813735962,41.70384216308594
-0.16523419320583344,-0.16766101121902466,-0.9718989133834839,-137.20458984375,-0.9858256578445435,-0.0009760449756868184,0.16777028143405914,1.9735143184661865,-0.02907715179026127,0.9858441948890686,-0.16512325406074524,41.70191192626953
-0.1682049036026001,-0.16775083541870117,-0.9713736772537231,-137.05934143066406,-0.9852996468544006,-0.0012405135203152895,0.17083057761192322,1.8918116092681885,-0.029861975461244583,0.9858286380767822,-0.16507618129253387,41.69993209838867
-0.17117395997047424,-0.16784144937992096,-0.9708392024040222,-136.91433715820312,-0.984764039516449,-0.0015047010965645313,0.17388926446437836,1.8096725940704346,-0.03064664825797081,0.9858128428459167,-0.16502666473388672,41.697898864746094
-0.1741413176059723,-0.16793283820152283,-0.9702954888343811,-136.7695770263672,-0.9842188954353333,-0.0017686004284769297,0.17694628238677979,1.7270981073379517,-0.031431157141923904,0.9857968688011169,-0.16497468948364258,41.69581604003906
-0.1771070808172226,-0.16802501678466797,-0.9697425961494446,-136.62506103515625,-0.9836642146110535,-0.002032191026955843,0.18000173568725586,1.644088864326477,-0.03221549466252327,0.985780656337738,-0.16492027044296265,41.69367980957031
-0.18007096648216248,-0.1681179702281952,-0.9691804647445679,-136.48080444335938,-0.9830999374389648,-0.0022955017630010843,0.1830553412437439,1.5606458187103271,-0.03299964591860771,0.98576420545578,-0.16486340761184692,41.691490173339844
-0.1830330640077591,-0.16821181774139404,-0.9686091542243958,-136.3367919921875,-0.9825261235237122,-0.0025584993418306112,0.18610718846321106,1.4767696857452393,-0.03378361463546753,0.9857475757598877,-0.16480422019958496,41.689247131347656
-0.18599334359169006,-0.16830655932426453,-0.9680286049842834,-136.1930389404297,-0.9819427728652954,-0.0028211879543960094,0.18915724754333496,1.3924611806869507,-0.034567397087812424,0.9857306480407715,-0.16474267840385437,41.68695068359375
-0.1889517605304718,-0.16840195655822754,-0.9674388766288757,-136.04954528808594,-0.9813498854637146,-0.0030835990328341722,0.1922054886817932,1.3077212572097778,-0.0353509746491909,0.9857136011123657,-0.16467858850955963,41.684600830078125
-0.19190829992294312,-0.16849814355373383,-0.9668399691581726,-135.90631103515625,-0.980747401714325,-0.0033457125537097454,0.19525188207626343,1.222550630569458,-0.036134347319602966,0.9856963157653809,-0.1646120548248291,41.68219757080078
-0.19486293196678162,-0.1685951054096222,-0.9662319421768188,-135.76332092285156,-0.980135440826416,-0.0036075334064662457,0.19829636812210083,1.136950135231018,-0.036917511373758316,0.9856787919998169,-0.1645430624485016,41.67974090576172
-0.19781561195850372,-0.16869282722473145,-0.9656146764755249,-135.62059020996094,-0.9795140027999878,-0.003869048785418272,0.20133893191814423,1.0509206056594849,-0.03770044445991516,0.9856610894203186,-0.16447162628173828,41.67723083496094
-0.2007664144039154,-0.16879132390022278,-0.9649882316589355,-135.47811889648438,-0.9788829684257507,-0.004130240064114332,0.20437966287136078,0.9644628763198853,-0.0384831503033638,0.9856431484222412,-0.16439774632453918,41.67466354370117
-0.2037152200937271,-0.16889071464538574,-0.9643526673316956,-135.33592224121094,-0.9782424569129944,-0.00439111515879631,0.20741841197013855,0.8775777816772461,-0.03926562890410423,0.9856250286102295,-0.16432154178619385,41.67204284667969
-0.20666208863258362,-0.1689908802509308,-0.9637078642845154,-135.19398498535156,-0.977592408657074,-0.004651658236980438,0.21045523881912231,0.7902661561965942,-0.04004785418510437,0.9856066107749939,-0.16424287855625153,41.66936492919922
-0.20960687100887299,-0.16909168660640717,-0.9630540013313293,-135.05230712890625,-0.9769328832626343,-0.004911912139505148,0.21349002420902252,0.7025288343429565,-0.040829822421073914,0.9855880737304688,-0.16416166722774506,41.66663360595703
-0.21254955232143402,-0.16919337213039398,-0.9623908996582031,-134.910888671875,-0.9762638807296753,-0.0051718284375965595,0.2165227085351944,0.6143665909767151,-0.041611529886722565,0.9855692982673645,-0.16407811641693115,41.66384506225586
-0.21549008786678314,-0.16929583251476288,-0.961718738079071,-134.76974487304688,-0.975585401058197,-0.005431434139609337,0.21955327689647675,0.5257803201675415,-0.04239296913146973,0.9855502843856812,-0.16399212181568146,41.6609992980957
-0.2184285670518875,-0.16939905285835266,-0.9610373973846436,-134.6288604736328,-0.9748973846435547,-0.0056907101534307,0.22258180379867554,0.43677088618278503,-0.0431741364300251,0.9855310916900635,-0.16390368342399597,41.65809631347656
-0.22136496007442474,-0.16950304806232452,-0.9603469371795654,-134.48825073242188,-0.9741999506950378,-0.005949655082076788,0.22560825943946838,0.34733912348747253,-0.04395502060651779,0.9855117201805115,-0.1638128161430359,41.65513610839844
-0.2242991030216217,-0.16960778832435608,-0.9596473574638367,-134.34791564941406,-0.9734929800033569,-0.006208275910466909,0.22863250970840454,0.25748589634895325,-0.044735610485076904,0.9854921102523804,-0.16371949017047882,41.65211868286133
-0.2272309809923172,-0.16971342265605927,-0.958938717842102,-134.20785522460938,-0.9727766513824463,-0.006466560997068882,0.23165449500083923,0.16721206903457642,-0.04551590979099274,0.9854722619056702,-0.1636238396167755,41.649044036865234
-0.23016056418418884,-0.16981980204582214,-0.9582209587097168,-134.06805419921875,-0.9720508456230164,-0.006724510807543993,0.23467418551445007,0.07651852816343307,-0.0462958887219429,0.9854521751403809,-0.1635257601737976,41.64590835571289
-0.23308803141117096,-0.16992682218551636,-0.9574940204620361,-133.92852783203125,-0.9713155031204224,-0.0069821360521018505,0.23769178986549377,-0.01459389179944992,-0.04707556590437889,0.985431969165802,-0.16342511773109436,41.64271545410156
-0.23601314425468445,-0.170034721493721,-0.9567580819129944,-133.78927612304688,-0.9705708026885986,-0.007239415310323238,0.24070705473423004,-0.10612430423498154,-0.04785492643713951,0.9854114651679993,-0.16332213580608368,41.63946533203125
-0.23893584311008453,-0.17014336585998535,-0.956013023853302,-133.6503143310547,-0.9698166847229004,-0.007496360689401627,0.2437199354171753,-0.19807180762290955,-0.04863394796848297,0.9853907823562622,-0.1632167249917984,41.63615417480469
-0.24185623228549957,-0.17025277018547058,-0.9552589058876038,-133.51162719726562,-0.9690531492233276,-0.007752957288175821,0.2467305064201355,-0.2904355525970459,-0.04941263049840927,0.9853699207305908,-0.16310887038707733,41.632781982421875
-0.24477416276931763,-0.17036302387714386,-0.9544957280158997,-133.3732147216797,-0.9682801365852356,-0.008009175769984722,0.24973861873149872,-0.3832146227359772,-0.05019095167517662,0.9853488206863403,-0.16299870610237122,41.62935256958008
-0.2476898431777954,-0.17047403752803802,-0.9537234306335449,-133.23507690429688,-0.9674977660179138,-0.008265048265457153,0.25274449586868286,-0.4764081537723541,-0.050968945026397705,0.9853274822235107,-0.16288608312606812,41.62586212158203
-0.25060299038887024,-0.17058581113815308,-0.9529420733451843,-133.09722900390625,-0.9667059779167175,-0.008520576171576977,0.25574785470962524,-0.5700152516365051,-0.051746565848588943,0.9853059649467468,-0.16277103126049042,41.622310638427734
-0.2535136640071869,-0.17069831490516663,-0.9521517157554626,-132.95965576171875,-0.9659047722816467,-0.00877575296908617,0.25874876976013184,-0.6640350222587585,-0.05252382531762123,0.9852842688560486,-0.16265355050563812,41.61869812011719
-0.2564217746257782,-0.17081168293952942,-0.9513522982597351,-132.82237243652344,-0.965094268321991,-0.009030568413436413,0.2617470920085907,-0.7584664821624756,-0.05330071598291397,0.9852623343467712,-0.1625337302684784,41.615020751953125
-0.25932738184928894,-0.17092590034008026,-0.9505438804626465,-132.6853790283203,-0.9642743468284607,-0.00928499735891819,0.2647429406642914,-0.8533087968826294,-0.05407722666859627,0.9852401614189148,-0.16241160035133362,41.61128234863281
-0.26223045587539673,-0.1710406392812729,-0.949726402759552,-132.5486602783203,-0.9634450078010559,-0.009539122693240643,0.2677362561225891,-0.9485610723495483,-0.05485333874821663,0.985217809677124,-0.16228680312633514,41.60748291015625
-0.2651309370994568,-0.1711561232805252,-0.9488999843597412,-132.4122314453125,-0.9626063704490662,-0.009792895056307316,0.2707270085811615,-1.044222354888916,-0.05562905967235565,0.9851952791213989,-0.16215956211090088,41.60362243652344
-0.26802873611450195,-0.17127244174480438,-0.9480645060539246,-132.27609252929688,-0.9617583751678467,-0.01004628837108612,0.2737150490283966,-1.140291690826416,-0.05640437453985214,0.9851725101470947,-0.16203001141548157,41.59969711303711
-0.2709238827228546,-0.17138950526714325,-0.9472200870513916,-132.14024353027344,-0.9609010219573975,-0.01029932126402855,0.2767004668712616,-1.2367682456970215,-0.0571792796254158,0.9851495027542114,-0.16189801692962646,41.595706939697266
-0.27381646633148193,-0.17150741815567017,-0.9463666081428528,-132.0046844482422,-0.9600343108177185,-0.010551940649747849,0.27968332171440125,-1.333651065826416,-0.05795377120375633,0.9851263165473938,-0.16176371276378632,41.59165573120117
-0.27670636773109436,-0.17162606120109558,-0.9455041289329529,-131.86941528320312,-0.9591583013534546,-0.010804194957017899,0.282663494348526,-1.4309391975402832,-0.05872783437371254,0.9851028919219971,-0.16162697970867157,41.58753967285156
-0.27959343791007996,-0.1717454344034195,-0.9446327090263367,-131.7344512939453,-0.9582729935646057,-0.011056095361709595,0.2856408357620239,-1.5286316871643066,-0.05950145795941353,0.9850793480873108,-0.16148780286312103,41.58335876464844
-0.2824777364730835,-0.17186565697193146,-0.9437523484230042,-131.5997772216797,-0.9573783278465271,-0.011307585053145885,0.2886154055595398,-1.62672758102417,-0.0602746345102787,0.9850555062294006,-0.16134631633758545,41.5791130065918
-0.28535938262939453,-0.17198659479618073,-0.9428629875183105,-131.46539306640625,-0.9564743638038635,-0.011558687314391136,0.29158729314804077,-1.7252260446548462,-0.06104736402630806,0.9850314855575562,-0.16120240092277527,41.57480239868164
-0.28823816776275635,-0.1721082627773285,-0.9419646859169006,-131.33131408691406,-0.9555611610412598,-0.011809409596025944,0.2945563793182373,-1.8241260051727295,-0.06181963160634041,0.9850072264671326,-0.1610560417175293,41.57042694091797
-0.29111412167549133,-0.17223064601421356,-0.9410574436187744,-131.19754028320312,-0.9546386003494263,-0.012059764936566353,0.29752257466316223,-1.923426628112793,-0.06259144097566605,0.9849828481674194,-0.16090726852416992,41.56598663330078
-0.2939872145652771,-0.17235375940799713,-0.9401413202285767,-131.06405639648438,-0.9537068009376526,-0.01230973657220602,0.30048590898513794,-2.0231268405914307,-0.06336276978254318,0.9849581718444824,-0.16075605154037476,41.56147766113281
-0.2968573570251465,-0.172477588057518,-0.9392162561416626,-130.93087768554688,-0.9527657628059387,-0.012559319846332073,0.30344632267951965,-2.123225688934326,-0.06413360685110092,0.9849333763122559,-0.160602405667305,41.55690383911133
-0.29972466826438904,-0.17260223627090454,-0.9382822513580322,-130.79800415039062,-0.9518154263496399,-0.012808464467525482,0.30640390515327454,-2.223722457885742,-0.06490395218133926,0.9849083423614502,-0.16044646501541138,41.55226516723633
-0.3025890290737152,-0.17272771894931793,-0.9373393058776855,-130.66543579101562,-0.9508558511734009,-0.013057193718850613,0.30935847759246826,-2.324615955352783,-0.06567380577325821,0.9848830699920654,-0.16028819978237152,41.54755783081055
-0.30545035004615784,-0.17285391688346863,-0.9363875389099121,-130.53317260742188,-0.9498870372772217,-0.013305549509823322,0.3123100697994232,-2.425905227661133,-0.06644316762685776,0.9848576188087463,-0.16012750566005707,41.542781829833984
-0.3083086609840393,-0.17298083007335663,-0.9354268312454224,-130.40121459960938,-0.9489090442657471,-0.01355350948870182,0.31525859236717224,-2.5275893211364746,-0.06721200793981552,0.9848319292068481,-0.1599643975496292,41.537940979003906
-0.311163991689682,-0.1731085479259491,-0.9344573020935059,-130.26956176757812,-0.9479217529296875,-0.013801035471260548,0.3182041645050049,-2.629667282104492,-0.0679803416132927,0.9848060607910156,-0.1597989797592163,41.53303146362305
-0.3140162229537964,-0.1732368767261505,-0.9334788918495178,-130.13821411132812,-0.9469252824783325,-0.014048220589756966,0.3211466073989868,-2.732138156890869,-0.06874815374612808,0.9847800135612488,-0.15963101387023926,41.528053283691406
-0.31686532497406006,-0.1733660250902176,-0.9324916005134583,-130.00717163085938,-0.9459196329116821,-0.014294981025159359,0.32408592104911804,-2.83500075340271,-0.06951543688774109,0.9847537279129028,-0.15946073830127716,41.523006439208984
