1.0000000000000002,5.552447914988971e-18,-8.477518432023951e-19,0.0,5.552447914988971e-18,1.0000000000000004,-2.955466401303077e-20,0.0,-8.477518432023951e-19,-2.955466401303077e-20,1.0000000000000002,0.0
0.9999984514090868,0.0007958949938228405,0.0015696275313859525,0.0201226589327152,-0.0007978298171375139,0.9999989222996182,0.0012324232981008963,-0.000819272992862663,-0.0015686449602645238,-0.0012336736852277153,0.999998008699131,-0.0006471975615913728
0.9999985623563854,-0.0010796209577620878,0.0013075564043468775,0.05030362826342882,0.0010758402801214735,0.9999952490738648,0.002888667061355834,-0.0020352534081562457,-0.0013106688577424097,-0.0028872561866337514,0.9999949729367935,-0.001666029702617866
0.9999987538668642,0.0012346758433249168,0.0009837887380412615,0.07542936904158112,-0.001236619971350531,0.9999972791150522,0.001978012522584839,-0.0035222170543183218,-0.0009813438569858592,-0.001979226630518942,0.9999975598101127,-0.0022836333136515563
0.9999936180169982,0.00043227717080328217,0.003546415334176373,0.11079169811826141,-0.00043819415013247474,0.9999985131597996,0.0016678321491711177,-0.005189314335756756,-0.003545689095460663,-0.0016693755235480667,0.9999923206076137,-0.002912966245536719
0.9999947784318385,-0.00277583686834898,0.0016546415743526523,0.15114972239400526,0.0027793587733737106,0.9999938690823458,-0.0021300146783077797,-0.0072113510637883405,-0.0016487188566072341,0.002134602398867416,0.9999963625927502,-0.003191873686759994
0.9999953636237571,-0.00022639862395047028,0.0030366881060972305,0.1915136677237815,0.00023337539802325633,0.999997333885976,-0.002297336906996225,-0.009528679181693311,-0.0030361598960259874,0.0022980349439733995,0.9999927503579626,-0.003303066082357642
0.9999850045179995,-0.001514560808557589,0.00526277917963405,0.2272731971721086,0.0015042186438435402,0.9999969310529767,0.0019685555363713855,-0.011379088130119341,-0.005265744525508403,-0.0019606096463718357,0.9999842138476022,-0.003198361492450452
0.9999605941794628,0.00022821154962153348,0.008874570848487848,0.26316731189308223,-0.0002732535688341884,0.9999870871999573,0.005074521241705364,-0.013640386948589933,-0.008873298188572853,-0.005076746284188221,0.9999477442478797,-0.003246876004260546
0.9999636239222611,-0.0026406151627282456,0.008110362742876931,0.3037764049885565,0.0026322443116704175,0.9999959921096959,0.0010426190237977835,-0.015595732836144682,-0.008113083393035915,-0.0010212326412116,0.9999665669219897,-0.003067382763985549
0.9999571631094828,-0.003726172447972551,0.008472755450492813,0.33970257468209475,0.0037256083489855397,0.9999930565054888,8.236043281513732e-05,-0.01740992456092305,-0.0084730035091374,-5.079073630502538e-05,0.9999641021715907,-0.003246437149169168
0.9999542391936764,-0.00372134989251243,0.008813119400853477,0.37047276448649485,0.0037583937295706323,0.9999841572389088,-0.004190435271347839,-0.019087101444589805,-0.008797385700861726,0.004223366686345099,0.999952383455664,-0.003348181091095803
0.999945770664319,-0.0024414375036703835,0.01012398703360775,0.4164065844479064,0.0025075107124804884,0.9999756081778693,-0.006518852608186899,-0.02188881139608667,-0.010107824719878245,0.0065438851010803396,0.9999275020956347,-0.004009541407036021
0.9999224521761522,-0.003334826747094759,0.011998690120096845,0.45215679287440774,0.0034068345415267684,0.9999762810876647,-0.0059858784226844595,-0.02392091408260555,-0.01197844365674891,0.006026291782793181,0.9999100963061185,-0.0048485275247771575
0.9999240811503323,-0.0018561357938544302,0.012181407783123804,0.4878611701290006,0.0019126126029186863,0.9999874695456653,-0.004626301404872023,-0.02605801970739774,-0.012172668100919102,0.004649248495438443,0.9999151017160071,-0.005845910847363633
0.9999332479049424,-0.004300225603274665,0.01072416868733479,0.5285579008379343,0.004401874479934716,0.9999454417465222,-0.009472963180332703,-0.028150343479692586,-0.010682847716614258,0.009519537284657303,0.999897622346683,-0.007435097675621449
0.9999308506534661,-0.004791014390050391,0.010739650485466897,0.5638287935909326,0.004903883602289042,0.9999327646803224,-0.010507999066532216,-0.030232571867755964,-0.010688584426894885,0.010559938441173384,0.9998871145599725,-0.009213227265289614
0.999935003614547,-0.0020425566571760116,0.011216795829402033,0.6036134127519033,0.0021666606191649966,0.9999364542878516,-0.01106313554110787,-0.033274106312243035,-0.011193485968974291,0.011086719467082696,0.9998758875597115,-0.01199938034716208
0.9999648514115719,-0.0025184339373116567,0.007997088966375894,0.6431994500804382,0.0026175775997564913,0.9999195507329259,-0.012411299270128698,-0.035684826108890455,-0.007965188569141796,0.012431796031420441,0.9998909971684368,-0.014963329553426163
0.999978268512222,-0.002593527623986931,0.006061032730646312,0.6774959197839932,0.0026749351403032614,0.9999058050682053,-0.013462009987357502,-0.037569701839044956,-0.0060255477173050435,0.013477930307289727,0.9998910131456019,-0.01788918025020969
0.9999835785995983,-0.004349159382805738,0.0037319356645871267,0.7115200473665296,0.004388426172810225,0.9999344115595938,-0.0105789552742829,-0.038770571414390664,-0.003685681330155764,0.01059515887716822,0.9999370772011109,-0.021048656850053415
0.9999784693992501,-0.005418122999105711,0.003701983400814824,0.7407325490411166,0.005459496926616877,0.9999217115650847,-0.011258980151870499,-0.04002920586104197,-0.0036406910390209585,0.011278948706263132,0.9999297628757932,-0.02406736056643588
0.9999789060132953,-0.004909214946408831,0.0042528974902972,0.7846345393667478,0.004955785340429315,0.9999271092224894,-0.011009833496255794,-0.04125481209906878,-0.00419853785413517,0.011030677702011165,0.9999303457888062,-0.028664040096364474
0.9999758320987471,-0.003922323384574488,0.005740261116559672,0.8138543074451647,0.003960799094409105,0.9999696647736119,-0.0067068325672485,-0.04177969404568305,-0.00571378061822422,0.006729406498213432,0.9999610331404067,-0.031753362273968744
0.9999832213320254,-0.002225863062326513,0.005348138746707853,0.8527723440433688,0.002237964204200589,0.9999949469945223,-0.002257764745057846,-0.04201963811443299,-0.0053430862473840225,0.002269695805847053,0.9999831498131868,-0.03565372923634769
0.9999856333968814,-0.002590349789415225,0.004692876282940173,0.8917154105201668,0.0025851456526358022,0.9999960372577505,0.001114670691724788,-0.04221222307119299,-0.004695745073272626,-0.0011025229089721511,0.9999883671430595,-0.03936738657084593
0.9999928962751093,-0.0014675735642018667,0.0034718333992615853,0.9305048781009154,0.0014537394550331291,0.9999910077776133,0.003983843057957957,-0.04195907864179271,-0.003477648762519362,-0.003978767616639057,0.9999860375861942,-0.04272270535610634
0.9999958693473064,-0.0014599779319479722,0.00247583375116168,0.949920273724502,0.0014535968466029123,0.9999956225594855,0.002577191897174949,-0.041973646055047165,-0.002479585556642971,-0.0025735823875568946,0.9999936141441913,-0.04427710236082216
0.999992733856396,-0.000920550817965684,0.0036993000153638196,1.0034627465085197,0.0009147820724369318,0.9999983635293954,0.001560805014012359,-0.04154610283271909,-0.003700730761900417,-0.0015574096196443678,0.9999919395010668,-0.04875384386311632
0.9999940290884501,0.0003977805288886499,0.003432718762016466,1.042653292802064,-0.0003942192720578049,0.999999383511893,-0.0010380592467124266,-0.04137953983438725,-0.0034331295655423482,0.0010366998046609395,0.9999935694167744,-0.05188032810244936
0.9999978078882445,0.0006499259991382007,0.001990430833283913,1.0721698892879887,-0.0006456392552985083,0.9999974726567484,-0.0021535621812766525,-0.0412196299036961,-0.00199182545883435,0.0021522723601467525,0.9999957001682708,-0.054038801851141294
0.9999869538326607,0.0004324235425817906,0.005089712600527082,1.1166092286373344,-0.0004240497677715669,0.9999985551034923,-0.0016461994782014531,-0.04095458956034581,-0.005090417101829284,0.0016440197101613091,0.9999856923241061,-0.05701786549857646
0.9999908116251767,-0.0004950728982105577,0.004258117899533225,1.1513805945313718,0.0005030082432268266,0.9999981386427672,-0.0018627113862639017,-0.040605085958923204,-0.004257187795730145,0.0018648361393775934,0.9999891993107952,-0.059384855163380657
0.9999712023351445,-0.0015706219766761095,0.00742479945942003,1.18587703572954,0.0015803595894819924,0.9999978986552707,-0.0013058133908229403,-0.040301899230897775,-0.007422732918147752,0.0013175096394722225,0.9999715831984307,-0.06138841939271389
0.9999851925535467,-0.0008828261258456226,0.00536985024725111,1.230302749769328,0.000868429574044968,0.9999960243655872,0.0026827379848298584,-0.03980717659476518,-0.005372197289871477,-0.0026780349235678946,0.9999819836503191,-0.06344491170632915
0.9999878139684342,-0.002053630109551013,0.0044893783540021805,1.2554478273730212,0.0020912275354101287,0.9999626488419245,-0.008386160530137637,-0.039836768233134534,-0.004471988598753394,0.008395446647751464,0.9999547578733538,-0.06499424586242109
0.9999852529162198,-0.0028797973236282712,0.004604423683686013,1.2946794079436865,0.002915852326753629,0.999964991410862,-0.007843070692224355,-0.03950639526807653,-0.0045816760353205475,0.007856380849315194,0.9999586419070831,-0.06614781120457902
0.9999784244512052,-0.002456132849973933,0.00609245792013884,1.3287214931201339,0.0024562170144476927,0.9999969834743904,-6.332293446296795e-06,-0.03936625189918408,-0.006092423989129546,2.1296555626841697e-05,0.9999814407859744,-0.06700693132800017
0.9999892337877649,-0.003298633591929174,0.0032636367728562823,1.3583480946771438,0.003306798576482434,0.9999914085532999,-0.002499580517199298,-0.03926810203217601,-0.003255363533235133,0.002510345795619588,0.9999915503504281,-0.06803253584192959
0.9999946987263503,-0.0012509851789551565,0.003006252697023245,1.3923001326820992,0.0012512763141314795,0.9999992126443706,-9.496433505734406e-05,-0.03922311252441346,-0.0030061315310575785,9.872548441949627e-05,0.9999954767030184,-0.06878746615569442
0.9999809483658411,-0.002817274218066193,0.005492346614518815,1.4317035959456008,0.002829326732350924,0.9999936040113052,-0.002187886359755176,-0.03920616782219177,-0.005486147609698566,0.002203384320044463,0.9999825234882574,-0.06954112093085252
0.9999789365869204,-0.0025484025799675856,0.005969256803199735,1.470879919460455,0.0025595416838633893,0.9999949960791893,-0.001859183409695872,-0.03920269564468781,-0.00596448898571349,0.001874422810557197,0.9999804555141398,-0.0700751100289212
0.999985837615119,-0.003844647360615187,0.003680116283775517,1.5100599369732046,0.0038498053862898282,0.9999916157025349,-0.001395536858116688,-0.03923975409776037,-0.003674720081487674,0.0014096848254780386,0.9999922545805123,-0.0704287547849205
0.9999910631393549,-0.0032850333417515335,0.002661239817542498,1.5443799572486288,0.003294946756927311,0.9999876176299561,-0.003729331392381289,-0.03895906187456788,-0.0026489558871198807,0.003738066707372553,0.9999895048899261,-0.07066875745898482
0.9999939243099505,-0.0025635292982784893,0.00236213054730918,1.5787003815678715,0.002570027607469826,0.9999929103690428,-0.0027521209546392668,-0.03860033241163818,-0.002355058657975702,0.002758174974324399,0.9999934230631363,-0.07081259575142074
0.9999955527374254,-0.0024441238898757615,0.0017090242193787046,1.6131560269207137,0.0024535762180972706,0.9999815842019482,-0.005550785593454718,-0.038039109338352084,-0.001695425938657265,0.005554954128834507,0.9999831338655234,-0.07102054223399001
0.9999841701452967,-0.0029665196825679383,0.004781131643784554,1.6523793642299875,0.002972159020849366,0.9999948953626858,-0.0011728253603563337,-0.037529999886201204,-0.00477762802832584,0.0011870170782462299,0.9999878825570232,-0.07115933992936174
0.9999925263128285,-0.0015417082330761766,0.0035454836358622442,1.686932407868867,0.0015453872036648418,0.9999982701256539,-0.0010351444786111839,-0.03709377700979288,-0.003543881611855954,0.0010406158873068378,0.9999931789875854,-0.07108380974760475
0.999986693664368,-0.0021323671073218715,0.004697393396841403,1.7262192647645511,0.0021356150545406424,0.9999974839101975,-0.0006865286687214422,-0.036357350076579364,-0.00469591764662636,0.0006965513575959496,0.9999887315233416,-0.07104350751566502
0.999996133876732,-0.0015123616360157243,0.0023334510646925806,1.765525856810242,0.0015149031768477233,0.9999982608847151,-0.0010877940571460863,-0.035634590104384634,-0.0023318018685522432,0.001091324804031092,0.9999966858496175,-0.07099711490351623
0.9999932205215026,-0.0002345433815345661,0.0036747653579555246,1.8047731717298765,0.00022537026045113347,0.9999968584378831,0.002496462018671296,-0.035123932882419884,-0.003675339342095608,-0.0024956169111349014,0.9999901318397866,-0.07106384561708357
0.9999890313477081,0.003970790583351147,0.0024839497612096873,1.8340724356671207,-0.0039671403047406234,0.9999910463609022,-0.0014727511097154952,-0.033897920328182396,-0.0024897755070580597,0.0014628807784080136,0.999995830490184,-0.07113734971281449
0.9999859977274405,-0.00321913870233743,0.004200177980834244,1.858532562956081,0.003218710310885574,0.9999948140253171,0.00010874928186227813,-0.03415248011463201,-0.00420050627783967,-9.522860295072661e-05,0.9999911733003063,-0.07114960772174816
0.9999832572441583,-0.00420286411869542,0.0039775827538882525,1.892789188769506,0.004203723764646571,0.9999911427263133,-0.00020778699009754332,-0.03280306126225485,-0.003976674222864177,0.00022450417031906936,0.9999920677985417,-0.07106141051865089
0.9999930279796955,0.0015277682944009364,0.003407332686897659,1.9172214614840657,-0.0015197643492057987,0.9999960829866319,-0.0023503888437408052,-0.03172839984046949,-0.0034109101898849546,0.0023451941140386315,0.9999914328414242,-0.07125042869773912
0.9999765883208125,-0.005226856168276685,0.004416195745737388,1.9511683341453172,0.005244351877721142,0.9999784094644552,-0.003959466923881948,-0.03131257003096788,-0.004395404833591974,0.003982534310564114,0.9999824097636989,-0.07137447052908019
0.9999814002888399,-0.004747604302328988,0.003828750417555226,1.9753495685182516,0.004766008124099599,0.9999770645011401,-0.004812030573914947,-0.03038586095055895,-0.003805816986198722,0.004830188927131395,0.9999810923372481,-0.0715406508624219
0.9999991115355812,-0.0008025655836830793,-0.001064338541998884,2.003856683741624,0.0007914353127606753,0.999945428748738,-0.010416964752183068,-0.029253378925430562,0.0010726407571094217,0.010416113141973665,0.9999451755115476,-0.0716149833451114
0.9999970431385105,-0.0009846430104947694,0.0022235539971862573,2.0237632247121438,0.000994619526064801,0.9999894247956975,-0.004490103425188632,-0.027949928504290344,-0.00221910933369445,0.00449230173879759,0.9999874473106415,-0.07201054089547698
0.9999982383343353,-0.0011551644713082173,0.0014795010207012274,2.0624613464565833,0.0011607048288293199,0.9999922974299658,-0.0037493792872581246,-0.026062327109116268,-0.0014751584749988962,0.0037510899460843554,0.9999918765828502,-0.07244433791975036
