1.0000000301961758,5.5622772274975245e-09,4.702948808166241e-09,0.0,5.5622772274975245e-09,1.000000052790409,6.277215923685918e-10,0.0,4.702948808166241e-09,6.277215923685918e-10,0.9999999916698874,0.0
0.9999996650145919,0.0006898245996171731,0.00042728995609964127,0.14832597970834627,-0.0006890305849406599,0.9999981404117105,-0.0018276337372856335,0.07596078712118803,-0.00042854821854644565,0.0018273397377819023,0.9999982354502497,-0.002716220401040914
0.9999986842152189,0.0013804987719447676,0.0008533377337897052,0.2967077600401353,-0.001377358814686455,0.9999923780836651,-0.003655563978247101,0.1518239411512159,-0.000858370145721904,0.0036543835882384412,0.999992936959788,-0.00535769041589873
0.9999970445130482,0.002071905000486287,0.0012781373624732861,0.4451297906871332,-0.002064867446734301,0.999982843752873,-0.005483769681211648,0.22759067284637347,-0.0012894730094746565,0.005481113437273866,0.9999841550209244,-0.007922170838590148
0.9999947371669422,0.0027640586373098644,0.0017015687510407718,0.5936076219575739,-0.002751526977438528,0.9999695353149658,-0.007312243100929576,0.3032597714503691,-0.0017217303818471835,0.007307524189555936,0.9999718173943062,-0.010411900875091362
0.999991771490488,0.003456914322532742,0.0021237599714399313,0.7421411198752708,-0.0034373521586226197,0.9999523389641036,-0.009140978613812708,0.37883029284659564,-0.0021552536526699972,0.009133603935353951,0.9999559372205818,-0.012826894271832145
0.9999881936225361,0.004150592429686899,0.002544689872668371,0.8907152574658994,-0.004122439918690547,0.9999313579842862,-0.010969976881458853,0.4543043919079004,-0.0025900380879275015,0.010959356131415798,0.9999365722471487,-0.015168692851197818
0.9999839000580311,0.004844982432151604,0.002964359752355039,1.0393449277275977,-0.0048066701599442,0.9999065480988015,-0.012799218872901759,0.5296789696448307,-0.0030260868179214223,0.01278476382003596,0.9999136626895808,-0.017435768537239937
0.9999789369358236,0.005540195997244042,0.0033827699278793366,1.1880302646365521,-0.00549013981078755,0.9998779535843615,-0.014628712238307511,0.604954970173992,-0.0034633951086361636,0.014609832841415704,0.9998872684980096,-0.01962810758352873
0.9999733629550323,0.006236195972241551,0.0037999126872312605,1.3367561072422518,-0.006172857288692649,0.999845519642414,-0.016458448678696152,0.6801336042516244,-0.0039019569373280882,0.01643455376627906,0.9998573289635875,-0.02174726555886508
0.9999671199889879,0.006932991966410285,0.004215782234434029,1.485537482519021,-0.006854799424365258,0.9998093052802468,-0.018288416279702246,0.7552127170048824,-0.004341763288613826,0.018258915409815113,0.999823843491626,-0.023791700640877878
0.9999601828326188,0.0076303475863229026,0.004630376987353468,1.634374779824583,-0.007535721771181546,0.9997692240488042,-0.0201185833191453,0.8301923084337126,-0.004782816748628904,0.020082888836137736,0.9997868718373593,-0.02576520760435841
0.9999526346296508,0.008328485406149472,0.00504369245412023,1.783267542813121,-0.008215877193237298,0.99972536450151,-0.021948971564066735,0.9050719064798649,-0.005225101296824658,0.02190649313731896,0.999746353622338,-0.027663998547730273
0.999944360835689,0.009027383708411246,0.005455724513561688,1.9322008114984044,-0.00889523410376652,0.9996776697354438,-0.02377956718463264,0.9798541380744865,-0.005668636175569855,0.023729712978099227,0.999702348341282,-0.0294896084201568
0.9999354786609558,0.009727065351283426,0.005866471977420518,2.0811898682362937,-0.009573794585891032,0.9996261966535257,-0.025610368667665376,1.054535904228075,-0.006113386889580713,0.025552552576233845,0.9996547959547045,-0.03124430392046662
0.999925930927261,0.010427494132623727,0.006275929012922288,2.2302343906571593,-0.010251550222138984,0.9995708904572036,-0.027441364358108882,1.1291176769989857,-0.00655937428493987,0.027374993237859968,0.9996036958641413,-0.032924283400681986
0.9999157769061726,0.011128671003012527,0.006684084030668447,2.3793192847985836,-0.01092849467816024,0.9995117511464774,-0.02927254029593411,1.2036011392017585,-0.007006577300776681,0.02919702569839072,0.9995491067980452,-0.03453109555637468
0.9999048984389891,0.011830589661181876,0.007090929824105308,2.5284599000045205,-0.011604611119010594,0.999448839833003,-0.031103894506968186,1.2779836639051947,-0.007455000570908921,0.031018649311292223,0.9994910280169973,-0.03606700021317266
0.9998933563182071,0.01253323412057275,0.0074964866830682375,2.6776559139053404,-0.012279893210340115,0.9993820385022044,-0.03293542251146346,1.3522657231676494,-0.007904637857804944,0.03283985494659092,0.9994293417676741,-0.03752819572309107
0.999881209242945,0.013236615967636978,0.007900730719893723,2.8268926218963486,-0.012954349369620853,0.9993115262803134,-0.03476711127137818,1.426448999803613,-0.008355483138721115,0.03466063255855273,0.9993642253518159,-0.03892002555648588
0.999868352554844,0.013940703314797992,0.00830377818851491,2.976184983963776,-0.013627948010088119,0.99923712719765,-0.03659895602532933,1.5005308668819346,-0.008807652007729705,0.03648097325812649,0.9992955109447981,-0.04024095476420797
0.9998548943385543,0.014645498614531655,0.008705513413028942,3.125533000107623,-0.01430069121486253,0.9991589613731581,-0.038430947574672476,1.574511324402616,-0.009261021029512928,0.038300873552095605,0.9992233065129859,-0.04149098334626444
0.9998407135815326,0.015351001971412565,0.009105922765345165,3.274921253995842,-0.01497257690082177,0.9990769687473655,-0.0402630764391286,1.6483925272385527,-0.009715587641007065,0.04012032221664674,0.9991476106580873,-0.042667858350228016
0.9998259158822127,0.016057301814350555,0.009505003945099233,3.4243651619604805,-0.015643710413841955,0.9989911366940643,-0.042095348942425496,1.7221723205168509,-0.010171348497122382,0.04193932458006061,0.9990683632265094,-0.04377383272851887
0.9998104402600831,0.016764414614711398,0.009902752176937923,3.573864657013445,-0.016314083336450742,0.998901523168358,-0.04392775586467363,1.7958502321792036,-0.010628287385594015,0.04375787484266269,0.9989856236458506,-0.04480891335435189
0.9997943181972135,0.017472201066663362,0.010299280716461023,3.723404712180411,-0.016983570278163038,0.9988080881022708,-0.04576028058882816,1.869428417098458,-0.011086535890774907,0.045575947476623524,0.998899343618981,-0.045774642050105285
0.9997775362914713,0.018180654593280943,0.010694473942451488,3.87300028744761,-0.017652163863065957,0.9987108325479868,-0.04759290364417269,1.9429042483434635,-0.011545953083550567,0.04739353431743065,0.9988095712003091,-0.046669483866615735
0.9997600814101395,0.018889885911300947,0.011088327461167058,4.022651382815042,-0.018319967353913603,0.9986098007822176,-0.04942564610625701,2.0162777259142235,-0.012006555290776016,0.04921065046987222,0.998716246021454,-0.04749343880389034
0.9997419801862774,0.019599770389671256,0.011480943145795397,4.172342971308382,-0.01898686273613138,0.9985049506326193,-0.05125848582610143,2.08955100468358,-0.012468437145850733,0.05102727191180467,0.9986194384525432,-0.04824804868429311
0.9997232214991452,0.020310294874540863,0.011872217542548302,4.322090012913861,-0.019652842633806702,0.9983962842035599,-0.05309140333299116,2.1627214577203855,-0.012931479954668687,0.0528433823142031,0.998519077961273,-0.048931778558667816
0.9997038196095495,0.021021458985677616,0.012262256721936371,4.471877480657156,-0.020317892295119176,0.9982838014950391,-0.05492439965786351,2.2357912398974857,-0.013395802089153891,0.05465898538290226,0.9984152353484322,-0.049546170249392674
0.999683787841358,0.021733477684204222,0.012650922647167384,4.621720790870313,-0.020982248790779947,0.9981675320531928,-0.05675748800082263,2.308758196341982,-0.013861274857395287,0.05647409193915265,0.9983078365333753,-0.05009347670887365
0.999663054744034,0.022446123235379117,0.013038348634366148,4.771619487207516,-0.021645651880783632,0.998047448436253,-0.05859063566980288,2.3816218549956254,-0.014328017935920562,0.058288671126844105,0.9981969551123897,-0.05056991003554856
0.9996416501022438,0.023159492926430547,0.013424406077508166,4.9215585426944415,-0.022308227997176577,0.9979235369658275,-0.06042384216527043,2.4543843707312583,-0.014795908433578114,0.06010271420376129,0.9980825179724612,-0.050977012051788506
0.9996196041633532,0.023873461641499644,0.01380920366382643,5.0715533066750424,-0.022969844373562406,0.9977958155290443,-0.062257090078385105,2.5270431166176817,-0.015265055592318416,0.06191621207740872,0.9979645961828629,-0.05131704258322145
0.9995969310116939,0.02458826445271778,0.014192617191605805,5.221603389791596,-0.023630738080652355,0.9976643105154874,-0.06409041051762426,2.599598092654947,-0.015735338131899895,0.06372919635673951,0.9978431770000468,-0.05158620685506321
0.999573601435049,0.025303763575181826,0.014574769085541561,5.371694154427502,-0.0242907679345779,0.9975289818571805,-0.06592377501028283,2.6720514537158486,-0.016206863905347146,0.06554162669058522,0.9977182130676651,-0.05178984146446197
0.9995495724346346,0.026019841990887027,0.014955642773895494,5.52184023819936,-0.024949814879202087,0.9973898463890677,-0.06775715194834804,2.744401044927592,-0.01667963732449375,0.0673534873276238,0.997589762602964,-0.051922609814276655
0.9995249224201843,0.026736618134192147,0.015335032613333688,5.672026936502476,-0.025607999012219728,0.9972469473356769,-0.06959055612613445,2.8166485491046664,-0.017153410673944477,0.06916479041965162,0.9974577445886205,-0.05198985537487033
0.9994995596612327,0.027454054766833047,0.01571310881391641,5.822269276311175,-0.026265288746867833,0.997100169838984,-0.07142396854059066,2.8887918113742295,-0.017628425546153098,0.07097551716649675,0.9973222963239419,-0.05199003632387189
0.9994736007955523,0.028172167875368748,0.01608993103440337,5.9725668012796405,-0.026921700918090402,0.9969496319135648,-0.0732574139446006,2.9608303596780257,-0.018104662483962863,0.07278567669813274,0.9971832441774325,-0.05191936475971204
0.9994469884569381,0.028890953164266653,0.01646544380279069,6.122904873791271,-0.0275772123565933,0.9967953346116032,-0.07509083808163637,3.0327663488888525,-0.01858211988365986,0.07459523861503864,0.997040762210164,-0.05178317727955317
0.9994196955380914,0.029610504983472397,0.01683955028291617,6.27329852082039,-0.028231933701039925,0.996637204195235,-0.07692427047658945,3.104597624133861,-0.019060688181111674,0.07640421259786379,0.9968947206512587,-0.051579932061017075
0.9993917056732874,0.03033057206514639,0.017212368592780525,6.423747742366999,-0.02888562788071873,0.9964752163792446,-0.07875768002098167,3.176324185413053,-0.0195404664215513,0.07821258035530815,0.9967451915376212,-0.05130962910410375
0.999363108000161,0.03105140850983623,0.017583887001251686,6.574237444468679,-0.029538510880170645,0.9963095155677916,-0.08059108673817882,3.247947715540972,-0.020021445459129594,0.0800203529796204,0.9965921137480274,-0.05097381710439919
0.9993338592337035,0.03177286674277313,0.017954091553313845,6.724782587111662,-0.030190471019169808,0.9961399426261396,-0.08242444058039061,3.319465587586466,-0.02050363722474363,0.08182749286000573,0.9964355457682083,-0.05057096111276138
0.9993039467322464,0.032494947315272193,0.018322851963537445,6.875368210309716,-0.030841500921803426,0.995966617673233,-0.08425777265609359,3.390880428480685,-0.02098690820094841,0.0836340150324213,0.9962755341479718,-0.05010259607833234
0.9992733682957979,0.033217754196061766,0.01869032483621602,7.026009274049073,-0.03149169647491591,0.9957894659190234,-0.08609105764913634,3.46218961129248,-0.02147137095890847,0.08543990769535087,0.996111915202787,-0.04956718705195584
0.9992421399109168,0.033941160368122225,0.019056460477269166,7.176705778329733,-0.03214093966393127,0.9956085052506392,-0.08792430610260239,3.533393136021852,-0.021957016368650245,0.08724518028547273,0.9959448635865621,-0.04896473403363899
0.9992102644314456,0.034665169909432636,0.019421274194192595,7.327443018547001,-0.03278921573702762,0.9954237957275519,-0.08975749588876039,3.60449268548329,-0.022443851627055256,0.08904980326241796,0.9957742610347671,-0.04830058049375907
0.9991777235894321,0.035389877930402935,0.019784759903271887,7.478235632317478,-0.03343664270878065,0.9952352636118974,-0.09159062700760953,3.675486104804003,-0.022931863629088528,0.09085377889516638,0.995600166840758,-0.04756938983514658
0.9991445187177902,0.03611527785410762,0.020146888254947815,7.62906859266684,-0.034083205827368276,0.9950429099558596,-0.09342369525041377,3.7463755488568324,-0.02342104474829257,0.09265709901920555,0.9954225779931631,-0.04677270388017263
0.9991107252626614,0.036841262176750045,0.020507694878913352,7.779957248939041,-0.03472879549568666,0.9948468106016705,-0.0952566605704432,3.8171583907105795,-0.0239113872436197,0.0944597376248612,0.9952414981477181,-0.04591278245448649
0.9990762104116993,0.037567911333960535,0.02086716909072539,7.930886184802034,-0.035373498141545494,0.9946468939158336,-0.09708953561515259,3.8878367852381412,-0.024402897252403716,0.09626169547542729,0.9950568662905931,-0.044987372605653775
0.9990410638718522,0.038295122602281795,0.021225411716882636,8.081870816587866,-0.036017189416020556,0.9944431746289254,-0.09892230561147324,3.9584085775666225,-0.02489568540552095,0.09806296203110243,0.9948687526845216,-0.04399872728608756
0.9990051980295497,0.0390229817489986,0.02158228335754586,8.232910721444767,-0.036659978916214093,0.9942356401147379,-0.10075500325147,4.028873531666919,-0.025389640857307078,0.09986356856101058,0.9946771430265722,-0.04294305515762886
0.9989687880336677,0.03975149790808691,0.02193779973418364,8.38399122826209,-0.03730187714271987,0.994024349380559,-0.10258762326359988,4.0992335663826776,-0.025884715678065162,0.10166350851263428,0.9944820389298249,-0.041825696254029765
0.9989316593077796,0.04048066221282398,0.022291955592216972,8.535126941162389,-0.03794285884312193,0.9938092444712838,-0.10442009716029593,4.169486290811948,-0.026380942759365145,0.10346271356895304,0.9942834398551398,-0.04064131741474597
0.9988938857770985,0.04121034640091914,0.02264475387529341,8.686303222529062,-0.03858281442031623,0.9935904033335131,-0.10625244706929195,4.239633859827528,-0.026878299536820305,0.10526121550796269,0.994081286186979,-0.03939525523693277
0.9988554538346679,0.04194064606758907,0.022996168787893456,8.837535065842388,-0.039221839761145696,0.9933676921699105,-0.10808466351030731,4.309673882527417,-0.027376787406552708,0.10705900166899501,0.9938756951137624,-0.03808597133482294
0.9988163467334645,0.04267169639421586,0.023346209357379077,8.988807410633996,-0.0398600528801862,0.9931412722195798,-0.10991676861107659,4.379608277755311,-0.027876408086866394,0.1088560859221504,0.9936665477265962,-0.0367150109673986
0.9987765985399844,0.043403225070404006,0.023694856068364523,9.140135283878209,-0.04049720299646379,0.992911002234913,-0.11174870863585323,4.449434890638367,-0.028377143103026276,0.11065241785830382,0.9934539618582644,-0.035280832312288624
0.9987362329383705,0.044135484400114944,0.024042112911186297,9.291518652080981,-0.04113353455660209,0.9926769665605978,-0.11358049833646003,4.519153485147427,-0.02887897504555778,0.11244801587506437,0.993237878000623,-0.033783438806104016
0.9986951661058339,0.04486832279710917,0.024388102321106775,9.442942065416219,-0.04176889058334993,0.9924391261808427,-0.11541216192375287,4.58876598012624,-0.02938204732951316,0.11424290186761138,0.9930182487984093,-0.03222058093303559
0.9986535189735167,0.04560163884130447,0.02473270519934978,9.594421329573692,-0.042403177272984906,0.992197556937879,-0.11724360880367612,4.658270220701857,-0.029886227711783064,0.11603699053291461,0.992795181866788,-0.030598306420280608
0.9986111524405344,0.04633565009734458,0.02507601652857705,9.745940994727306,-0.04303658431607174,0.9919521672067145,-0.11907488848199443,4.727668125718024,-0.030391605361581864,0.11783031917329262,0.9925685671161926,-0.028914365752036986
0.998568174207103,0.04707033455306009,0.025417905696433873,9.897516087851386,-0.04366914329937551,0.9917029601439015,-0.12090599149967307,4.796957540301895,-0.030898094331515302,0.11962288553021655,0.9923385109804538,-0.027167217105933616
0.998524511113742,0.047805471601950034,0.025758521130121448,10.049131548477561,-0.04430057923106836,0.9914500273744321,-0.12273690729238182,4.866140383297163,-0.03140577702497553,0.12141468194804583,0.9921049088536088,-0.0253584057409455
0.9984801772447833,0.04854126793620006,0.02609770182103688,10.200802370086109,-0.04493112918186152,0.9911932793776819,-0.1245676295682609,4.93521426380183,-0.03191453216172102,0.12320570716506563,0.9918678640507225,-0.023486393271319628
0.9984352040822968,0.04927760795415942,0.026435595149692404,10.35251388156638,-0.04556066776126991,0.9909327930480669,-0.12639815513889105,5.004181100659542,-0.0324244913261047,0.12499594183042823,0.991627271858438,-0.02155651973080097
0.9983896183690915,0.05001459334316355,0.02677203906079617,10.504280720534979,-0.04618932140133948,0.9906684935955392,-0.12822848508832355,5.073038738997502,-0.03293550198029699,0.12678539637762593,0.9913832354844264,-0.019563448522255555
0.998343336282378,0.05075210164897864,0.027107181131279745,10.656087860017578,-0.04681693312481904,0.9904003989072263,-0.13005857197267237,5.141789333688555,-0.03344770753935011,0.12857403577332,0.9911357101530508,-0.017508721468040278
0.9982964437383237,0.05149023587071955,0.02744088091461494,10.807950649358133,-0.0474436451571378,0.9901285543120245,-0.1318884558599133,5.2104302578015,-0.03396096437342386,0.13036187807529037,0.990884681453986,-0.015394598393790204
0.9982489008782113,0.05222889480585757,0.027773144690935503,10.959853672224597,-0.04806931631442582,0.9898529745405095,-0.13371809249458042,5.278963666209238,-0.034475276572169755,0.1321488979203967,0.9906301500315959,-0.013218826347085155
0.9982006424281595,0.052968143179121574,0.028104069099984308,11.111812344949016,-0.04869404881787714,0.9895735300040811,-0.13554749660724902,5.347387404038868,-0.03499074070927555,0.1339350944599379,0.9903721857190382,-0.01098365828034531
0.9981517909216405,0.05370801496936495,0.028433668402568113,11.263811573568972,-0.04931784475061428,0.9892903966724192,-0.13737665344609867,5.415703154104934,-0.03550737417114393,0.13572045620087403,0.9901106701443885,-0.008690642889163769
0.9981023024113909,0.05444835450396479,0.02876192098992325,11.415866012448078,-0.049940570304677905,0.9890034164629719,-0.13920552402720487,5.483908879549217,-0.03602515150814248,0.13750495219123682,0.9898457209256432,-0.0063344418580655315
0.9980520892838399,0.055189292401517376,0.029088721848795185,11.56796099047574,-0.05056233507717026,0.9887127506148432,-0.1410341526272802,5.552006499215361,-0.03654396187460689,0.13928864077114367,0.9895772673704927,-0.003920395220831097
0.9980012816771028,0.055930800766883726,0.02941415608421405,11.720111501132152,-0.051183141151214855,0.988418223158353,-0.142862529744799,5.619993622201365,-0.03706389677363488,0.14107147414027854,0.9893053781285907,-0.0014469645916861396
0.9979498245063675,0.05667288422935801,0.029738242143742433,11.872302517443046,-0.051802965357517855,0.9881200142719168,-0.1446906111242969,5.687872403380078,-0.03758497683652108,0.14285343779422965,0.9890299352575889,0.0010843082070053356
0.9978977147297768,0.05741553490023532,0.03006095318517188,12.024549032888672,-0.05242180769607886,0.9878180048887746,-0.1465183946614043,5.755640451849503,-0.038107172416587495,0.1446345159441969,0.9887510558385136,0.0036749615609892317
0.9978449549149484,0.05815872342995643,0.030382305976659918,12.176836003747724,-0.053039660790987084,0.9875121992176623,-0.14834586770866717,5.823299804467906,-0.038630498229779126,0.14641470557880848,0.9884687415918388,0.006323451929596047
0.997791487981902,0.05890245944570838,0.030702301172056856,12.329178423500423,-0.05365649409703728,0.9872026552136848,-0.15017311140110812,5.890848070333293,-0.03915494515331858,0.14819406760341536,0.9881828727495183,0.009031317698593
0.9977374302821855,0.05964672446198571,0.031020893046484588,12.481561265172502,-0.05427233182508455,0.9868893159739214,-0.1520000456665115,5.95828740431851,-0.0396805012491126,0.1499725551831626,0.9878935644551465,0.011797017045601876
0.9976826922070602,0.0603916326176146,0.031337997541601936,12.63399952224421,-0.05488727619631975,0.9865722257750836,-0.1538266726304921,6.025615415521559,-0.040207025917424866,0.1517501500703256,0.9876007481664639,0.014622088356397
0.9976273363278267,0.061137068035286735,0.03165392511757803,12.786478134247147,-0.05550116494070622,0.9862514014521154,-0.15565297747748938,6.09283402278613,-0.04073490220240132,0.1535268253960781,0.9873045156553827,0.017504986371989162
0.9975713152992791,0.061883000329321036,0.03196837159437749,12.939012517513419,-0.05611404231370452,0.9859267871542807,-0.15747893076759786,6.159941071239329,-0.04126373051825297,0.15530257804273917,0.9870047757943546,0.020443458139972392
0.9975146663111715,0.06262931958090134,0.03228143760207969,13.091587238963882,-0.0567257534211858,0.9855984581977205,-0.15930456198321566,6.226938597739478,-0.041793656843095744,0.15707744167041207,0.9867015389083932,0.023439754894447162
0.9974573371272656,0.06337634697221961,0.032593054171095925,13.2442172920789,-0.05733664493096633,0.9852663087529577,-0.16112989221051385,6.29382421138458,-0.04232465657776979,0.15885141927477825,0.9863948578385346,0.02649541502118069
0.9973993606691588,0.06412387039550882,0.032903282072788365,13.396888014121288,-0.05794649556571652,0.9849304309710754,-0.16295480974802062,6.360599890025563,-0.04285674132379402,0.16062438423706366,0.9860847388201408,0.029605099345566543
