0.054407138377428055,-0.16490474343299866,-0.9848077297210693,-142.74038696289062,-0.9985188245773315,-0.00898536667227745,-0.05366004258394241,-0.6830098628997803,-6.279260134078868e-08,0.9862685799598694,-0.16514936089515686,41.74253463745117
0.05370363965630531,-0.16482609510421753,-0.9848595261573792,-142.60264587402344,-0.9985568523406982,-0.009222544729709625,-0.052907057106494904,-0.7046841382980347,-0.0003624469682108611,0.9862795472145081,-0.16508351266384125,41.833824157714844
0.05300010368227959,-0.16474762558937073,-0.984910786151886,-142.46490478515625,-0.9985942244529724,-0.009459787048399448,-0.05215408653020859,-0.7264881730079651,-0.0007247839821502566,0.9862903952598572,-0.16501739621162415,41.92509460449219
0.05229653790593147,-0.16466934978961945,-0.9849614500999451,-142.32717895507812,-0.9986310005187988,-0.00969709362834692,-0.05140112712979317,-0.7484219074249268,-0.0010870734695345163,0.9863011837005615,-0.16495104134082794,42.0163459777832
0.05159270018339157,-0.16459135711193085,-0.985011637210846,-142.189453125,-0.9986671805381775,-0.009934430941939354,-0.05064794421195984,-0.7704854011535645,-0.0014493154594674706,0.9863117933273315,-0.1648845225572586,42.10757827758789
0.05088883265852928,-0.16451331973075867,-0.9850612878799438,-142.05174255371094,-0.9987027049064636,-0.010171819478273392,-0.049894779920578,-0.7926785945892334,-0.001811509602703154,0.9863224029541016,-0.16481752693653107,42.198787689208984
0.050184931606054306,-0.1644357144832611,-0.985110342502594,-141.91403198242188,-0.9987375736236572,-0.010409284383058548,-0.049141623079776764,-0.8150015473365784,-0.0021736558992415667,0.986332893371582,-0.16475050151348114,42.28997802734375
0.04948100075125694,-0.16435815393924713,-0.9851588606834412,-141.77633666992188,-0.9987718462944031,-0.010646806098520756,-0.04838848114013672,-0.8374541401863098,-0.002535753883421421,0.986343264579773,-0.16468311846256256,42.38114929199219
0.04877704381942749,-0.16428090631961823,-0.9852069020271301,-141.63864135742188,-0.9988054633140564,-0.010884396731853485,-0.04763535410165787,-0.8600364327430725,-0.002897803671658039,0.9863535165786743,-0.16461557149887085,42.4723014831543
0.04807305335998535,-0.16420359909534454,-0.9852543473243713,-141.50096130371094,-0.998838484287262,-0.011122039519250393,-0.04688224568963051,-0.8827483654022217,-0.0032598040997982025,0.9863637685775757,-0.16454754769802094,42.56343460083008
0.047369036823511124,-0.16412658989429474,-0.9853013157844543,-141.36328125,-0.9988709092140198,-0.011359750293195248,-0.04612915217876434,-0.9055899381637573,-0.003621756099164486,0.9863739013671875,-0.16447937488555908,42.654544830322266
0.04666499048471451,-0.16404977440834045,-0.9853476881980896,-141.22561645507812,-0.9989026784896851,-0.01159752532839775,-0.04537607729434967,-0.9285611510276794,-0.003983659204095602,0.9863839149475098,-0.16441094875335693,42.745635986328125
0.04596079885959625,-0.16397301852703094,-0.9853935241699219,-141.08795166015625,-0.9989337921142578,-0.011835336685180664,-0.04462290182709694,-0.951662003993988,-0.004345512483268976,0.9863938093185425,-0.16434215009212494,42.836708068847656
0.04525658115744591,-0.16389644145965576,-0.985438883304596,-140.95030212402344,-0.9989643096923828,-0.012073210440576077,-0.0438697449862957,-0.9748924970626831,-0.004707316402345896,0.9864036440849304,-0.16427309811115265,42.927757263183594
0.044552337378263474,-0.16382017731666565,-0.9854836463928223,-140.81265258789062,-0.9989941716194153,-0.01231115311384201,-0.043116603046655655,-0.9982525706291199,-0.005069070495665073,0.9864134192466736,-0.16420389711856842,43.0187873840332
0.04384806752204895,-0.16374409198760986,-0.9855278730392456,-140.67501831054688,-0.9990234375,-0.012549158185720444,-0.0423634834587574,-1.0217422246932983,-0.005430775228887796,0.9864230155944824,-0.1641344428062439,43.109798431396484
0.04314365237951279,-0.1636681854724884,-0.985571563243866,-140.5373992919922,-0.999052107334137,-0.012787205167114735,-0.041610267013311386,-1.0453613996505737,-0.0057924287393689156,0.9864325523376465,-0.16406473517417908,43.20079040527344
0.04243921488523483,-0.1635923534631729,-0.9856147766113281,-140.3997802734375,-0.9990801215171814,-0.013025308027863503,-0.04085707291960716,-1.0691101551055908,-0.0061540319584310055,0.9864420294761658,-0.16399464011192322,43.2917594909668
0.04173475131392479,-0.16351670026779175,-0.9856573939323425,-140.26217651367188,-0.9991074800491333,-0.013263474218547344,-0.04010389745235443,-1.0929884910583496,-0.006515584886074066,0.9864513874053955,-0.16392429172992706,43.38270950317383
0.0410301499068737,-0.1634412258863449,-0.985699474811554,-140.12457275390625,-0.9991342425346375,-0.013501683250069618,-0.03935062885284424,-1.1169962882995605,-0.00687708705663681,0.9864606857299805,-0.1638537049293518,43.47364044189453
0.04032552242279053,-0.16336581110954285,-0.9857410788536072,-139.9869842529297,-0.9991603493690491,-0.013739947229623795,-0.038597386330366135,-1.1411336660385132,-0.007238537073135376,0.9864698648452759,-0.16378271579742432,43.56454849243164
0.03962087631225586,-0.1632905900478363,-0.9857820868492126,-139.8494110107422,-0.9991858601570129,-0.01397827360779047,-0.03784416615962982,-1.165400505065918,-0.007599936332553625,0.9864789843559265,-0.16371148824691772,43.65543746948242
0.0389162078499794,-0.16321544349193573,-0.9858226180076599,-139.7118377685547,-0.999210774898529,-0.014216657727956772,-0.0370909683406353,-1.1897969245910645,-0.00796128436923027,0.9864880442619324,-0.1636398881673813,43.74630355834961
0.03821152076125145,-0.16314058005809784,-0.9858625531196594,-139.57427978515625,-0.9992350339889526,-0.014455107040703297,-0.03633779659867287,-1.214322805404663,-0.00832257978618145,0.9864969253540039,-0.1635681390762329,43.83715057373047
0.03750681132078171,-0.16306591033935547,-0.9859020113945007,-139.4367218017578,-0.9992586374282837,-0.014693617820739746,-0.03558465093374252,-1.2389781475067139,-0.008683823980391026,0.9865057468414307,-0.16349613666534424,43.927978515625
0.036802083253860474,-0.16299141943454742,-0.9859408736228943,-139.29917907714844,-0.999281644821167,-0.01493219006806612,-0.03483153134584427,-1.2637628316879272,-0.009045016020536423,0.9865145087242126,-0.16342388093471527,44.01878356933594
0.036097221076488495,-0.1629171222448349,-0.9859791994094849,-139.16165161132812,-0.9993039965629578,-0.015170801430940628,-0.03407831862568855,-1.2886769771575928,-0.009406153112649918,0.9865230917930603,-0.16335135698318481,44.10956954956055
0.035392336547374725,-0.1628430038690567,-0.9860169887542725,-139.0241241455078,-0.9993257522583008,-0.015409472398459911,-0.033325135707855225,-1.3137205839157104,-0.00976723711937666,0.986531674861908,-0.16327857971191406,44.20033264160156
0.03468731790781021,-0.16276894509792328,-0.9860543012619019,-138.88661193847656,-0.999346911907196,-0.01564818061888218,-0.03257186338305473,-1.3388935327529907,-0.010128268040716648,0.9865401387214661,-0.16320542991161346,44.29107666015625
0.0339822843670845,-0.16269508004188538,-0.9860910177230835,-138.74911499023438,-0.9993674159049988,-0.015886951237916946,-0.03181862086057663,-1.3641959428787231,-0.010489246807992458,0.9865484833717346,-0.16313202679157257,44.381797790527344
0.0332772321999073,-0.1626213937997818,-0.9861272573471069,-138.6116180419922,-0.999387264251709,-0.01612577959895134,-0.031065406277775764,-1.3896276950836182,-0.010850170627236366,0.9865567684173584,-0.16305837035179138,44.47249984741211
0.03257216513156891,-0.16254788637161255,-0.9861629009246826,-138.47413635253906,-0.9994065165519714,-0.016364671289920807,-0.030312223359942436,-1.4151887893676758,-0.01121104322373867,0.9865649342536926,-0.1629844456911087,44.56317901611328
0.03186696395277977,-0.16247445344924927,-0.9861980080604553,-138.336669921875,-0.9994251132011414,-0.01660359837114811,-0.029558954760432243,-1.440879225730896,-0.011571861803531647,0.9865730404853821,-0.16291016340255737,44.653839111328125
0.031161747872829437,-0.16240131855010986,-0.986232578754425,-138.19920349121094,-0.9994431138038635,-0.016842590644955635,-0.028805715963244438,-1.4666990041732788,-0.01193262543529272,0.986581027507782,-0.1628357321023941,44.744476318359375
0.03045651875436306,-0.16232836246490479,-0.9862666726112366,-138.06175231933594,-0.9994605183601379,-0.017081642523407936,-0.02805250696837902,-1.4926481246948242,-0.012293336912989616,0.9865889549255371,-0.16276103258132935,44.8350944519043
0.029751278460025787,-0.16225560009479523,-0.9863001704216003,-137.92431640625,-0.999477207660675,-0.017320754006505013,-0.02729933336377144,-1.5187265872955322,-0.012653992511332035,0.9865967035293579,-0.16268609464168549,44.925689697265625
0.02904602512717247,-0.16218289732933044,-0.9863331317901611,-137.78688049316406,-0.9994933605194092,-0.017559921368956566,-0.026546193286776543,-1.5449342727661133,-0.013014594092965126,0.9866044521331787,-0.16261076927185059,45.016265869140625
0.028340639546513557,-0.16211038827896118,-0.986365556716919,-137.6494598388672,-0.9995088577270508,-0.017799125984311104,-0.02579296939074993,-1.5712711811065674,-0.01337513793259859,0.98661208152771,-0.16253520548343658,45.10681915283203
0.0276352446526289,-0.16203804314136505,-0.9863974452018738,-137.51205444335938,-0.9995236992835999,-0.018038392066955566,-0.025039780884981155,-1.597737431526184,-0.013735626824200153,0.9866196513175964,-0.1624593734741211,45.19735336303711
0.026929719373583794,-0.16196590662002563,-0.9864288568496704,-137.37464904785156,-0.9995379447937012,-0.018277697265148163,-0.024286510422825813,-1.6243329048156738,-0.014096060767769814,0.9866270422935486,-0.1623832732439041,45.287864685058594
0.026224184781312943,-0.161893829703331,-0.9864596724510193,-137.2372589111328,-0.99955153465271,-0.018517058342695236,-0.023533277213573456,-1.6510576009750366,-0.014456438831984997,0.9866344332695007,-0.16230681538581848,45.378353118896484
0.025518642738461494,-0.16182203590869904,-0.9864899516105652,-137.09988403320312,-0.999564528465271,-0.018756480887532234,-0.022780077531933784,-1.6779115200042725,-0.014816761016845703,0.9866417050361633,-0.1622302085161209,45.46882247924805
0.02481308951973915,-0.1617504507303238,-0.9865196943283081,-136.9625244140625,-0.9995768666267395,-0.018995963037014008,-0.022026915103197098,-1.7048946619033813,-0.015177027322351933,0.9866488575935364,-0.16215336322784424,45.559268951416016
0.02410753071308136,-0.16167902946472168,-0.986548900604248,-136.82516479492188,-0.9995886087417603,-0.019235502928495407,-0.021273791790008545,-1.7320069074630737,-0.015537237748503685,0.9866558909416199,-0.16207624971866608,45.64969253540039
0.023401962593197823,-0.16160768270492554,-0.986577570438385,-136.6878204345703,-0.9995997548103333,-0.019475096836686134,-0.020520707592368126,-1.7592483758926392,-0.015897389501333237,0.9866629242897034,-0.16199876368045807,45.74009704589844
0.022696388885378838,-0.16153652966022491,-0.986605703830719,-136.5504913330078,-0.999610185623169,-0.019714750349521637,-0.01976766437292099,-1.786618947982788,-0.01625748537480831,0.9866697788238525,-0.16192100942134857,45.83047866821289
0.021990571171045303,-0.16146555542945862,-0.98663330078125,-136.41317749023438,-0.9996200799942017,-0.019954422488808632,-0.019014423713088036,-1.8141186237335205,-0.01661752350628376,0.9866765737533569,-0.16184301674365997,45.92083740234375
0.02128474786877632,-0.1613946408033371,-0.9866604208946228,-136.27586364746094,-0.9996293187141418,-0.020194152370095253,-0.018261227756738663,-1.8417474031448364,-0.016977505758404732,0.9866833090782166,-0.16176463663578033,46.01117706298828
0.020578918978571892,-0.1613239198923111,-0.9866869449615479,-136.13856506347656,-0.9996379017829895,-0.02043393813073635,-0.017508070915937424,-1.8695052862167358,-0.017337430268526077,0.9866899251937866,-0.1616860181093216,46.10149383544922
0.019873088225722313,-0.16125349700450897,-0.9867129325866699,-136.00128173828125,-0.9996458888053894,-0.020673787221312523,-0.01675495319068432,-1.8973922729492188,-0.017697297036647797,0.9866964817047119,-0.16160723567008972,46.19178771972656
0.019167251884937286,-0.16118313372135162,-0.986738383769989,-135.864013671875,-0.9996532201766968,-0.020913688465952873,-0.016001882031559944,-1.9254083633422852,-0.01805710420012474,0.9867029190063477,-0.1615280956029892,46.28206253051758
0.01846141368150711,-0.1611129641532898,-0.9867632985115051,-135.7267608642578,-0.9996599555015564,-0.0211536455899477,-0.015248853713274002,-1.9535534381866455,-0.01841685362160206,0.9867092370986938,-0.16144870221614838,46.372314453125
0.017755454406142235,-0.1610429733991623,-0.9867876768112183,-135.58950805664062,-0.9996660351753235,-0.02139364555478096,-0.014495749957859516,-1.9818276166915894,-0.0187765471637249,0.9867154955863953,-0.16136905550956726,46.46254348754883
0.01704949140548706,-0.1609731763601303,-0.9868115186691284,-135.4522705078125,-0.9996715188026428,-0.021633703261613846,-0.013742690905928612,-2.010230779647827,-0.019136182963848114,0.9867216348648071,-0.16128914058208466,46.55274963378906
0.016343411058187485,-0.16090355813503265,-0.9868348240852356,-135.31504821777344,-0.9996763467788696,-0.021873798221349716,-0.012989559210836887,-2.0387630462646484,-0.019495759159326553,0.9867277145385742,-0.16120897233486176,46.64293670654297
0.01563732884824276,-0.16083411872386932,-0.9868575930595398,-135.17784118652344,-0.9996805787086487,-0.022113947197794914,-0.012236473150551319,-2.0674242973327637,-0.01985527202486992,0.9867336750030518,-0.16112855076789856,46.73310089111328
0.014931246638298035,-0.16076475381851196,-0.986879825592041,-135.0406494140625,-0.9996841549873352,-0.02235415205359459,-0.011483436450362206,-2.096214532852173,-0.020214729011058807,0.9867395758628845,-0.16104775667190552,46.8232421875
0.014225166290998459,-0.16069558262825012,-0.9869015216827393,-134.90345764160156,-0.999687135219574,-0.022594409063458443,-0.010730446316301823,-2.125133752822876,-0.020574122667312622,0.9867453575134277,-0.16096670925617218,46.913360595703125
0.013519086875021458,-0.16062669456005096,-0.9869226217269897,-134.7662811279297,-0.9996894598007202,-0.02283472940325737,-0.009977500885725021,-2.154181718826294,-0.02093345858156681,0.9867510795593262,-0.1608855128288269,47.003456115722656
0.01281289104372263,-0.16055788099765778,-0.986943244934082,-134.62911987304688,-0.9996911883354187,-0.023075085133314133,-0.009224488399922848,-2.183358669281006,-0.021292734891176224,0.9867566823959351,-0.16080395877361298,47.09353256225586
0.01210669707506895,-0.1604892462491989,-0.9869633316993713,-134.49197387695312,-0.9996922612190247,-0.023315494880080223,-0.008471525274217129,-2.2126646041870117,-0.021651949733495712,0.9867621660232544,-0.16072213649749756,47.18358612060547
0.01140050683170557,-0.16042080521583557,-0.9869828820228577,-134.35484313964844,-0.9996927380561829,-0.02355596236884594,-0.007718611508607864,-2.2420992851257324,-0.022011106833815575,0.986767590045929,-0.16064006090164185,47.273616790771484
0.010694202035665512,-0.16035255789756775,-0.987001895904541,-134.2177276611328,-0.9996925592422485,-0.02379646711051464,-0.006965629756450653,-2.271662950515747,-0.022370200604200363,0.986772894859314,-0.16055773198604584,47.363624572753906
0.009987900964915752,-0.16028447449207306,-0.9870203137397766,-134.0806121826172,-0.9996917843818665,-0.02403702773153782,-0.006212699227035046,-2.3013553619384766,-0.022729234769940376,0.9867781400680542,-0.16047514975070953,47.453609466552734
0.009281606413424015,-0.1602163463830948,-0.987038254737854,-133.94351196289062,-0.9996903538703918,-0.024277638643980026,-0.005459825973957777,-2.331176519393921,-0.023088203743100166,0.9867833256721497,-0.16039207577705383,47.54357147216797
0.0085751973092556,-0.1601485311985016,-0.9870556592941284,-133.80642700195312,-0.9996883273124695,-0.024518288671970367,-0.004706883803009987,-2.361126661300659,-0.02344711497426033,0.9867883920669556,-0.1603088676929474,47.63351058959961
0.007868795655667782,-0.1600808948278427,-0.9870725274085999,-133.6693572998047,-0.9996856451034546,-0.024758992716670036,-0.003953995183110237,-2.3912055492401123,-0.02380596287548542,0.9867933392524719,-0.16022539138793945,47.723426818847656
0.007162400521337986,-0.16001343727111816,-0.9870888590812683,-133.5323028564453,-0.9996823072433472,-0.024999752640724182,-0.003201159182935953,-2.4214131832122803,-0.024164749309420586,0.9867982268333435,-0.16014167666435242,47.81332015991211
0.006456013303250074,-0.15994617342948914,-0.9871046543121338,-133.395263671875,-0.9996784329414368,-0.025240570306777954,-0.002448377199470997,-2.451749563217163,-0.024523474276065826,0.9868029952049255,-0.1600576937198639,47.903194427490234
0.005749634467065334,-0.15987908840179443,-0.9871198534965515,-133.25823974609375,-0.9996738433837891,-0.025481436401605606,-0.0016956506296992302,-2.4822146892547607,-0.024882132187485695,0.986807644367218,-0.15997345745563507,47.993045806884766
0.00504314573481679,-0.15981219708919525,-0.987134575843811,-133.12123107910156,-0.9996686577796936,-0.02572234533727169,-0.000942860497161746,-2.5128085613250732,-0.025240736082196236,0.9868122339248657,-0.15988896787166595,48.0828742980957
0.00433654710650444,-0.1597454845905304,-0.9871487021446228,-132.98423767089844,-0.9996628761291504,-0.02596328966319561,-0.00019000860629603267,-2.5435311794281006,-0.025599274784326553,0.9868167638778687,-0.15980422496795654,48.17267990112305
0.0036299589555710554,-0.15967896580696106,-0.9871623516082764,-132.8472442626953,-0.9996564388275146,-0.02620428241789341,0.0005627856007777154,-2.5743825435638428,-0.0259577464312315,0.9868211150169373,-0.15971922874450684,48.2624626159668
0.0029233815148472786,-0.1596125066280365,-0.9871754050254822,-132.71026611328125,-0.9996494054794312,-0.026445332914590836,0.0013155200285837054,-2.6053624153137207,-0.02631615661084652,0.9868254661560059,-0.1596338450908661,48.35222244262695
0.0022168157156556845,-0.15954622626304626,-0.9871879816055298,-132.57330322265625,-0.9996417164802551,-0.02668643370270729,0.002068196190521121,-2.6364710330963135,-0.026674499735236168,0.9868296980857849,-0.15954822301864624,48.441959381103516
0.0015102621400728822,-0.1594802588224411,-0.9871999621391296,-132.4363555908203,-0.9996334314346313,-0.02692759409546852,0.002820817520841956,-2.667708158493042,-0.02703278511762619,0.9868338108062744,-0.15946245193481445,48.531673431396484
0.0008037211955524981,-0.15941423177719116,-0.9872114658355713,-132.29942321777344,-0.999624490737915,-0.02716880664229393,0.0035733734257519245,-2.6990740299224854,-0.02739100530743599,0.9868378639221191,-0.15937620401382446,48.62136459350586
9.695530025055632e-05,-0.1593485176563263,-0.9872223734855652,-132.16250610351562,-0.9996148943901062,-0.02741003967821598,0.004326108377426863,-2.7305684089660645,-0.027749162167310715,0.9868417978286743,-0.15928980708122253,48.71103286743164
-0.0006096774013713002,-0.15928298234939575,-0.9872328042984009,-132.02560424804688,-0.9996047019958496,-0.027651339769363403,0.005078664515167475,-2.7621915340423584,-0.028107253834605217,0.9868456721305847,-0.1592031568288803,48.80067825317383
-0.0013164146803319454,-0.15921762585639954,-0.9872426390647888,-131.8887176513672,-0.9995939135551453,-0.02789267897605896,0.005831278394907713,-2.793943166732788,-0.028465284034609795,0.9868494272232056,-0.1591162532567978,48.890296936035156
-0.0020231367088854313,-0.1591523438692093,-0.9872519373893738,-131.75184631347656,-0.9995824694633484,-0.028134064748883247,0.006583825219422579,-2.8258233070373535,-0.0288232434540987,0.9868530631065369,-0.15902897715568542,48.97989273071289
-0.0027298429049551487,-0.15908725559711456,-0.9872607588768005,-131.614990234375,-0.9995704293251038,-0.02837551385164261,0.007336311507970095,-2.8578319549560547,-0.029181145131587982,0.9868566393852234,-0.15894144773483276,49.06946563720703
-0.0034365325700491667,-0.15902233123779297,-0.9872689843177795,-131.4781494140625,-0.9995577335357666,-0.02861701138317585,0.00808873400092125,-2.8899691104888916,-0.02953897789120674,0.9868601560592651,-0.1588536649942398,49.15901565551758
-0.004143205005675554,-0.1589576154947281,-0.9872767329216003,-131.34132385253906,-0.9995443820953369,-0.02885855920612812,0.008841092698276043,-2.9222347736358643,-0.02989674173295498,0.9868635535240173,-0.15876562893390656,49.24854278564453
-0.004849979188293219,-0.1588929444551468,-0.9872838854789734,-131.2045135498047,-0.9995304346084595,-0.029100144281983376,0.009593501687049866,-2.9546289443969727,-0.030254444107413292,0.9868668913841248,-0.15867720544338226,49.33804702758789
-0.005556853953748941,-0.15882860124111176,-0.9872905611991882,-131.06771850585938,-0.9995158910751343,-0.029341766610741615,0.01034596748650074,-2.9871513843536377,-0.03061208315193653,0.9868700504302979,-0.15858866274356842,49.427528381347656
-0.006263709627091885,-0.15876443684101105,-0.9872966408729553,-130.93093872070312,-0.9995006918907166,-0.029583437368273735,0.011098366230726242,-3.0198023319244385,-0.03096965327858925,0.986873209476471,-0.1584998518228531,49.51698684692383
-0.006970546208322048,-0.15870045125484467,-0.9873021841049194,-130.79417419433594,-0.9994848966598511,-0.029825162142515182,0.011850699782371521,-3.052581787109375,-0.03132715821266174,0.9868761897087097,-0.15841080248355865,49.606422424316406
-0.00767736230045557,-0.15863652527332306,-0.9873071908950806,-130.6574249267578,-0.9994684457778931,-0.03006693348288536,0.012602961622178555,-3.085489511489868,-0.03168458864092827,0.9868791103363037,-0.15832136571407318,49.695831298828125
-0.008384156972169876,-0.15857279300689697,-0.9873116612434387,-130.52069091796875,-0.9994513392448425,-0.030308760702610016,0.013355156406760216,-3.118525505065918,-0.03204195946455002,0.9868819713592529,-0.1582316756248474,49.78521728515625
