0.999999976092556,-2.5917507287404757e-09,-4.492592770022341e-09,0.0,-2.5917507287404757e-09,0.9999999797417204,-6.425756243352879e-10,0.0,-4.492592770022341e-09,-6.425756243352879e-10,1.0000000230369956,0.0
0.9999997055973031,-0.0007547016565633514,-6.654222513863273e-05,0.14956185240373543,0.0007546856821265069,0.9999996758497852,-0.00024110642751682006,0.029136264744177964,6.671517642639624e-05,0.0002410555141929404,1.0000000013449877,-0.06751657790763943
0.9999988633131027,-0.0015093944373375627,-0.00013288072473999213,0.29911359194318266,0.0015093298906672188,0.9999987152510649,-0.0004822666497864856,0.05840209660492679,0.00013361105538770013,0.0004820649049731493,0.9999998921452801,-0.135015510170021
0.9999973952627749,-0.0022640767348112503,-0.000199015160287086,0.4486401948433638,0.002263930510723869,0.9999971578672842,-0.0007234804986513391,0.08779660587883864,0.0002006438886352213,0.0007230278629568737,0.9999997566813331,-0.20249931249823305
0.999995418555484,-0.003018987018945183,-0.00026483959486273134,0.5981566848792568,0.0030187283737949638,0.999994990524088,-0.0009647096317892214,0.11732068226932046,0.0002677577428055189,0.0009639044861756499,0.9999994918231452,-0.26996546918117303
0.9999928358063033,-0.003773883568519546,-0.00033070530516007834,0.7476474082810398,0.003773478451770144,0.9999921668794715,-0.0012059923439874589,0.14697343607320423,0.000335253592050333,0.0012047348964214014,0.9999992200533959,-0.33741273361388835
0.9999896615439374,-0.004528770052229021,-0.0003961216616020502,0.8971280188185631,0.004528188661020653,0.9999886867307521,-0.0014473278003725946,0.17675575699365886,0.0004026806104489855,0.0014455184793760872,0.9999989026583612,-0.4048423524013458
0.9999859007271206,-0.0052836459228630395,-0.00046147125790652055,1.046583495915172,0.0052828548049402525,0.9999846097969725,-0.0016887175511070716,0.2066666958109158,0.0004703720180723181,0.0016862548545210632,0.9999984755732311,-0.47225684071905505
0.9999816440468916,-0.006038504332565059,-0.000526489298383892,1.1960288633459015,0.006037480126434935,0.9999798767644548,-0.0019301590923197795,0.23670714222838374,0.0005381465888968096,0.0019269452865607328,0.999997983137692,-0.5396536828559277
0.999976722625658,-0.006793355624853059,-0.0005915632393868608,1.3454490973357451,0.006792054419915546,0.9999745467441941,-0.002171655953265504,0.266876206542654,0.0006062933257071634,0.0021675868631216844,0.9999974813416876,-0.6070353945230664
0.9999713078019296,-0.007548192616145005,-0.0006563203493162861,1.494858594863274,0.007546587890970304,0.9999686201415553,-0.0024132044854758756,0.2971747189410143,0.000674508529171558,0.0024081817313741927,0.9999969117296338,-0.6743956971577347
0.9999652651509551,-0.008303015699844138,-0.0007208635515224826,1.6442429589498886,0.008301070333996957,0.999962037237496,-0.002654806644285178,0.32760184923617786,0.0007428754504154589,0.002648729353302709,0.9999962570671524,-0.7417408693226832
0.9999586272877359,-0.009057938451678252,-0.0007853264182582365,1.7936172165690039,0.009055624024640826,0.9999547917488624,-0.0028964418279655876,0.3581584276151917,0.0008115204197650661,0.002889209766513773,0.9999954949877456,-0.8090683947712023
0.9999514789955005,-0.009812846748708984,-0.0008495999956680822,1.9429657107523894,0.009810133173092902,0.9999469496778506,-0.0031381295890844795,0.3888436238912476,0.0008803367650714322,0.0031296425528822003,0.999994704170091,-0.8763770274339464
0.9999437199025405,-0.010567737315644893,-0.0009135518609198479,2.0923041016666843,0.010564595013282812,0.9999384515081008,-0.003379869140677859,0.41965820873479487,0.0009492019188546141,0.0033700277887104835,0.9999939067882155,-0.9436680128446966
0.9999353918813486,-0.01132261342777742,-0.0009772947495077233,2.2416173623384736,0.011319005348590282,0.9999293567559727,-0.003621661269717206,0.4506013519587846,0.001018228652979014,0.0036103653976961303,0.9999929630957155,-1.0109438672501625
0.9999264885351493,-0.012077592175721713,-0.0010408494482155028,2.390905495966109,0.012073483211734994,0.9999196589356301,-0.00386348551744634,0.4816729940468578,0.0010874158963054548,0.0038506338845934462,0.9999919904808654,-1.0782045901147512
0.9999170528115777,-0.012832549447972838,-0.001104317930872123,2.5401828963298385,0.012827912812923843,0.9999093052192316,-0.004105361508118872,0.5128740247026613,0.0011569068179856368,0.004090854976001562,0.9999909718682843,-1.145443903411305
0.99990698926076,-0.013587488913225476,-0.001167587230559014,2.6894351664510623,0.013582291386084588,0.999898295404095,-0.0043472910061767515,0.5442036137389072,0.001226549457445325,0.004331028057602437,0.9999898657396351,-1.2126680857025463
0.9998963530457514,-0.014342523753804182,-0.0012306682903910349,2.8386773396999274,0.014336733767309146,0.9998866829261088,-0.00458925355286754,0.5756624723099248,0.0012963379430330768,0.00457113370501816,0.9999887306970041,-1.2798746196706787
0.9998851821923526,-0.015097540479769744,-0.001293668015256405,2.9878937527114715,0.015091124166806288,0.9998744143493842,-0.004831267723291885,0.6072498892616247,0.001366444836994718,0.004811189505558255,0.9999874884048133,-1.3470622603174576
0.9998733861725241,-0.01585253518283157,-0.0013564637760171694,3.1370850418772704,0.0158454598185019,0.9998615495956462,-0.005073333660425174,0.6389657455610473,0.0014366887856618882,0.0050511975300905065,0.9999862198316467,-1.4142347688877948
0.9998610602362407,-0.016607511454780677,-0.0014191732207771424,3.2862655977791633,0.016599747208240714,0.9998480884622122,-0.005315453200388106,0.6708109904282011,0.0015072217161356538,0.005291156705029776,0.9999849052774855,-1.481385867890097
0.9998481240989303,-0.017362462197823614,-0.0014815708154977403,3.435421029835311,0.01735397613039989,0.9998339716354047,-0.005557622432519598,0.7027846746430777,0.0015778035555055192,0.005531066802462403,0.9999834616387097,-1.5485218348159577
0.9998346779324023,-0.018117391311366055,-0.0015437644960885066,3.5845663650191,0.018108153070822294,0.9998191989125416,-0.005799842501416912,0.734887628392725,0.0016485568377783422,0.0057709285858716375,0.9999819917105897,-1.6156401534186955
0.9998206043384266,-0.018872298171293767,-0.0016057689373281947,3.7336859527591457,0.01886227154367161,0.9998038300126647,-0.006042114217809585,0.7671189024576162,0.00171946190477687,0.006010741215471738,0.9999804930358535,-1.6827395765577933
0.9998059531584255,-0.019627292847332112,-0.0016675509764954854,3.882780416653418,0.019616453824586617,0.9997877991362604,-0.0062844144523406245,0.7994786158702301,0.0017905422109976699,0.006250483427370446,0.9999788502985577,-1.7498238676204778
0.9997907334499909,-0.02038226878464308,-0.001729153719930293,4.031864153680573,0.020370577161074203,0.9997711718801598,-0.006526764474477035,0.8319675988178545,0.0018617841645058864,0.006490174952607786,0.9999772375840976,-1.816886748043956
0.9997749778281243,-0.021137336044067118,-0.0017906760779198838,4.180922773258743,0.02112476382877969,0.9997539421638918,-0.006769148451427675,0.864584902080483,0.0019333140956277473,0.006729797361642531,0.9999755174610805,-1.8839344953198776
0.9997585949787093,-0.021892374182793967,-0.001851984628135822,4.329955638996353,0.021878888309139602,0.9997360569569328,-0.007011584195091001,0.897330644691074,0.002004995844948426,0.006969371766755772,0.999973712270899,-1.9509633482033024
0.9997417022000261,-0.022647386408096326,-0.0019131041388999181,4.478978414258393,0.022632958947876498,0.9997175160566001,-0.007254067866477196,0.9302055378037162,0.002076849053908647,0.007208894798026888,0.9999718783006284,-2.017974551692461
0.999724179832827,-0.023402372864896603,-0.001974024466694313,4.627975442076689,0.023386965539382503,0.9996983791819362,-0.007496605045248739,0.9632087512316012,0.0021488687943512774,0.007448370208341104,0.9999699568142896,-2.0849668597179942
0.9997060655138974,-0.024157447291614842,-0.0020348596778833605,4.776947352446001,0.024141028499414834,0.9996785803307449,-0.007739173508214984,0.9963402849744902,0.002221152020244921,0.007687776119488121,0.9999679891461176,-2.1519440345959424
0.9996873998929551,-0.024912495334601686,-0.002095378207923271,4.925908542344928,0.024895032515013193,0.9996581855052222,-0.00798179085261651,1.0296009692196701,0.002293494017596376,0.007927130735541466,0.9999659536367915,-2.2188997977635836
0.999668221981777,-0.02566751562093178,-0.002155707598561707,5.074844614794898,0.025648980829103225,0.9996371948067094,-0.00822445798462715,1.062989973779854,0.0023660221878710197,0.008166437119262737,0.9999638893641126,-2.28584042778364
0.9996484196038166,-0.026422499304252917,-0.0022158134876819613,5.223754939801097,0.02640286137618801,0.9996154893038278,-0.00846717409352485,1.09650729865528,0.002438687530007033,0.008405692974813361,0.9999616812129762,-2.3527621623400705
0.9996280267490668,-0.027177458121690423,-0.002275857679198745,5.372655180728515,0.027156679259081308,0.999593247444316,-0.008709942756091745,1.130153655000039,0.0025116468218273624,0.008644898225393938,0.9999594833930251,-2.419666246431106
0.9996070617298741,-0.02793250245946924,-0.00233568941226181,5.521529680608921,0.027910551650607195,0.9995703437096177,-0.008952738076907017,1.1639282126273205,0.002584752043458538,0.008884030609829563,0.9999572002799664,-2.4865514339873585
0.9995855260211796,-0.02868751171208686,-0.0023953465807524665,5.670379063040343,0.028664359518047862,0.9995467847882518,-0.009195585855947189,1.197831090569606,0.002658033659133918,0.009123113156218166,0.9999548859630192,-2.5534214883960544
0.9995634720252722,-0.02944260831050821,-0.002454766672392028,5.819217731398197,0.029418223277154903,0.9995226236094004,-0.009438461342396186,1.2318629999814625,0.0027315004435394807,0.009362125363653828,0.9999524300407847,-2.620270130023272
0.9995407739751943,-0.03019766966996104,-0.0025141250664281467,5.96803065870904,0.03017201740937794,0.9994978072438814,-0.00968138938251438,1.2660231106758424,0.002805221988919665,0.009601086814508275,0.9999499844497355,-2.6870998751157344
0.9995175248230027,-0.030952697154485787,-0.0025731816539931174,6.116818474967687,0.030925748877394514,0.9994723953093957,-0.0099243633950249,1.3003114226525057,0.002879002339230774,0.009839997280370938,0.9999474685267866,-2.753914485989469
0.9994937100030935,-0.03170769123438935,-0.002632009908930144,6.2655805501793225,0.03167941396143775,0.999446328086901,-0.010167385573689201,1.334727935911693,0.0029529297072284355,0.010078856682493365,0.999944869968841,-2.820710200328449
0.9994693246935817,-0.03246264960501749,-0.002690653955525063,6.414331917714122,0.03243301080162329,0.9994196653967808,-0.010410456490809652,1.369273361607732,0.0030270335027433593,0.010317665406783028,0.9999421813873456,-2.8874845008148213
0.9994443516680466,-0.0332175754736429,-0.0027492217296874455,6.563058174196755,0.033186539397957654,0.9993924070363528,-0.010653577290983514,1.4039469885860543,0.003101416601605206,0.010556420083319307,0.9999395055775708,-2.95424366708248
0.9994188082528586,-0.033972459236217334,-0.0028075660023316185,6.711758696029165,0.03393999789054807,0.9993644341755794,-0.010896747068044436,1.4387486978141801,0.003175976144720899,0.010795125153162,0.9999366858893387,-3.0209839357442405
0.9993926865763008,-0.03472754497674907,-0.0028657233344659416,6.860433483211324,0.03469362434483203,0.9993359123918677,-0.011139925715217084,1.4736784892921104,0.0032506805967178753,0.011033737856179338,0.9999338370695496,-3.087705306800089
0.9993660337217662,-0.0354825918096176,-0.002923809025378199,7.009098192711463,0.03544718021852518,0.9993067356241706,-0.011383158775948912,1.5087371932066524,0.003325688927907189,0.0112723004169335,0.999930939811494,-3.1544090263193993
0.9993387566003488,-0.03623759942720828,-0.002981681258340474,7.157737167561407,0.036200664605440594,0.9992769038724881,-0.011626437093791568,1.543923979370998,0.003400834464430902,0.011510810998356102,0.9999279574276961,-3.2210938482327975
0.9993109262157494,-0.03699256735921419,-0.0030392467537722623,7.3063504077611015,0.03695408074849175,0.9992464768558623,-0.011869762433179517,1.579238847785148,0.0034760535526422998,0.011749269679195595,0.9999249659721959,-3.2877597725402836
0.9992825109758423,-0.03774749576832759,-0.0030967310641618617,7.4549385433053885,0.03770742120814583,0.999215394855251,-0.012113136606471656,1.6146817984488608,0.0035515373145997287,0.01198767454363514,0.9999218672420311,-3.354410561557927
0.9992535279071492,-0.03850238449185622,-0.0031540019166015343,7.603500950596214,0.03846068970416878,0.9991837175896965,-0.012356556036874623,1.6502527123296584,0.0036271828410004425,0.012226027507491577,0.9999186833861241,-3.421042451898515
0.9992239706628692,-0.03925734803725678,-0.0032110845291862533,7.752052650210203,0.039214004339337145,0.9991513790570027,-0.0126000085159105,1.6859525386473075,0.0037029890690735145,0.012464311285225571,0.9999154706162353,-3.4876529283865096
0.9991938432288354,-0.04001227373141991,-0.0032679535838714135,7.900578621570759,0.039967245150989074,0.9991184451580245,-0.012843508111943448,1.7217803281820414,0.0037789717748735463,0.012702542855217436,0.999912172737341,-3.554244506197449
0.9991631417691393,-0.04076726996353097,-0.003324634698550516,8.04907948827588,0.040720529311957056,0.9990848501945891,-0.013087035176950573,1.7577361999663381,0.003855115207450799,0.012940702179268126,0.9999088458942553,-3.6208209487185457
0.9991318726305815,-0.0415222255872133,-0.0033811171300079934,8.197554626727566,0.04147373871946453,0.9990506599662102,-0.013330606449911818,1.7938200349677196,0.0039314204295761435,0.01317880409153055,0.9999054314514189,-3.687378492562601
0.9991000163257231,-0.04227713680019041,-0.003437513345414339,8.346004036925791,0.0422268696537465,0.9990158150578697,-0.013574229465816462,1.830031833186185,0.004008005047099444,0.013416856783006859,0.9999019710108512,-3.7539171377296157
0.999067592391978,-0.0430320037360441,-0.0034936963027699663,8.494442745843969,0.04297992490462485,0.9989803750872679,-0.013817894019059444,1.866372424808783,0.0040847514625391435,0.01365485267701294,0.9998984254110684,-3.820434367972865
0.9990345592567021,-0.04378682503640424,-0.003549587197373777,8.642855739302234,0.043732903089061116,0.9989442804873747,-0.014061606404577256,1.9028407415830246,0.004161546954240369,0.013892797666744033,0.9998948682823111,-3.8869326973968157
0.9990009938683069,-0.04454171915592642,-0.003605383131703249,8.791243634501882,0.0444859222860794,0.998907584390055,-0.014305350074293514,1.9394370215741112,0.004238615927846773,0.014130670028543874,0.9998912061855323,-3.953415890459752
0.9989668585400319,-0.04529656610755206,-0.0036609803828110965,8.939605801448039,0.04523886300986563,0.9988702337141143,-0.014549137951963895,1.9761612647822817,0.004315861421021472,0.014368487965511462,0.9998874564890026,-4.019880184845661
0.9989321557327945,-0.04605136787055092,-0.003716373919688376,9.087942252934312,0.04599172526041887,0.998832288077254,-0.014792972946627606,2.0130132331420967,0.004393268737217404,0.014606254923373002,0.9998836804696558,-4.086325578412243
0.9988968791497688,-0.04680623680474738,-0.0037715549981118812,9.236252976167123,0.04674462621057256,0.998793681527948,-0.015036834599539695,2.0499931647189955,0.004470836822031893,0.014843946421895127,0.9998798191572014,-4.152752073301784
0.9988609764886152,-0.0475610602427024,-0.0038265618118119016,9.384553010913464,0.047497443584688846,0.9987544800177225,-0.015280743131017948,2.087101651634587,0.004548556917515517,0.015081585104242817,0.9998759265906488,-4.219157151125302
0.998824526097724,-0.04831583131166323,-0.003881600107539379,9.532827330199865,0.04825017782398873,0.9987146241822287,-0.015524704311617175,2.1243378637018235,0.004626683880992771,0.015319166455519034,0.9998719683179783,-4.285543328129478
0.9987875215684077,-0.0490706736730534,-0.003936308446633674,9.681075921232832,0.04900295169282469,0.9986741669506495,-0.015768687524514713,2.161702038986144,0.004704854032343636,0.015556677323091406,0.999867944427114,-4.351910606456627
0.9987499473240982,-0.04982546305589036,-0.003990818102506344,9.829298796805887,0.04975564290368455,0.9986330554444729,-0.016012714945366373,2.199193939422109,0.004783200740920035,0.0157941328502402,0.9998638329364989,-4.418258983964449
0.9987118082366554,-0.05058020068496244,-0.004045138818876803,9.977495956919029,0.05050825238650954,0.9985912896130282,-0.016256788434054658,2.2368135650097187,0.004861694605259509,0.016031534720454294,0.9998596926490579,-4.484588460652958
0.9986730994592069,-0.05133489158128468,-0.004099245977347676,10.125668031567102,0.051260778746386876,0.9985489885650414,-0.016500909039740018,2.274560915748733,0.00494036503100867,0.016268882092963774,0.9998554672526113,-4.55090279883818
0.9986337648285173,-0.05208952476826295,-0.004153154752445792,10.273814390755234,0.05201321734548276,0.9985059737767675,-0.016745068273720763,2.3124359916393926,0.005019187505084205,0.016506171140062004,0.9998511542062043,-4.617198236204089
0.9985939153585346,-0.05284422527703153,-0.004206860612910257,10.421935034483482,0.05276569346986741,0.9984623578457615,-0.01698925974560488,2.3504387926816968,0.005098180616616266,0.01674339414549071,0.9998468147030877,-4.683474772750671
0.9985534337478551,-0.053598991261902484,-0.004260378633318296,10.570029962751846,0.05351819883193972,0.9984181407720227,-0.017233476826576923,2.3885693188756454,0.005177324723641102,0.01698054008683958,0.9998424462190431,-4.749732408477925
0.998512443803978,-0.054353700672176486,-0.004313673751905889,10.718114202533684,0.054270620652330535,0.9983732695883656,-0.01747773172511856,2.4268284004082865,0.005256640557567249,0.017217627512761506,0.9998379337561218,-4.815968627139171
0.9984708060928614,-0.05510835739979186,-0.004366907072940379,10.866172739649187,0.05502295035283994,0.9983278038238181,-0.017722041037215634,2.4652149690271328,0.005336240747969845,0.01745466143728694,0.9998334316411223,-4.882185942838802
0.9984286625406986,-0.0558629564063432,-0.004419941910652508,11.014205561304777,0.055775195930452465,0.9982816840126907,-0.017966390837494343,2.5037292627976235,0.005415997973956865,0.01769163703835982,0.9998288418928988,-4.948384357719107
0.9983859103304812,-0.05661750185505801,-0.004472645692285643,11.162212680294004,0.056527354328491444,0.9982349697030127,-0.018210783128820057,2.5423710436543203,0.005495804367210422,0.01792856306173968,0.9998241867105836,-5.014563869637826
0.998342613288723,-0.05737198891582641,-0.0045253955307753835,11.310194083823347,0.05727942145471076,0.9981876014005924,-0.018455230739882526,2.5811405496626616,0.005576003005132973,0.018165432761913604,0.9998194633816148,-5.080724480737217
0.9982986950389863,-0.058126651868699454,-0.004577816412128122,11.458149784686327,0.05803163493332317,0.9981395661792815,-0.01869968178438086,2.620037542757208,0.005656248708839018,0.018402208797576952,0.9998146742670867,-5.146866188874995
0.9982542749559005,-0.058881140901016066,-0.004630047754280886,11.606079770089394,0.058783643919526715,0.9980909430410551,-0.01894419005603329,2.659062261003399,0.0057366672278451325,0.01863894785581231,0.9998098564561521,-5.212988996193445
0.9982092229476343,-0.059635690786742857,-0.004682081212808997,11.753983422831311,0.05953567813303821,0.9980417190494727,-0.019188727656549876,2.698214466336034,0.005817236778432211,0.018875614401187582,0.9998049509115742,-5.279089138234255
0.9981635847225889,-0.06039017878212832,-0.004734019111365062,11.901861372906836,0.060287616204404856,0.9979918412076587,-0.01943330770058238,2.737494158754875,0.005898085883414478,0.01911221954409413,0.9997999404993941,-5.345170377313451
0.9981174383173939,-0.06114460966562929,-0.004785752995841663,12.049713620316027,0.061039467886139204,0.9979413690636427,-0.01967794044126695,2.776901338259922,0.005979106740925888,0.019348775704428264,0.9997949038146066,-5.411232713431048
0.9980706665087309,-0.06189897770528979,-0.004837313015393252,12.197540165058882,0.061791223437604,0.9978902431390674,-0.019922612620972707,2.816436004851173,0.006060279722078121,0.019585272510533887,0.9997898358087747,-5.477276146587059
0.9980233866948299,-0.06265328221322958,-0.004888645202065001,12.345341007135374,0.06254288934463557,0.9978384634719354,-0.020167323667401014,2.8560981585286296,0.006141624485048458,0.01982171007759563,0.9997846850842632,-5.543300676781442
0.9979754532072919,-0.06340764478723143,-0.004939921521739221,12.493116146545503,0.06329457303943851,0.9977860831054385,-0.020412069479369348,2.895887799292292,0.006223252615469799,0.020058075598535022,0.9997794832801109,-5.60930630401424
0.9979270273910332,-0.06416206397321361,-0.004990843466282147,12.640865596082818,0.06404628751743417,0.9977331021029148,-0.02065683465302395,2.93580468907672,0.006304919175093848,0.02029436742825806,0.999774159512112,-5.675293026143152
0.9978779738853013,-0.06491641779312773,-0.005041586714790269,12.788589342953799,0.06479790261036028,0.9976794674591758,-0.020901638454966454,2.9758490659473535,0.006386752584194799,0.020530600326096243,0.9997688656665294,-5.74126084531045
0.997828356211096,-0.06567071006059089,-0.0050921214364078315,12.936287387158416,0.06554942342101938,0.9976252386905815,-0.021146486464866825,3.016020929904192,0.006468733262030513,0.02076677743061675,0.9997634254350077,-5.807209761516162
0.9977781501090685,-0.06642493466338151,-0.005142585116501036,13.083959111495403,0.06630084343981897,0.9975703563567774,-0.021391377729008905,3.056320042882036,0.006551008232649869,0.021002890322416506,0.9997579366648,-5.873136010301934
0.9977273774775998,-0.06717909314524317,-0.005192845182313277,13.231605145959605,0.06705216731646624,0.9975148205084351,-0.02163631425025807,3.096746404880646,0.006633445185287662,0.02123895385162211,0.9997524215550385,-5.93904335398382
