0.054407138377428055,-0.16490474343299866,-0.9848077297210693,-142.74038696289062,-0.9985188245773315,-0.00898536667227745,-0.05366004258394241,-0.6830098628997803,-6.279260134078868e-08,0.9862685799598694,-0.16514936089515686,41.74253463745117
0.05479753017425537,-0.1645401418209076,-0.9848470687866211,-142.58119201660156,-0.9984968900680542,-0.01008713897317648,-0.05387173965573311,-0.6880051493644714,-0.0010702256113290787,0.986318826675415,-0.1648455709218979,41.79164123535156
0.055187493562698364,-0.16417501866817474,-0.9848862290382385,-142.42198181152344,-0.9984737038612366,-0.011188813485205173,-0.054083745926618576,-0.6929897665977478,-0.0021405075676739216,0.9863677620887756,-0.16454192996025085,41.84068298339844
0.055577024817466736,-0.16380952298641205,-0.9849252104759216,-142.26275634765625,-0.9984492659568787,-0.012290393933653831,-0.05429605767130852,-0.6979636549949646,-0.0032109073363244534,0.986415445804596,-0.1642385572195053,41.8896598815918
0.055966127663850784,-0.16344338655471802,-0.9849640130996704,-142.10350036621094,-0.9984235167503357,-0.01339186541736126,-0.05450867488980293,-0.702926754951477,-0.0042814225889742374,0.9864618182182312,-0.16393521428108215,41.938575744628906
0.05635479465126991,-0.16307687759399414,-0.9850025773048401,-141.94422912597656,-0.9983964562416077,-0.014493240974843502,-0.05472159758210182,-0.7078790068626404,-0.005352052394300699,0.9865068793296814,-0.16363213956356049,41.9874267578125
0.05674326419830322,-0.16270998120307922,-0.9850409626960754,-141.78494262695312,-0.9983681440353394,-0.015594555996358395,-0.05493505299091339,-0.712820291519165,-0.0064227948896586895,0.9865506887435913,-0.1633293479681015,42.03621292114258
0.05713129788637161,-0.16234268248081207,-0.9850791096687317,-141.62564086914062,-0.998338520526886,-0.016695771366357803,-0.055148810148239136,-0.7177505493164062,-0.007493649609386921,0.9865931868553162,-0.1630268096923828,42.084938049316406
0.05751889571547508,-0.16197489202022552,-0.9851170778274536,-141.46630859375,-0.9983077049255371,-0.017796877771615982,-0.05536286532878876,-0.7226696610450745,-0.008564615622162819,0.986634373664856,-0.16272443532943726,42.13359832763672
0.057906050235033035,-0.16160672903060913,-0.9851548671722412,-141.3069610595703,-0.9982755184173584,-0.018897881731390953,-0.055577218532562256,-0.7275776267051697,-0.009635688737034798,0.9866743087768555,-0.16242234408855438,42.18219757080078
0.05829276889562607,-0.1612379401922226,-0.9851925373077393,-141.14759826660156,-0.9982421398162842,-0.019998768344521523,-0.05579187348484993,-0.7324743270874023,-0.010706868954002857,0.9867129325866699,-0.1621202826499939,42.23073196411133
0.058679163455963135,-0.16086876392364502,-0.9852299094200134,-140.9882049560547,-0.9982073903083801,-0.02109956555068493,-0.05600694194436073,-0.7373597025871277,-0.011778155341744423,0.9867502450942993,-0.1618184894323349,42.27920150756836
0.059065114706754684,-0.16049909591674805,-0.985267162322998,-140.82879638671875,-0.9981714487075806,-0.022200249135494232,-0.056222304701805115,-0.7422336339950562,-0.01284954696893692,0.9867863059043884,-0.16151687502861023,42.32761001586914
0.05945062264800072,-0.16012905538082123,-0.9853041768074036,-140.66937255859375,-0.998134195804596,-0.02330082282423973,-0.056437961757183075,-0.7470961213111877,-0.01392104011029005,0.9868210554122925,-0.16121552884578705,42.375953674316406
0.05983568727970123,-0.15975862741470337,-0.9853410124778748,-140.50991821289062,-0.9980956315994263,-0.024401282891631126,-0.056653913110494614,-0.7519470453262329,-0.014992632903158665,0.9868544936180115,-0.16091445088386536,42.424232482910156
0.060220301151275635,-0.1593877077102661,-0.9853776097297668,-140.35044860839844,-0.9980558156967163,-0.02550162561237812,-0.056870151311159134,-0.7567863464355469,-0.016064327210187912,0.9868866205215454,-0.160613551735878,42.472450256347656
0.060604702681303024,-0.15901629626750946,-0.9854140877723694,-140.1909637451172,-0.9980147480964661,-0.0266018807888031,-0.057086922228336334,-0.7616139650344849,-0.017136117443442345,0.9869174957275391,-0.16031281650066376,42.52060317993164
0.0609886571764946,-0.1586444079875946,-0.9854503273963928,-140.03146362304688,-0.9979723691940308,-0.02770201675593853,-0.057303979992866516,-0.7664297819137573,-0.018208006396889687,0.9869470596313477,-0.16001224517822266,42.56869125366211
0.06137216091156006,-0.15827225148677826,-0.9854863286018372,-139.87193298339844,-0.9979287385940552,-0.028802042827010155,-0.05752132460474968,-0.7712337374687195,-0.01927999220788479,0.986975371837616,-0.1597120612859726,42.61671829223633
0.061755210161209106,-0.15789948403835297,-0.9855222105979919,-139.71238708496094,-0.9978837966918945,-0.029901932924985886,-0.057738956063985825,-0.7760257720947266,-0.020352069288492203,0.9870023727416992,-0.1594119369983673,42.66468048095703
0.06213780865073204,-0.15752635896205902,-0.9855578541755676,-139.55282592773438,-0.9978376030921936,-0.031001705676317215,-0.05795687809586525,-0.7808058261871338,-0.02142423950135708,0.9870280623435974,-0.1591120958328247,42.712581634521484
0.06252007186412811,-0.15715284645557404,-0.985593318939209,-139.39324951171875,-0.9977901577949524,-0.03210137411952019,-0.05817519500851631,-0.7855738401412964,-0.022496500983834267,0.9870524406433105,-0.15881255269050598,42.76041793823242
0.06290186941623688,-0.15677887201309204,-0.985628604888916,-139.233642578125,-0.9977414011955261,-0.033200912177562714,-0.058393798768520355,-0.7903296947479248,-0.023568853735923767,0.9870755076408386,-0.1585131585597992,42.808189392089844
0.06328321993350983,-0.156404510140419,-0.985663652420044,-139.0740203857422,-0.9976913332939148,-0.03430032357573509,-0.05861268565058708,-0.7950733304023743,-0.02464129403233528,0.9870973229408264,-0.15821406245231628,42.855899810791016
0.06366433948278427,-0.15602955222129822,-0.9856985211372375,-138.9143829345703,-0.9976400136947632,-0.03539963439106941,-0.058832090348005295,-0.7998046875,-0.02571382187306881,0.9871178269386292,-0.15791502594947815,42.90354537963867
0.0640450045466423,-0.15565423667430878,-0.9857332110404968,-138.7547149658203,-0.9975874423980713,-0.03649881109595299,-0.05905177444219589,-0.8045236468315125,-0.026786433532834053,0.9871370792388916,-0.1576162725687027,42.95112609863281
0.06442520767450333,-0.15527842938899994,-0.9857677221298218,-138.59503173828125,-0.9975335597991943,-0.03759785369038582,-0.05927174165844917,-0.8092301487922668,-0.027859129011631012,0.987155020236969,-0.15731769800186157,42.9986457824707
0.06480494141578674,-0.15490226447582245,-0.9858019948005676,-138.43533325195312,-0.9974784255027771,-0.0386967658996582,-0.05949198454618454,-0.8139241337776184,-0.028931904584169388,0.9871716499328613,-0.15701942145824432,43.04610061645508
0.0651843324303627,-0.15452562272548676,-0.9858360886573792,-138.27561950683594,-0.9974220395088196,-0.03979555517435074,-0.059712622314691544,-0.8186055421829224,-0.03000476397573948,0.9871869683265686,-0.1567213088274002,43.0934944152832
0.06556326150894165,-0.1541486233472824,-0.9858700037002563,-138.11587524414062,-0.997364342212677,-0.04089420288801193,-0.059933532029390335,-0.8232743144035339,-0.03107769414782524,0.9872010350227356,-0.15642349421977997,43.14082336425781
0.065941721200943,-0.1537710279226303,-0.9859037399291992,-137.95611572265625,-0.9973053932189941,-0.04199270159006119,-0.06015472859144211,-0.8279303312301636,-0.03215070441365242,0.9872137904167175,-0.1561257541179657,43.188087463378906
0.06631994247436523,-0.15339307487010956,-0.985937237739563,-137.7963409423828,-0.9972451329231262,-0.043091099709272385,-0.060376424342393875,-0.8325735330581665,-0.03322379291057587,0.9872252941131592,-0.1558282971382141,43.23529052734375
0.06669770181179047,-0.1530146449804306,-0.9859705567359924,-137.6365509033203,-0.997183620929718,-0.04418933764100075,-0.060598403215408325,-0.8372038006782532,-0.03429694101214409,0.987235426902771,-0.15553101897239685,43.28242874145508
0.0670749843120575,-0.152635857462883,-0.9860036969184875,-137.4767303466797,-0.9971207976341248,-0.045287441462278366,-0.06082064285874367,-0.8418211340904236,-0.03537017107009888,0.9872443079948425,-0.15523403882980347,43.329505920410156
0.06745191663503647,-0.15225659310817719,-0.9860365986824036,-137.31689453125,-0.9970567226409912,-0.04638541489839554,-0.06104327738285065,-0.8464254140853882,-0.036443475633859634,0.987251877784729,-0.1549372524023056,43.37651824951172
0.06782837957143784,-0.15187686681747437,-0.9860693216323853,-137.15704345703125,-0.9969913959503174,-0.047483235597610474,-0.061266180127859116,-0.8510165810585022,-0.037516847252845764,0.9872581958770752,-0.15464062988758087,43.423465728759766
0.0682043582201004,-0.1514967828989029,-0.9861018657684326,-136.99717712402344,-0.9969247579574585,-0.04858090728521347,-0.061489351093769073,-0.8555945754051208,-0.03859028220176697,0.9872632026672363,-0.1543443202972412,43.47035217285156
0.06857997924089432,-0.1511162370443344,-0.9861342310905457,-136.8372802734375,-0.9968568682670593,-0.04967844858765602,-0.061712902039289474,-0.8601592779159546,-0.03966379538178444,0.9872668981552124,-0.15404820442199707,43.517173767089844
0.06895525008440018,-0.15073533356189728,-0.9861663579940796,-136.6773681640625,-0.9967876672744751,-0.05077585205435753,-0.061936840415000916,-0.8647106885910034,-0.04073736444115639,0.9872692823410034,-0.1537523865699768,43.563934326171875
0.06933002918958664,-0.15035384893417358,-0.9861983060836792,-136.51744079589844,-0.9967172145843506,-0.051873087882995605,-0.062161047011613846,-0.8692486882209778,-0.04181099683046341,0.9872704148292542,-0.15345662832260132,43.61063003540039
0.06970445811748505,-0.14997200667858124,-0.9862300157546997,-136.3574981689453,-0.996645450592041,-0.052970197051763535,-0.06238562986254692,-0.8737731575965881,-0.0428847037255764,0.9872702360153198,-0.1531611829996109,43.65726089477539
0.07007839530706406,-0.14958971738815308,-0.9862616062164307,-136.19754028320312,-0.9965724349021912,-0.05406714230775833,-0.06261047720909119,-0.8782840967178345,-0.04395845904946327,0.9872688055038452,-0.152865931391716,43.70383071899414
0.07045185565948486,-0.14920707046985626,-0.9862929582595825,-136.0375518798828,-0.996498167514801,-0.055163927376270294,-0.06283558905124664,-0.8827813863754272,-0.045032281428575516,0.9872660040855408,-0.15257097780704498,43.750335693359375
0.07082494348287582,-0.14882396161556244,-0.9863241314888,-135.87754821777344,-0.9964226484298706,-0.05626056715846062,-0.06306107342243195,-0.8872649669647217,-0.04610615596175194,0.987261950969696,-0.15227621793746948,43.79677963256836
0.07119755446910858,-0.1484404057264328,-0.9863550662994385,-135.717529296875,-0.9963458180427551,-0.05735703930258751,-0.06328682601451874,-0.891734778881073,-0.04718008637428284,0.9872565865516663,-0.1519816517829895,43.84315872192383
0.07156979292631149,-0.1480564922094345,-0.9863858222961426,-135.5574951171875,-0.9962676763534546,-0.05845336988568306,-0.06351294368505478,-0.8961907625198364,-0.04825407266616821,0.9872499704360962,-0.1516873985528946,43.88947296142578
0.07194165885448456,-0.1476721167564392,-0.9864163994789124,-135.39743041992188,-0.9961882829666138,-0.05954955145716667,-0.06373944133520126,-0.9006327986717224,-0.049328114837408066,0.9872420430183411,-0.1513933390378952,43.935726165771484
0.07231303304433823,-0.14728717505931854,-0.9864467978477478,-135.2373504638672,-0.9961076378822327,-0.06064555048942566,-0.06396619975566864,-0.905060887336731,-0.0504022091627121,0.9872328042984009,-0.15109935402870178,43.98191452026367
0.0726839229464531,-0.1469019055366516,-0.9864770174026489,-135.07725524902344,-0.9960257411003113,-0.06174139305949211,-0.06419321149587631,-0.9094749093055725,-0.051476359367370605,0.9872222542762756,-0.15080568194389343,44.02804183959961
0.07305443286895752,-0.14651615917682648,-0.986506998538971,-134.91714477539062,-0.9959425330162048,-0.06283707171678543,-0.06442059576511383,-0.9138747453689575,-0.0525505505502224,0.9872104525566101,-0.1505122035741806,44.07410430908203
0.07342445105314255,-0.14613009989261627,-0.9865368008613586,-134.75701904296875,-0.9958580136299133,-0.06393257528543472,-0.06464823335409164,-0.918260395526886,-0.05362478643655777,0.9871973395347595,-0.15021903812885284,44.12010192871094
0.07379421591758728,-0.14574356377124786,-0.9865663647651672,-134.59686279296875,-0.9957723021507263,-0.06502794474363327,-0.06487635523080826,-0.9226317405700684,-0.05469907447695732,0.9871829748153687,-0.1499260812997818,44.166038513183594
0.07416348159313202,-0.14535658061504364,-0.9865958094596863,-134.4366912841797,-0.9956852197647095,-0.06612313538789749,-0.06510472297668457,-0.9269887208938599,-0.055773407220840454,0.987167239189148,-0.14963331818580627,44.211910247802734
0.07453235983848572,-0.14496925473213196,-0.9866249561309814,-134.27650451660156,-0.9955969452857971,-0.06721817702054977,-0.06533346325159073,-0.9313312768936157,-0.05684778839349747,0.987150251865387,-0.14934088289737701,44.257720947265625
0.07490074634552002,-0.1445813775062561,-0.9866539835929871,-134.11630249023438,-0.9955073595046997,-0.06831301748752594,-0.06556245684623718,-0.9356592893600464,-0.05792219936847687,0.9871320128440857,-0.14904852211475372,44.303466796875
0.07526863366365433,-0.14419305324554443,-0.9866828322410583,-133.95606994628906,-0.995416522026062,-0.06940767914056778,-0.06579169631004333,-0.9399727582931519,-0.05899665877223015,0.9871124029159546,-0.14875636994838715,44.349151611328125
0.07563626021146774,-0.1438043862581253,-0.9867114424705505,-133.7958221435547,-0.9953243732452393,-0.07050219923257828,-0.06602141261100769,-0.9442715644836426,-0.06007115915417671,0.9870915412902832,-0.14846453070640564,44.394771575927734
0.07600338011980057,-0.14341527223587036,-0.9867398738861084,-133.63555908203125,-0.9952309727668762,-0.07159652560949326,-0.06625138223171234,-0.948555588722229,-0.061145685613155365,0.9870693683624268,-0.14817290008068085,44.440330505371094
0.07637011259794235,-0.14302583038806915,-0.9867680668830872,-133.47528076171875,-0.9951363205909729,-0.0726906806230545,-0.06648170202970505,-0.9528248310089111,-0.062220241874456406,0.98704594373703,-0.14788159728050232,44.48582458496094
0.07673633843660355,-0.14263595640659332,-0.9867960810661316,-133.3149871826172,-0.9950403571128845,-0.07378464192152023,-0.06671227514743805,-0.9570791721343994,-0.06329482793807983,0.9870212078094482,-0.1475904881954193,44.531253814697266
0.0771021768450737,-0.14224562048912048,-0.9868239164352417,-133.1546630859375,-0.9949431419372559,-0.07487843185663223,-0.0669431984424591,-0.9613185524940491,-0.06436945497989655,0.9869951605796814,-0.1472996026277542,44.576622009277344
0.07746762782335281,-0.14185497164726257,-0.9868515133857727,-132.99432373046875,-0.9948446154594421,-0.0759720578789711,-0.06717447936534882,-0.9655429124832153,-0.06544411182403564,0.9869678020477295,-0.14700902998447418,44.621925354003906
0.07783257216215134,-0.14146387577056885,-0.9868789315223694,-132.83396911621094,-0.9947448372840881,-0.07706549018621445,-0.06740600615739822,-0.9697521924972534,-0.06651879847049713,0.9869391322135925,-0.14671868085861206,44.66716766357422
0.07819712162017822,-0.1410723477602005,-0.9869061708450317,-132.67359924316406,-0.9946438074111938,-0.07815875858068466,-0.06763788312673569,-0.9739462733268738,-0.0675935223698616,0.9869092106819153,-0.14642852544784546,44.712345123291016
0.07856115698814392,-0.1406802535057068,-0.9869332313537598,-132.51321411132812,-0.9945415258407593,-0.07925180345773697,-0.06787000596523285,-0.9781250953674316,-0.06866826862096786,0.9868780374526978,-0.14613847434520721,44.75746154785156
0.07892479747533798,-0.140287846326828,-0.9869600534439087,-132.35279846191406,-0.9944379329681396,-0.08034468442201614,-0.06810247898101807,-0.9822885990142822,-0.06974304467439651,0.9868454933166504,-0.14584875106811523,44.802513122558594
0.0792880430817604,-0.1398949921131134,-0.9869866967201233,-132.19236755371094,-0.9943330883979797,-0.0814373791217804,-0.06833530962467194,-0.9864367246627808,-0.07081784307956696,0.9868116974830627,-0.14555923640727997,44.847503662109375
0.0796508938074112,-0.13950182497501373,-0.9870131611824036,-132.03192138671875,-0.9942269325256348,-0.08252988010644913,-0.06856848299503326,-0.9905693531036377,-0.071892648935318,0.98677659034729,-0.14527004957199097,44.89242935180664
0.0800132304430008,-0.13910822570323944,-0.9870393872261047,-131.8714599609375,-0.9941195249557495,-0.08362217992544174,-0.0688018947839737,-0.9946864247322083,-0.07296747714281082,0.986740231513977,-0.14498108625411987,44.937294006347656
0.08037516474723816,-0.13871419429779053,-0.9870654344558716,-131.7109832763672,-0.994010865688324,-0.08471429347991943,-0.06903564929962158,-0.9987878799438477,-0.07404232770204544,0.9867025017738342,-0.1446923315525055,44.982093811035156
0.08073657751083374,-0.138319730758667,-0.9870913028717041,-131.5504913330078,-0.9939008951187134,-0.08580618351697922,-0.06926964968442917,-1.0028736591339111,-0.07511717826128006,0.9866635203361511,-0.14440380036830902,45.026832580566406
0.08109770715236664,-0.13792482018470764,-0.9871169924736023,-131.3899688720703,-0.9937896728515625,-0.08689790964126587,-0.06950411200523376,-1.006943702697754,-0.07619205862283707,0.9866232872009277,-0.14411547780036926,45.07150650024414
0.08145831525325775,-0.13752949237823486,-0.9871424436569214,-131.22943115234375,-0.9936771988868713,-0.0879894271492958,-0.06973879784345627,-1.0109978914260864,-0.07726695388555527,0.9865817427635193,-0.1438273936510086,45.11611557006836
0.08181852102279663,-0.13713373243808746,-0.9871677160263062,-131.06887817382812,-0.9935634136199951,-0.08908074349164963,-0.06997384130954742,-1.0150362253189087,-0.07834185659885406,0.9865388870239258,-0.14353950321674347,45.16066360473633
0.08217819780111313,-0.136737659573555,-0.9871927499771118,-130.90830993652344,-0.9934483766555786,-0.09017185866832733,-0.0702090933918953,-1.0190585851669312,-0.07941678166389465,0.9864947199821472,-0.14325197041034698,45.20514678955078
0.08253747224807739,-0.1363411545753479,-0.9872176051139832,-130.7477264404297,-0.9933320879936218,-0.09126278758049011,-0.07044469565153122,-1.0230648517608643,-0.08049172163009644,0.9864493012428284,-0.14296464622020721,45.249568939208984
0.08289632946252823,-0.13594423234462738,-0.9872422814369202,-130.58712768554688,-0.99321448802948,-0.09235353022813797,-0.070680633187294,-1.027055025100708,-0.08156668394804001,0.9864025712013245,-0.14267754554748535,45.29392623901367
0.08325478434562683,-0.13554687798023224,-0.9872667789459229,-130.42649841308594,-0.9930956363677979,-0.09344404190778732,-0.07091692090034485,-1.0310289859771729,-0.08264163136482239,0.9863545298576355,-0.1423906683921814,45.33822250366211
0.08361271023750305,-0.13514910638332367,-0.9872910380363464,-130.26585388183594,-0.9929755330085754,-0.09453433752059937,-0.0711534321308136,-1.0349866151809692,-0.08371658623218536,0.9863052368164062,-0.14210402965545654,45.38245391845703
0.08397021889686584,-0.13475102186203003,-0.9873151183128357,-130.10519409179688,-0.9928541779518127,-0.09562445431947708,-0.07139026373624802,-1.0389279127120972,-0.08479156345129013,0.9862545728683472,-0.14181771874427795,45.4266242980957
0.0843273177742958,-0.13435252010822296,-0.9873390197753906,-129.94451904296875,-0.992731511592865,-0.09671434760093689,-0.07162744551897049,-1.042852759361267,-0.0858665257692337,0.9862026572227478,-0.14153163135051727,45.47072982788086
0.08468399941921234,-0.13395346701145172,-0.9873626828193665,-129.78382873535156,-0.992607593536377,-0.09780401736497879,-0.07186497747898102,-1.046761155128479,-0.08694147318601608,0.9861494898796082,-0.14124566316604614,45.514774322509766
0.0850401520729065,-0.13355401158332825,-0.987386167049408,-129.6231231689453,-0.9924823641777039,-0.09889345616102219,-0.07210272550582886,-1.0506529808044434,-0.08801642805337906,0.9860950112342834,-0.14095991849899292,45.558753967285156
0.08539588749408722,-0.13315412402153015,-0.9874094724655151,-129.46238708496094,-0.9923559427261353,-0.09998269379138947,-0.07234080880880356,-1.0545281171798706,-0.08909138292074203,0.9860392808914185,-0.1406743973493576,45.6026725769043
0.08575119823217392,-0.13275395333766937,-0.987432599067688,-129.3016357421875,-0.9922282099723816,-0.10107171535491943,-0.07257921993732452,-1.0583865642547607,-0.09016633033752441,0.9859821796417236,-0.14038923382759094,45.64652633666992
0.08610609173774719,-0.13235335052013397,-0.9874554872512817,-129.140869140625,-0.9920991659164429,-0.10216053575277328,-0.07281795889139175,-1.0622282028198242,-0.0912412777543068,0.9859238266944885,-0.1401042938232422,45.6903190612793
0.08646056056022644,-0.13195231556892395,-0.9874781966209412,-128.98008728027344,-0.9919688701629639,-0.10324913263320923,-0.07305703312158585,-1.066053032875061,-0.09231621772050858,0.9858641624450684,-0.13981957733631134,45.734046936035156
0.08681449294090271,-0.1315508931875229,-0.9875006675720215,-128.8192901611328,-0.9918373823165894,-0.10433748364448547,-0.07329632341861725,-1.0698609352111816,-0.09339114278554916,0.9858032464981079,-0.1395350992679596,45.777713775634766
0.08716800063848495,-0.1311490535736084,-0.9875230193138123,-128.65847778320312,-0.991704523563385,-0.105425626039505,-0.07353594154119492,-1.0736517906188965,-0.09446606040000916,0.9857410192489624,-0.13925085961818695,45.82131576538086
0.08752120286226273,-0.1307467818260193,-0.9875450730323792,-128.49765014648438,-0.9915704727172852,-0.10651357471942902,-0.0737760066986084,-1.0774255990982056,-0.09554098546504974,0.9856774806976318,-0.13896684348583221,45.8648567199707
