0.054407257586717606,0.16490454971790314,-0.9848077893257141,-142.74038696289062,-0.9985188245773315,0.008985176682472229,-0.05366019532084465,-0.6830098628997803,-1.387211767678309e-07,0.9862685799598694,0.16514916718006134,58.2574577331543
0.05555230379104614,0.1639641523361206,-0.9849008321762085,-142.58558654785156,-0.9984555244445801,0.009809567593038082,-0.05468376725912094,-0.6212632060050964,0.0006952740950509906,0.9864175319671631,0.16425585746765137,58.25572204589844
0.056696534156799316,0.16302281618118286,-0.9849919080734253,-142.4308624267578,-0.9983904957771301,0.010632968507707119,-0.05570793151855469,-0.5593401193618774,0.0013917242176830769,0.9865649938583374,0.1633632779121399,58.254093170166016
0.05784018337726593,0.16208043694496155,-0.9850809574127197,-142.2761993408203,-0.9983236789703369,0.011455411091446877,-0.05673293024301529,-0.4972406029701233,0.00208920962177217,0.9867110848426819,0.16247130930423737,58.25257110595703
0.05898301303386688,0.16113699972629547,-0.985167920589447,-142.12161254882812,-0.9982550740242004,0.012276853434741497,-0.05775851383805275,-0.434964656829834,0.002787728561088443,0.986855685710907,0.16157996654510498,58.251155853271484
0.06012513488531113,0.16019253432750702,-0.9852529168128967,-141.96710205078125,-0.9981847405433655,0.013097313232719898,-0.05878480523824692,-0.3725123107433319,0.003487279172986746,0.9869989156723022,0.16068921983242035,58.24984359741211
0.06126642972230911,0.15924690663814545,-0.9853358864784241,-141.81265258789062,-0.998112678527832,0.013916762545704842,-0.059811681509017944,-0.30988359451293945,0.0041878605261445045,0.9871407151222229,0.1597989946603775,58.24863815307617
0.06240701302886009,0.1583002507686615,-0.9854168891906738,-141.6582794189453,-0.9980388283729553,0.014735223725438118,-0.06083925813436508,-0.24707849323749542,0.004889468662440777,0.987281084060669,0.1589093804359436,58.247535705566406
0.06354688107967377,0.15735255181789398,-0.9854958057403564,-141.50396728515625,-0.9979631900787354,0.015552695840597153,-0.06186752766370773,-0.184097021818161,0.005592102650552988,0.9874200224876404,0.15802037715911865,58.24654006958008
0.06468591094017029,0.15640370547771454,-0.9855727553367615,-141.3497314453125,-0.9978858232498169,0.016369150951504707,-0.06289637833833694,-0.1209392100572586,0.0062957629561424255,0.9875575304031372,0.15713189542293549,58.24564743041992
0.06582421809434891,0.15545383095741272,-0.9856476187705994,-141.19557189941406,-0.9978066682815552,0.017184613272547722,-0.06392591446638107,-0.057605065405368805,0.007000444456934929,0.9876936674118042,0.15624403953552246,58.2448616027832
0.06696192175149918,0.15450292825698853,-0.9857205152511597,-141.04148864746094,-0.997725784778595,0.01799909584224224,-0.06495626270771027,0.005905419588088989,0.007706146687269211,0.9878283739089966,0.15535679459571838,58.244178771972656
0.0680987760424614,0.1535508632659912,-0.9857913851737976,-140.88746643066406,-0.9976431131362915,0.018812555819749832,-0.06598717719316483,0.06959221512079239,0.008412867784500122,0.9879616498947144,0.15447008609771729,58.24359893798828
0.06923478096723557,0.1525977998971939,-0.985860288143158,-140.7335205078125,-0.9975587129592896,0.019624996930360794,-0.06701865047216415,0.1334552764892578,0.009120605885982513,0.9880934953689575,0.15358398854732513,58.243125915527344
0.07037004828453064,0.15164358913898468,-0.9859271049499512,-140.57965087890625,-0.9974725246429443,0.020436426624655724,-0.0680508092045784,0.19749461114406586,0.009829359129071236,0.9882239699363708,0.15269842743873596,58.24275588989258
0.07150458544492722,0.15068835020065308,-0.9859919548034668,-140.4258575439453,-0.9973846077919006,0.021246854215860367,-0.06908364593982697,0.26171019673347473,0.010539126582443714,0.9883529543876648,0.15181349217891693,58.242488861083984
0.0726383775472641,0.14973197877407074,-0.9860547780990601,-140.27212524414062,-0.9972949028015137,0.02205626480281353,-0.07011715322732925,0.32610201835632324,0.011249905452132225,0.9884805679321289,0.1509290635585785,58.24232482910156
0.07377142459154129,0.14877459406852722,-0.986115574836731,-140.11846923828125,-0.9972034096717834,0.02286466769874096,-0.07115133106708527,0.3906700909137726,0.011961694806814194,0.9886067509651184,0.15004529058933258,58.24226379394531
0.07490360736846924,0.14781607687473297,-0.9861743450164795,-139.9648895263672,-0.9971102476119995,0.023672034963965416,-0.07218606024980545,0.455414354801178,0.012674493715167046,0.9887315034866333,0.14916205406188965,58.242305755615234
0.0760350376367569,0.14685668051242828,-0.9862310886383057,-139.81138610839844,-0.9970152378082275,0.024478396400809288,-0.07322145253419876,0.5203348398208618,0.013388296589255333,0.9888548851013184,0.1482795625925064,58.24245071411133
0.07716571539640427,0.14589625597000122,-0.9862858057022095,-139.657958984375,-0.9969185590744019,0.02528374455869198,-0.0742575079202652,0.5854314565658569,0.014103107154369354,0.988976776599884,0.1473977267742157,58.242698669433594
0.07829563319683075,0.14493471384048462,-0.9863385558128357,-139.50460815429688,-0.9968200325965881,0.026088062673807144,-0.07529421895742416,0.6507042050361633,0.014818915165960789,0.9890972375869751,0.14651641249656677,58.24304962158203
0.07942467927932739,0.14397217333316803,-0.9863892197608948,-139.35133361816406,-0.9967197775840759,0.026891345158219337,-0.0763314738869667,0.716153085231781,0.01553572528064251,0.9892162680625916,0.14563575387001038,58.24350357055664
0.08055295050144196,0.1430085152387619,-0.9864379167556763,-139.19813537597656,-0.9966177940368652,0.027693595737218857,-0.07736937701702118,0.78177809715271,0.016253534704446793,0.9893339276313782,0.14475563168525696,58.24406051635742
0.08168046176433563,0.1420438438653946,-0.9864845871925354,-139.04501342773438,-0.9965140223503113,0.028494825586676598,-0.07840792834758759,0.8475791811943054,0.016972340643405914,0.9894501566886902,0.14387616515159607,58.24471664428711
0.08280708640813828,0.14107830822467804,-0.9865292310714722,-138.8919677734375,-0.9964085221290588,0.029295017942786217,-0.07944700866937637,0.9135563373565674,0.017692139372229576,0.9895648956298828,0.14299747347831726,58.24547576904297
0.08393305540084839,0.1401117742061615,-0.9865717887878418,-138.73899841308594,-0.9963012337684631,0.030094195157289505,-0.08048684895038605,0.9797095060348511,0.01841292902827263,0.9896782636642456,0.14211943745613098,58.246337890625
0.08505813032388687,0.13914412260055542,-0.9866123795509338,-138.5861053466797,-0.996192216873169,0.03089231625199318,-0.0815272182226181,1.0460387468338013,0.019134707748889923,0.989790141582489,0.14124193787574768,58.24729919433594
0.08618242293596268,0.13817548751831055,-0.9866509437561035,-138.43328857421875,-0.9960814714431763,0.03168940544128418,-0.0825682207942009,1.1125439405441284,0.01985747739672661,0.9899006485939026,0.1403651088476181,58.24836349487305
0.08730581402778625,0.13720586895942688,-0.9866874814033508,-138.28054809570312,-0.9959689378738403,0.032485440373420715,-0.08360974490642548,1.1792250871658325,0.020581232383847237,0.9900097250938416,0.13948895037174225,58.24952697753906
0.08842842280864716,0.13623514771461487,-0.9867220520973206,-138.1278839111328,-0.9958546161651611,0.03328043594956398,-0.0846518948674202,1.2460821866989136,0.021305974572896957,0.9901173710823059,0.13861334323883057,58.25079345703125
0.08955036103725433,0.13526354730129242,-0.9867545366287231,-137.9752960205078,-0.9957385659217834,0.034074410796165466,-0.08569478988647461,1.3131152391433716,0.022031698375940323,0.9902235865592957,0.13773851096630096,58.252159118652344
0.09067138284444809,0.13429073989391327,-0.9867850542068481,-137.82278442382812,-0.9956207871437073,0.034867312759160995,-0.08673819899559021,1.380324125289917,0.022758405655622482,0.9903283715248108,0.13686412572860718,58.253623962402344
0.09179161489009857,0.13331696391105652,-0.986813485622406,-137.67034912109375,-0.9955012202262878,0.035659171640872955,-0.08778223395347595,1.4477089643478394,0.023486092686653137,0.9904317259788513,0.13599041104316711,58.255191802978516
0.09291104227304459,0.13234230875968933,-0.9868399500846863,-137.51800537109375,-0.9953799247741699,0.03644999861717224,-0.08882687985897064,1.5152696371078491,0.024214759469032288,0.9905336499214172,0.13511748611927032,58.256858825683594
0.09402955323457718,0.13136646151542664,-0.9868643879890442,-137.36573791503906,-0.9952568411827087,0.037239741533994675,-0.08987202495336533,1.5830061435699463,0.024944404140114784,0.9906341433525085,0.13424500823020935,58.25862503051758
0.09514725208282471,0.13038963079452515,-0.9868867993354797,-137.2135467529297,-0.9951320290565491,0.03802843391895294,-0.09091778844594955,1.6509183645248413,0.02567502111196518,0.99073326587677,0.1333732008934021,58.26049041748047
0.09626414626836777,0.1294119507074356,-0.9869071841239929,-137.06143188476562,-0.9950054883956909,0.03881608694791794,-0.09196416288614273,1.7190064191818237,0.026406612247228622,0.9908308982849121,0.13250219821929932,58.262454986572266
0.09738022834062576,0.1284331977367401,-0.9869255423545837,-136.90939331054688,-0.9948771595954895,0.039602674543857574,-0.09301114082336426,1.787270188331604,0.027139171957969666,0.9909271001815796,0.1316317766904831,58.26451873779297
0.0984954982995987,0.12745346128940582,-0.9869418740272522,-136.7574462890625,-0.9947471022605896,0.04038820415735245,-0.09405872225761414,1.8557096719741821,0.02787270024418831,0.9910218715667725,0.1307620257139206,58.26668167114258
0.09960982948541641,0.12647290527820587,-0.9869561791419983,-136.60557556152344,-0.9946152567863464,0.04117267206311226,-0.09510678052902222,1.924324870109558,0.028607189655303955,0.9911152124404907,0.12989307940006256,58.268943786621094
0.10072333365678787,0.12549114227294922,-0.986968457698822,-136.4537811279297,-0.9944816827774048,0.04195605218410492,-0.09615544974803925,1.9931156635284424,0.029342645779252052,0.9912071824073792,0.12902459502220154,58.271305084228516
0.10183601826429367,0.12450853735208511,-0.9869787693023682,-136.3020782470703,-0.9943463802337646,0.04273838922381401,-0.09720470756292343,2.062082052230835,0.030079064890742302,0.9912976622581482,0.12815691530704498,58.273765563964844
0.10294787585735321,0.12352485954761505,-0.9869869947433472,-136.15045166015625,-0.9942092895507812,0.04351964220404625,-0.09825456142425537,2.1312241554260254,0.030816439539194107,0.9913867115974426,0.127289816737175,58.27632522583008
0.1040588915348053,0.12254034727811813,-0.9869931936264038,-135.9989013671875,-0.9940704703330994,0.04429984465241432,-0.09930498898029327,2.2005417346954346,0.031554777175188065,0.9914743304252625,0.12642353773117065,58.27898406982422
0.10516908019781113,0.12155476957559586,-0.9869974255561829,-135.84744262695312,-0.9939298629760742,0.04507897049188614,-0.10035601258277893,2.2700347900390625,0.03229407221078873,0.9915605783462524,0.1255578249692917,58.28173828125
0.1062784343957901,0.12056811898946762,-0.9869996309280396,-135.69606018066406,-0.9937875270843506,0.04585700482130051,-0.10140762478113174,2.3397035598754883,0.0330343171954155,0.991645336151123,0.12469270825386047,58.28459167480469
0.10738682001829147,0.11958064883947372,-0.9869997501373291,-135.54476928710938,-0.9936434626579285,0.046633969992399216,-0.10245969146490097,2.409547805786133,0.03377551957964897,0.991728663444519,0.12382840365171432,58.28754425048828
0.1084943637251854,0.11859223991632462,-0.9869979023933411,-135.3935546875,-0.9934976100921631,0.04740985482931137,-0.10351233184337616,2.479567289352417,0.034517668187618256,0.9918105602264404,0.12296480685472488,58.290592193603516
0.10960106551647186,0.11760276556015015,-0.9869940280914307,-135.24241638183594,-0.9933500289916992,0.048184651881456375,-0.10456554591655731,2.54976224899292,0.03526076674461365,0.9918910264968872,0.1221018061041832,58.293739318847656
0.11070679128170013,0.11661224812269211,-0.9869881272315979,-135.09136962890625,-0.9932007193565369,0.04895835369825363,-0.10561922192573547,2.6201326847076416,0.036004822701215744,0.9919701218605042,0.12123938649892807,58.29698181152344
0.11181166023015976,0.11562078446149826,-0.9869802594184875,-134.94039916992188,-0.9930496215820312,0.04973096773028374,-0.106673464179039,2.690678358078003,0.036749813705682755,0.9920477271080017,0.12037768214941025,58.300323486328125
0.11291567981243134,0.11462850868701935,-0.9869703054428101,-134.78952026367188,-0.9928968548774719,0.050502512603998184,-0.1077282577753067,2.761399269104004,0.037495750933885574,0.9921239018440247,0.11951681226491928,58.30376052856445
0.11401882767677307,0.11363518983125687,-0.9869583249092102,-134.63873291015625,-0.9927422404289246,0.051272958517074585,-0.10878361761569977,2.8322954177856445,0.03824262693524361,0.992198646068573,0.11865653842687607,58.30729293823242
0.11512111872434616,0.11264093965291977,-0.9869443774223328,-134.48802185058594,-0.9925859570503235,0.05204232037067413,-0.1098395362496376,2.903366804122925,0.03899044543504715,0.9922719597816467,0.11779697984457016,58.31092071533203
0.11622253805398941,0.11164575815200806,-0.9869283437728882,-134.33740234375,-0.9924278855323792,0.052810583263635635,-0.11089600622653961,2.9746134281158447,0.03973919153213501,0.9923438429832458,0.11693814396858215,58.31464767456055
0.11732308566570282,0.11064966022968292,-0.9869102835655212,-134.18685913085938,-0.9922680854797363,0.05357775464653969,-0.11195302754640579,3.0460352897644043,0.040488872677087784,0.9924142956733704,0.11608003079891205,58.3184700012207
0.11842264235019684,0.10965263843536377,-0.9868902564048767,-134.03640747070312,-0.992106556892395,0.0543438196182251,-0.113010473549366,3.1176321506500244,0.04123948886990547,0.9924832582473755,0.11522264033555984,58.3223876953125
0.11952132731676102,0.10865458846092224,-0.9868682026863098,-133.88604736328125,-0.9919432401657104,0.055108778178691864,-0.11406847089529037,3.189404249191284,0.041991036385297775,0.9925508499145508,0.11436586081981659,58.32640075683594
0.12061912566423416,0.1076556146144867,-0.9868441224098206,-133.7357635498047,-0.9917781949043274,0.055872637778520584,-0.11512701213359833,3.2613513469696045,0.042743511497974396,0.9926170110702515,0.11350980401039124,58.330509185791016
0.12171603739261627,0.10665573179721832,-0.9868180155754089,-133.5855712890625,-0.9916114211082458,0.05663539096713066,-0.11618608981370926,3.3334734439849854,0.043496910482645035,0.9926817417144775,0.11265447735786438,58.334712982177734
0.12281206250190735,0.10565494000911713,-0.986789882183075,-133.4354705810547,-0.9914429187774658,0.05739705637097359,-0.11724569648504257,3.4057705402374268,0.044251248240470886,0.9927449822425842,0.11179988831281662,58.339012145996094
0.12390708178281784,0.10465312749147415,-0.9867597222328186,-133.2854461669922,-0.9912726283073425,0.058157581835985184,-0.11830572783946991,3.4782426357269287,0.04500649869441986,0.9928068518638611,0.1109459176659584,58.343406677246094
0.12500132620334625,0.10365051031112671,-0.9867275357246399,-133.13551330566406,-0.9911006093025208,0.05891703814268112,-0.11936639249324799,3.550889492034912,0.04576267674565315,0.9928672313690186,0.11009279638528824,58.34789276123047
0.12609466910362244,0.10264676809310913,-0.9866933822631836,-132.9856719970703,-0.9909268617630005,0.05967535078525543,-0.12042759358882904,3.623711347579956,0.046519771218299866,0.9929262399673462,0.10924018174409866,58.352474212646484
0.1271871030330658,0.10164199769496918,-0.9866571426391602,-132.83590698242188,-0.9907513856887817,0.06043253839015961,-0.12148933112621307,3.6967079639434814,0.0472777783870697,0.9929838180541992,0.10838818550109863,58.35715103149414
0.12827864289283752,0.1006365641951561,-0.9866189360618591,-132.6862335205078,-0.9905741214752197,0.06118863821029663,-0.1225515678524971,3.7698793411254883,0.04803670197725296,0.9930399060249329,0.1075371727347374,58.36191940307617
0.12936915457248688,0.09963024407625198,-0.986578643321991,-132.53665161132812,-0.9903951287269592,0.06194361671805382,-0.12361419945955276,3.8432254791259766,0.04879653826355934,0.9930945634841919,0.10668690502643585,58.366783142089844
0.1304587572813034,0.09862291067838669,-0.9865363836288452,-132.3871612548828,-0.9902144074440002,0.06269747018814087,-0.12467734515666962,3.9167463779449463,0.04955729469656944,0.9931477904319763,0.10583726316690445,58.371742248535156
0.1315474510192871,0.09761468321084976,-0.9864920973777771,-132.23776245117188,-0.9900319576263428,0.06345021724700928,-0.12574100494384766,3.9904417991638184,0.050318967550992966,0.9931995868682861,0.10498837381601334,58.376792907714844
0.1326352208852768,0.0966055765748024,-0.9864457845687866,-132.0884552001953,-0.9898477792739868,0.06420182436704636,-0.1268051713705063,4.064311981201172,0.05108153447508812,0.9932499527931213,0.10414023697376251,58.381935119628906
0.13372206687927246,0.0955955758690834,-0.9863974452018738,-131.93922424316406,-0.9896618127822876,0.0649523213505745,-0.12786982953548431,4.138356685638428,0.0518450103700161,0.9932988882064819,0.10329285264015198,58.38717269897461
0.13480788469314575,0.09458458423614502,-0.9863470792770386,-131.7900848388672,-0.9894741177558899,0.06570166349411011,-0.12893487513065338,4.212575912475586,0.0526093915104866,0.9933463931083679,0.10244610160589218,58.39250183105469
0.13589288294315338,0.0935727059841156,-0.9862947463989258,-131.6410369873047,-0.9892847537994385,0.06644989550113678,-0.1300005465745926,4.2869696617126465,0.053374677896499634,0.9933924674987793,0.10160011053085327,58.39792251586914
0.1369769424200058,0.0925598293542862,-0.9862403273582458,-131.49208068847656,-0.989093542098999,0.06719697266817093,-0.1310667097568512,4.361537933349609,0.0541408509016037,0.9934371113777161,0.1007547676563263,58.403438568115234
0.1380600780248642,0.09154608100652695,-0.9861839413642883,-131.3432159423828,-0.9889006614685059,0.06794292479753494,-0.1321333646774292,4.436280250549316,0.05490792915225029,0.9934802651405334,0.0999101847410202,58.4090461730957
0.13914215564727783,0.09053146094083786,-0.9861255288124084,-131.19444274902344,-0.9887060523033142,0.06868772953748703,-0.13320037722587585,4.511197090148926,0.055675897747278214,0.993522047996521,0.099066361784935,58.41474533081055
0.1402234137058258,0.08951596915721893,-0.9860650300979614,-131.04576110839844,-0.9885096549987793,0.06943140923976898,-0.13426800072193146,4.5862884521484375,0.05644476041197777,0.9935623407363892,0.09822330623865128,58.420536041259766
0.14130373299121857,0.08849971741437912,-0.9860025644302368,-130.8971710205078,-0.9883115887641907,0.07017397880554199,-0.13533608615398407,4.661553859710693,0.05721451714634895,0.9936012625694275,0.09738114476203918,58.42641830444336
0.14238297939300537,0.0874825045466423,-0.9859380722045898,-130.74867248535156,-0.9881117343902588,0.07091537117958069,-0.13640454411506653,4.736993312835693,0.057985156774520874,0.9936386942863464,0.09653963148593903,58.43239212036133
0.14346127212047577,0.08646441996097565,-0.9858715534210205,-130.6002655029297,-0.9879101514816284,0.07165563106536865,-0.137473464012146,4.812607288360596,0.05875668674707413,0.9936746954917908,0.09569888561964035,58.43845748901367
0.14453861117362976,0.08544547855854034,-0.9858030676841736,-130.4519500732422,-0.9877068996429443,0.07239475101232529,-0.13854286074638367,4.888395309448242,0.059529103338718414,0.9937092661857605,0.09485892206430435,58.44461441040039
0.14561499655246735,0.08442556113004684,-0.9857324957847595,-130.30372619628906,-0.987501859664917,0.0731327086687088,-0.13961273431777954,4.964357376098633,0.06030240282416344,0.9937424063682556,0.09401961416006088,58.45085906982422
0.14669041335582733,0.08340490609407425,-0.9856599569320679,-130.1555938720703,-0.9872950911521912,0.07386953383684158,-0.14068305492401123,5.040493488311768,0.06107658892869949,0.9937740564346313,0.09318120777606964,58.45719528198242
0.1477648764848709,0.0823831632733345,-0.9855853915214539,-130.007568359375,-0.9870865941047668,0.07460518181324005,-0.14175385236740112,5.1168036460876465,0.06185164302587509,0.9938043355941772,0.09234333783388138,58.463623046875
0.1488383710384369,0.08136069029569626,-0.9855087995529175,-129.85963439941406,-0.986876368522644,0.07533968240022659,-0.14282509684562683,5.193287372589111,0.06262756884098053,0.9938331842422485,0.09150637686252594,58.47014236450195
0.14991089701652527,0.08033725619316101,-0.9854301810264587,-129.7117919921875,-0.9866644144058228,0.07607300579547882,-0.14389678835868835,5.26994514465332,0.06340436637401581,0.9938605427742004,0.09067008644342422,58.476749420166016
0.15098243951797485,0.07931298017501831,-0.9853495359420776,-129.5640411376953,-0.9864506721496582,0.07680518925189972,-0.1449689418077469,5.346776485443115,0.06418204307556152,0.9938865303993225,0.08983457833528519,58.48344802856445
0.1520531326532364,0.07828783988952637,-0.985266923904419,-129.4163818359375,-0.9862352609634399,0.07753624767065048,-0.1460416615009308,5.423781871795654,0.06496060639619827,0.9939110279083252,0.08899985998868942,58.490234375
0.15312272310256958,0.07726176083087921,-0.9851822257041931,-129.26882934570312,-0.9860181212425232,0.07826610654592514,-0.14711470901966095,5.500960826873779,0.06574003398418427,0.9939340949058533,0.08816581219434738,58.49711227416992
