1.000000045898739,-1.1814229603041599e-09,3.203019904862714e-09,0.0,-1.1814229603041599e-09,0.9999999927134224,5.622162025575446e-10,0.0,3.203019904862714e-09,5.622162025575446e-10,0.9999999557337369,0.0
0.9999990709377415,0.0010161990897785498,0.0009064761923334996,0.15604863949548076,-0.0010169949476884672,0.999999085066591,0.000874334868473969,-0.05323293296772125,-0.0009055802625809184,-0.0008752553401384297,0.9999991939096408,-0.024370243554827198
0.9999963112747077,0.002031517360016964,0.0018136807246998399,0.312013971539983,-0.0020346871742122357,0.9999964070576408,0.0017477317210586707,-0.10664618531972359,-0.0018101245599400073,-0.0017514153009041966,0.9999967987275831,-0.048834835992956016
0.9999917015166915,0.003046188289886443,0.002721737511742761,0.46791102310780275,-0.0030533228891479153,0.9999919119392303,0.0026202284131722174,-0.16023892686713737,-0.0027137396080624265,-0.0026285165604885558,0.9999928708435709,-0.07339629355813315
0.9999851720322018,0.004059977371301569,0.003630643789799798,0.6237247672246156,-0.0040726561106618694,0.9999855867396591,0.003491783908088875,-0.21401198779883135,-0.0036163986386737457,-0.003506518080331464,0.999987289851394,-0.09805210000661901
0.9999768418943407,0.0050729917743268585,0.004540388947102514,0.779455832285322,-0.00509280310539988,0.9999774970557718,0.0043624142532818775,-0.26796533835609626,-0.0045181518076112814,-0.004385435917325847,0.9999801783969614,-0.12279849275458332
0.9999666335027241,0.00608511425453255,0.005451096712258546,0.9351186136709657,-0.006113644363805373,0.999967636401718,0.005232098847031119,-0.32209811859241366,-0.005419061663944458,-0.005265249494783297,0.9999714553276182,-0.14764175009403147
0.9999546265188506,0.007096462393537908,0.006362633812852542,1.0906987152008867,-0.007135291955887874,0.9999559515443064,0.006100852711389702,-0.37641117357521203,-0.006319050895111977,-0.006145974488328654,0.9999611429596225,-0.17257559359906338
0.9999407031446838,0.008107032676455177,0.007275014973639082,1.246210533055745,-0.008157744927952928,0.9999424422808543,0.006968675727145818,-0.4309036582370638,-0.007218099776014841,-0.007027609365110404,0.9999492388273368,-0.19760630169559334
0.9999249600159802,0.009116700761052088,0.00818834441732394,1.4016396686560881,-0.009180885200987712,0.9999271614391877,0.007835545671125002,-0.48557637300812573,-0.008116315139918062,-0.007910133776365846,0.999935725478833,-0.22272759555603727
0.9999073025580979,0.01012558442120684,0.009102513289978992,1.5569854916080317,-0.010204823414458001,0.9999100557861155,0.008701480236006183,-0.5404293104493822,-0.009013575390064754,-0.008793562249552078,0.9999206815760247,-0.24794323742951008
0.999887852504953,0.011133797933663037,0.010017511048297428,1.7122486323054602,-0.01122967955478,0.999891191323848,0.009566492440984805,-0.5954624779998507,-0.009909916019217535,-0.009677913447997954,0.9999040484498765,-0.27324946506688974
0.999866525659468,0.012141102670568227,0.010933472064143523,1.8674441161234938,-0.012255211359904965,0.9998704951589591,0.010430546805259077,-0.6506750157124825,-0.010805398471856908,-0.010563145525250284,0.9998858036000324,-0.2986487944441478
0.9998433926255335,0.013147495741139825,0.011850234715041763,2.0225562836949678,-0.013281408147352318,0.9998480268078087,0.011293638130557015,-0.7060677091394041,-0.011699959027379747,-0.011449256108682415,0.9998659740899272,-0.3241424712319372
0.9998183304969342,0.01415309071223611,0.012767955192646119,2.17758576541371,-0.014308402875247577,0.9998237328345221,0.012155781963745024,-0.7616405657196319,-0.0125936526484286,-0.012336262326303804,0.999844594200001,-0.3497267331811358
0.9997914710375937,0.015157891876657156,0.013686495911655217,2.332532560080324,-0.015336181618182839,0.999797673160825,0.013016981118387267,-0.817393563134531,-0.013486410746930355,-0.013224163952656631,0.9998215660997123,-0.37540158009090874
0.9997627354612788,0.016161888219441672,0.014605980082440545,2.487411693869575,-0.01636474017955492,0.9997697874596267,0.013877226390529532,-0.8733258563161446,-0.014378340999239847,-0.014112956310427305,0.9997969900266634,-0.40116952807112227
0.9997321483771333,0.017165079894396806,0.015526279963358175,2.6422081406067264,-0.017394078559343152,0.9997400757309272,0.014736520593744248,-0.9294382903324285,-0.01526929643988617,-0.015002638481081632,0.9997708269365011,-0.42702806101190305
0.9996996837010484,0.018167343260299035,0.016447514451893575,2.796921897093341,-0.018424077724844386,0.9997086505215957,0.015594842315588265,-0.985730805667024,-0.01615939357012952,-0.015893188816814674,0.9997430569200282,-0.4529771783777079
0.9996653818828195,0.019168798896028988,0.017369442321252315,2.9515529649286805,-0.019454849269204388,0.9996753393630385,0.01645220753181741,-1.04220343207811,-0.017048427642482378,-0.016784621842615643,0.9997137808047899,-0.47901688043631196
0.9996292281569603,0.020169436591167433,0.018292191031715255,3.1061013393150745,-0.02048639319243556,0.9996403208043347,0.01730861691018332,-1.0988560802911485,-0.017936486836227283,-0.01767693962594652,0.999682856378772,-0.5051471663843827
0.9995912586745603,0.02116926029539383,0.019215859375166622,3.2605670202526085,-0.021518698812086262,0.9996034158910403,0.01816405857610595,-1.1556887503061377,-0.018823713182420376,-0.018570132440971332,0.9996503275339212,-0.531368036221906
0.999551372188618,0.022168152782031575,0.020140330253219263,3.414950007741197,-0.022551661020813712,0.9995647375753896,0.019018520464076042,-1.2127014421230777,-0.01970995374981188,-0.01946418537972494,0.9996162138781836,-0.557679489948903
0.9995096720072496,0.0231662098985696,0.021065730707867714,3.5692503017808974,-0.02358537748641365,0.9995242911271364,0.01987201277972488,-1.2698941557419685,-0.0205953467061597,-0.020359111658855067,0.9995805545730654,-0.5840815275653597
0.9994661191186518,0.024163449979605844,0.021991947572297776,3.723468529167377,-0.024619851451794794,0.9994820178406527,0.020724541007242456,-1.3272668316459226,-0.021479764650010003,-0.021254911515586672,0.9995433081336803,-0.6105703862196634
0.9994207268133457,0.0251597457063453,0.022918825154605027,3.8776040599065595,-0.02565496388422093,0.9994379703410827,0.021576080300331143,-1.3848194698354694,-0.022363088937869535,-0.022151559853435865,0.9995044401959071,-0.6371498282278623
0.9993734290986858,0.026155328043883153,0.02384651401572202,4.031656890800036,-0.026690948652528235,0.9993921016784021,0.022426660274224252,-1.4425520107942473,-0.02324542938832619,-0.023049093458566317,0.9994640464175333,-0.6638198530544202
0.999324311291806,0.027149959304963,0.024775114065468673,4.185627655040292,-0.02772756864498835,0.9993444583972699,0.023276246497258384,-1.5004645140380868,-0.024126921156622627,-0.023947470642042945,0.9994219891998317,-0.690576698918818
0.999273342439012,0.02814374924281765,0.025704511618794612,4.339515716236463,-0.02876493125813764,0.9992950465781709,0.024124855851389425,-1.5585568605347975,-0.025007423081984892,-0.024846711670453714,0.9993784084481732,-0.7174241270660104
0.9992205165433095,0.02913658458044996,0.026634698031441195,4.493321704382595,-0.029802924898801413,0.9992438002188955,0.02497246601797416,-1.6168290502838518,-0.025886934160241237,-0.025746791909997513,0.9993332451755348,-0.7443583751799281
0.9991658782136966,0.03012858240848254,0.02756578990204611,4.647044989484641,-0.030841650477700662,0.9991907258052938,0.025819098361953074,-1.6752810832857792,-0.026765582730072457,-0.026647732855896944,0.999286479857652,-0.7713832055766403
0.9991093533624456,0.031119850512208502,0.028497566109416173,4.800686201536678,-0.03188123351337459,0.9991358889342113,0.02666475932121889,-1.7339129595400466,-0.027643129756234508,-0.02754954689090816,0.9992381495209259,-0.7984948559400777
0.9990509928538894,0.03211014645014992,0.029430352297300122,4.954245334141888,-0.03292143689412375,0.9990792762285812,0.027509414655045684,-1.792724560013938,-0.02851991614562932,-0.02845219530715648,0.999188199636819,-0.8256933251991398
0.9989907222005009,0.03309959877155899,0.030363912070025673,5.107721763703012,-0.03396237869894239,0.9990208350632602,0.028353081149912328,-1.8517160037407026,-0.02939570279606807,-0.029355695852852248,0.9991366697894187,-0.8529823767409823
0.9989286776882325,0.03408818960325921,0.03129815677921577,5.261101086843013,-0.035004037562873465,0.9989606241438769,0.0291957651007484,-1.9108880018759562,-0.030270391659438678,-0.030260045535167923,0.999083574822758,-0.8803557309347028
0.9988647380199414,0.03507581239041466,0.03223339739383957,5.414398330536187,-0.036046305135715086,0.9988985778735867,0.030037431456096667,-1.970239724230832,-0.031144309923075375,-0.031165224623073806,0.9990288626655686,-0.9078159040240337
0.9987989465061367,0.03606256758092863,0.03316943651154164,5.567613488385746,-0.03708930045015593,0.9988347614438697,0.030878102343679388,-2.029771051772612,-0.03201723820988833,-0.03207124427069141,0.99897262680706,-0.9353628949378745
0.9987313248952481,0.03704846220457664,0.03410612177229119,5.720746566788506,-0.038133016066632414,0.9987691752600912,0.031717781626215656,-2.0894821035340145,-0.03288904418400895,-0.03297810754372377,0.9989147718906964,-0.9629967047473258
0.9986618358737605,0.038033493045208644,0.0350436845407385,5.873797559347651,-0.03917744454563056,0.9987017594005264,0.03255645542627605,-2.149372760482321,-0.03375994822669881,-0.03388580823788934,0.9988553196093203,-0.9907173323812728
0.9985904942071601,0.03901765690442777,0.03598203636840627,6.026751439088855,-0.040222585887137965,0.9986325733815351,0.03339412631901764,-2.2094438528063973,-0.03462986215867536,-0.03479434581762986,0.998794284773492,-1.018522261595983
0.9985173152470828,0.04000083347546135,0.03692101603261855,6.179623232986472,-0.04126831361887137,0.9985615507955424,0.03423078166662349,-2.2696945503173778,-0.03549865257295348,-0.03570369258344119,0.9987316943797011,-1.046414008635196
0.9984422495888912,0.04098312869791673,0.037861016320601404,6.332412934643685,-0.04231476165268796,0.9984887572393923,0.03506641650970862,-2.330124733982541,-0.036366658695122345,-0.03661387194048982,0.9986675430908283,-1.074392572427783
0.9983654113333353,0.04196455052441231,0.038801655614141714,6.4851055170861684,-0.04336190442697998,0.9984141931184509,0.035901055622609146,-2.390735233990754,-0.03723355213284163,-0.037524881443273594,0.9986017739392625,-1.1024554367300254
0.9982866465682625,0.042945096046412334,0.039743173414878805,6.637716013685065,-0.044409755867173946,0.9983377985109937,0.03673467065417135,-2.4515253391858716,-0.03809953374310826,-0.038436713050442606,0.9985344072553224,-1.1306051188567565
0.998206052168022,0.043924746160283135,0.04068533312724061,6.790244411646739,-0.04545829041167658,0.9982596321226481,0.03756728211064658,-2.512494811502452,-0.03896437800941155,-0.039349371117442855,0.9984654826565675,-1.1588416166657538
0.998123646195587,0.04490351966204409,0.041628373453267226,6.942676313991001,-0.046507527136232706,0.9981796352477866,0.03839887651997108,-2.5736444811288353,-0.03982834480296349,-0.040262853125896725,0.9983950206072059,-1.1871586515972297
0.9980393744738683,0.04588140724636569,0.042572282842632786,7.095026130491647,-0.04755746184421847,0.9980978669974042,0.03922943940840399,-2.634973755942121,-0.04069139483464801,-0.04117714996333777,0.9983229021723365,-1.2155625043532012
0.9979532067906124,0.046858275609774236,0.043516820468342474,7.247278821380775,-0.04860796386671951,0.9980143200749182,0.04005897931215617,-2.6964832280657385,-0.041553303970449096,-0.042092246862616034,0.9982492281125599,-1.2440506565476994
0.9978652497144497,0.04783425453197909,0.04446210432833261,7.399450030833179,-0.04965914575061947,0.9979289418551864,0.040887491557760676,-2.7581718292448505,-0.042414195815467126,-0.04300815422366833,0.9981739786693047,-1.2726218599661792
0.997775426089404,0.04880934019935479,0.04540825955802953,7.551539141648419,-0.05071101073885911,0.9978417918545681,0.0417149755968887,-2.8200397975454274,-0.04327417076472817,-0.04392487518507315,0.9980971328888371,-1.301279879066918
0.9976837274575667,0.04978339930842762,0.04635527438872086,7.703531756846189,-0.051763447238265786,0.9977528627764805,0.04254142277390656,-2.882087963155805,-0.04413324251060757,-0.04484239497968057,0.9980187531763047,-1.3300184352901283
0.9975902402634801,0.050756556147202925,0.04730303334722462,7.855442260613216,-0.052816556159525366,0.9976621015904172,0.04336683525858914,-2.9443152578222085,-0.04499128955048559,-0.04576071175638241,0.9979387379985258,-1.3588438050533824
0.9974948659966231,0.05172880981059097,0.048251413204682694,8.007256255969168,-0.053870329109381866,0.9975696277344622,0.044191224353225346,-3.0067225117329732,-0.04584817451994172,-0.04667983669510711,0.9978571684244744,-1.3877497097968643
0.9973976247810833,0.05270014911207016,0.049200643019377543,8.158973742914128,-0.054924777724033064,0.99747526144344,0.04501457286597062,-3.069309724888101,-0.04670414252669608,-0.047599760368352007,0.9977740060986974,-1.4167361495205881
0.9972985946034946,0.05367057851600088,0.05015061193086284,8.310609748422365,-0.055979891320992174,0.9973791820771608,0.045836889595430065,-3.1320760670987235,-0.04755908576050427,-0.04852048730084835,0.9976892695846039,-1.4458056404682935
0.9971976588962776,0.05464009220531163,0.05110132073873781,8.462148615525507,-0.05703566894656372,0.9972812697921758,0.04665815966251373,-3.1950223685542385,-0.04841297714799375,-0.0494420014098963,0.9976029587483044,-1.4749594287122818
0.9970948763585509,0.05560868575114836,0.05205275436842323,8.613606001191926,-0.05809210735782243,0.9971815841048439,0.04747838969603527,-3.258147799065248,-0.04926582651824163,-0.050364309508211136,0.997515076114013,-1.5041962681802588
0.9969902988928394,0.05657624175527415,0.053004911113250675,8.764966865653747,-0.05914907683957838,0.9970801185293142,0.04829756522226211,-3.321452950755181,-0.0501176425622637,-0.05128739193763865,0.9974255615330172,-1.533513640486234
0.9968838561397604,0.057542881429551385,0.053957913383992334,8.91623122170455,-0.06020670710703701,0.9969768200350783,0.04911569191633001,-3.3849380616894758,-0.05096852681314734,-0.05221126521775454,0.9973345153768086,-1.5629115477724582
0.996775566156372,0.05850858751603216,0.05491164821373386,9.067414083525023,-0.06126499072063781,0.9968717473277651,0.04993277154265646,-3.4486020636138273,-0.0518183689798446,-0.053135922681594505,0.9972418961270286,-1.5923925041404203
0.9966654297733318,0.05947336062994507,0.05586610132749524,9.218500424140899,-0.062323920240834794,0.996764900407375,0.05074879585096517,-3.5124457867171026,-0.05266716164713714,-0.05406136065502176,0.997147706174002,-1.6219539933463807
0.9965534478212973,0.06043719831037575,0.056821261882120014,9.369490243552178,-0.06338348822808193,0.9966562792739061,0.05156378344011032,-3.5764692309993,-0.05351489739980664,-0.054987593834583404,0.9970518868989018,-1.6515960153903535
0.9964395950157591,0.0613999906640843,0.05777726242436744,9.520398568733128,-0.06444359052876605,0.9965458179251515,0.05237768831377845,-3.6406715662715525,-0.054361692873002854,-0.05591457737872607,0.9969545369759722,-1.6813210865160784
0.9963239206952789,0.0623619594908435,0.058733866684521935,9.67121098990998,-0.06550443545011454,0.9964335884438045,0.05319056939202627,-3.70505338465676,-0.05520732214469981,-0.056842363536112384,0.9968555750992162,-1.7111229260215097
0.9962064217605499,0.0633229819007124,0.059691413855656184,9.821926889882207,-0.06656592303516495,0.9963195839386505,0.05400236971014379,-3.7696149242208916,-0.05605213219427552,-0.05777092039754317,0.9967550653402732,-1.7410052983649535
0.9960869992701928,0.06428305117152977,0.06064979770854623,9.972561282830554,-0.0676280597697523,0.9962038040043242,0.05481310259723164,-3.834355116709639,-0.05689599313947258,-0.058700243060247015,0.9966529650525673,-1.7709707176478986
0.9959658289158486,0.06524218456124353,0.061608646868436034,10.123099771774775,-0.06869080197025051,0.9960861899351966,0.05562278538808923,-3.899274792311341,-0.05773856423831758,-0.05963033819118824,0.9965492759877311,-1.8010129053105715
0.9958427483274558,0.06620024741366887,0.0625681930997755,10.273541726720794,-0.06975405196891347,0.9959667939510463,0.056431396765742145,-3.964373951026526,-0.05858006004018279,-0.060561179465248305,0.9964440197716624,-1.831135623669013
0.9957178616127301,0.0671573558965855,0.06352856133809115,10.423887147668609,-0.07081792231262687,0.9958456225377228,0.057238939901634076,-4.029652592855196,-0.05942061884671568,-0.06149279388885498,0.9963371754841001,-1.8613388727232234
0.9955911309903255,0.06811351062522203,0.06448963318564704,10.57413665181869,-0.0718824162442984,0.9957226756952263,0.05804542690877695,-4.095110479731381,-0.060260105908188866,-0.06242517778787149,0.9962287629505601,-1.891618888014925
0.995462556060442,0.06906870061617038,0.06545139576676182,10.724290251964646,-0.07294752632438309,0.9955979526128291,0.05885082349848704,-4.1607478497205195,-0.06109852115765757,-0.06335830666020792,0.9961187843270602,-1.92197567168634
0.9953321360234806,0.07002292660691306,0.06641386215701664,10.874362332293174,-0.07401323767379096,0.9954713937741689,0.059655160239675584,-4.226563634568836,-0.061935864461232226,-0.06429219573796963,0.9960072374241105,-1.952415500155034
0.9951998455949319,0.0709760832908245,0.06737713014127666,11.02433849582394,-0.07507944613890885,0.9953430530204871,0.060458397764826255,-4.292558664464667,-0.0627722524540626,-0.06522682361057663,0.9958941058677917,-1.9829320948612121
0.9950657771852738,0.0719283729164224,0.06834109459728693,11.17421874255703,-0.07614638654223327,0.9952130012183817,0.061260575036089726,-4.358732939408013,-0.06360757218680857,-0.06616222414424056,0.9957794072606576,-2.0135254558048743
0.9949297877430187,0.07287969075680345,0.06930586798469221,11.324002442498283,-0.07721393145782061,0.9950810533329256,0.06206165349668097,-4.425086459399403,-0.06444191302041302,-0.0670983609167981,0.9956631227715199,-2.0441993453020757
0.9947920131232613,0.07383003881541367,0.07027131412500989,11.473690200054676,-0.07828207439980486,0.9949473887239267,0.06286165601355546,-4.491618748307432,-0.06527518438892699,-0.06803525314952763,0.9955452147687582,-2.074949996752295
0.9946523874304901,0.07477929067854777,0.0712374539049537,11.623282040813365,-0.07935068469930162,0.9948119405784456,0.06366056026809482,-4.558330282262973,-0.06610737525826726,-0.06897286456601681,0.995425800623915,-2.1057774144399986
0.9945108667892307,0.07572768372584787,0.07220426643780992,11.77277796477432,-0.08042001854376443,0.9946746623518228,0.06445838857891742,-4.625221061266031,-0.06693847072720582,-0.06991123869226912,0.9953047629654477,-2.136681598365186
0.9943675815194997,0.0766750941622833,0.0731716605504471,11.922177946350388,-0.08148992065642563,0.9945356665909275,0.0652551497446449,-4.692290609185725,-0.06776836419435095,-0.0708503547990138,0.9951822379291423,-2.1676625442433917
0.9942224275194965,0.07762139815731706,0.07413981826327165,12.071481985541567,-0.08256030500570481,0.99439482696646,0.06605078775422868,-4.759538926022054,-0.06859728752031513,-0.07179018081953359,0.9950580741669838,-2.198720252074615
0.9940754292741313,0.078566708680332,0.07510865897246566,12.220690107935042,-0.08363126086612518,0.9942522094806294,0.06684534238055899,-4.8269664879059,-0.06942512393605904,-0.07273074322469797,0.9949323456104449,-2.229854726143323
0.993926648743036,0.07951102314815983,0.07607816840304912,12.3698022879436,-0.0847027998738494,0.994107873649796,0.06763880537335953,-4.894572818706382,-0.07025186870800226,-0.07367203780481191,0.99480505464985,-2.2610659621650484
0.9937759476102018,0.08045434857282291,0.07704846515265779,12.518819155561374,-0.08577492851474555,0.9939617004412407,0.06843116089984592,-4.96235791842297,-0.07107762709864085,-0.07461406195685516,0.9946761814262107,-2.292350197823737
0.9936234822797541,0.08139666646591615,0.07801930298196194,12.667740080794232,-0.08684761054474907,0.9938137485605917,0.06922242574648874,-5.030321787056196,-0.0719021760053229,-0.07555681636213696,0.9945457067374261,-2.3237111954354432
0.9934691353593709,0.0823379945783621,0.07899104883439506,12.816550036667877,-0.0879208789650158,0.9936640188185825,0.07001257432822056,-5.098465254794925,-0.07272586593215413,-0.07650028510724272,0.9944136900083763,-2.355146438756428
0.9933129667727129,0.08327831762015259,0.07996333907239053,12.965264024569478,-0.08899470401731413,0.9935125104044816,0.07080161694566146,-5.16678701531941,-0.07354832919767818,-0.07744446940903993,0.9942801316951146,-2.3866584397459647
0.9931549371451502,0.08421763559128759,0.08093639291057336,13.113882700080268,-0.09006908570167715,0.993359223318289,0.07158953640695864,-5.235287544760005,-0.07436980094664847,-0.0783893692675286,0.9941449346559998,-2.418243440372464
0.99299506573314,0.0851559357849272,0.08191011063902348,13.262405407618985,-0.0911440388971793,0.9932040972329123,0.07237636342400303,-5.303966366986356,-0.0751901710888514,-0.07933499010927125,0.9940082364562868,-2.4499051986675155
0.9928334180634522,0.08609334264683699,0.0828844937829962,13.41083280276689,-0.09221966451452401,0.9930472584776521,0.073162114091965,-5.372823958128813,-0.07600944304231749,-0.0802813603268484,0.9938699159715844,-2.4816399565995297
0.9926698442569476,0.08702961359553196,0.08385962955804313,13.559149202968399,-0.09329573097413899,0.9928886337537193,0.07394671806905963,-5.441860672245897,-0.0768277125790362,-0.08122841663741998,0.9937300190322867,-2.513448955956356
