-0.17364807426929474,-1.8623325104272226e-08,-0.9848077893257141,-142.74038696289062,-0.9848077893257141,1.461058189988762e-07,0.17364807426929474,10.682411193847656,1.4065224718251557e-07,1.0,-4.371138828673793e-08,49.999996185302734
-0.17194892466068268,0.0004635225050151348,-0.9851057529449463,-142.5811309814453,-0.9851057529449463,-0.0005728165269829333,0.1719486564397812,10.636716842651367,-0.0004845827934332192,0.9999997019767761,0.0005551138310693204,49.981849670410156
-0.17024946212768555,0.0009280535159632564,-0.9854005575180054,-142.42181396484375,-0.9854004979133606,-0.0011449786834418774,0.1702483743429184,10.591307640075684,-0.0009702630341053009,0.999998927116394,0.0011094363871961832,49.96360397338867
-0.16854968667030334,0.0013935741735622287,-0.9856922030448914,-142.26242065429688,-0.9856920838356018,-0.0017163383308798075,0.16854724287986755,10.546183586120605,-0.001456898171454668,0.9999975562095642,0.0016629233723506331,49.94525909423828
-0.16684971749782562,0.0018600841285660863,-0.9859805703163147,-142.10296630859375,-0.9859803915023804,-0.0022868942469358444,0.1668453812599182,10.50134563446045,-0.0019444867502897978,0.9999956488609314,0.0022155740298330784,49.92681121826172
-0.16514946520328522,0.0023275830317288637,-0.9862657785415649,-141.9434356689453,-0.9862655401229858,-0.0028566443361341953,0.16514268517494202,10.456792831420898,-0.002433027373626828,0.9999932050704956,0.002767388243228197,49.90826416015625
-0.16344891488552094,0.002796070883050561,-0.9865478277206421,-141.78384399414062,-0.9865474700927734,-0.0034255865029990673,0.16343913972377777,10.41252613067627,-0.002922517480328679,0.9999902248382568,0.003318364964798093,49.889617919921875
-0.16174808144569397,0.0032655473332852125,-0.9868266582489014,-141.62417602539062,-0.9868261814117432,-0.003993718884885311,0.16173477470874786,10.368545532226562,-0.0034129556734114885,0.9999867081642151,0.003868503961712122,49.870872497558594
-0.16004708409309387,0.0037360116839408875,-0.9871023297309875,-141.46444702148438,-0.987101674079895,-0.004561040550470352,0.16002970933914185,10.324851036071777,-0.0039043405558913946,0.9999825954437256,0.0044178045354783535,49.852027893066406
-0.15834581851959229,0.004207346122711897,-0.9873747229576111,-141.30465698242188,-0.987373948097229,-0.005127529613673687,0.15832382440567017,10.28144359588623,-0.004396670497953892,0.9999780058860779,0.004966146778315306,49.83308410644531
-0.15664426982402802,0.004679668694734573,-0.9876440167427063,-141.14479064941406,-0.9876430034637451,-0.005693203769624233,0.15661713480949402,10.238322257995605,-0.004889942239969969,0.9999728202819824,0.005513649899512529,49.81404495239258
-0.15494248270988464,0.005152978468686342,-0.9879100322723389,-140.98486328125,-0.9879088401794434,-0.006258061621338129,0.1549096405506134,10.195487976074219,-0.005384156014770269,0.9999671578407288,0.006060312502086163,49.79490661621094
-0.15324054658412933,0.005627274513244629,-0.9881728887557983,-140.8248748779297,-0.988171398639679,-0.006822101306170225,0.15320147573947906,10.15294075012207,-0.005879308562725782,0.9999608993530273,0.006606134586036205,49.77566909790039
-0.15153837203979492,0.006102557294070721,-0.9884325265884399,-140.66482543945312,-0.9884307980537415,-0.007385320961475372,0.15149250626564026,10.11068058013916,-0.006375399883836508,0.999954104423523,0.007151115220040083,49.75633239746094
-0.14983594417572021,0.0065788268111646175,-0.9886890053749084,-140.50469970703125,-0.9886869788169861,-0.007947717793285847,0.14978276193141937,10.068707466125488,-0.00687242578715086,0.9999467730522156,0.0076952544040977955,49.73689651489258
-0.1481332927942276,0.007055964320898056,-0.9889422059059143,-140.34451293945312,-0.9889399409294128,-0.008509272709488869,0.1480722427368164,10.027022361755371,-0.007370387203991413,0.9999389052391052,0.008238431997597218,49.71736526489258
-0.14643041789531708,0.007534088101238012,-0.9891923069953918,-140.18426513671875,-0.9891896843910217,-0.009070003405213356,0.14636094868183136,9.985624313354492,-0.007869280874729156,0.9999305009841919,0.008780766278505325,49.69773483276367
-0.14472730457782745,0.008013197220861912,-0.9894391298294067,-140.02395629882812,-0.9894362092018127,-0.009629904292523861,0.14464889466762543,9.944514274597168,-0.008369104005396366,0.9999215006828308,0.009322256781160831,49.67800521850586
-0.14302422106266022,0.008493289351463318,-0.9896827340126038,-139.86358642578125,-0.9896794557571411,-0.010188976302742958,0.14293630421161652,9.903692245483398,-0.008869854733347893,0.9999120235443115,0.00986290443688631,49.658180236816406
-0.14132080972194672,0.008974249474704266,-0.9899231791496277,-139.70315551757812,-0.9899194836616516,-0.01074720174074173,0.14122284948825836,9.863158226013184,-0.009371534921228886,0.9999019503593445,0.010402587242424488,49.63825607299805
-0.1396171897649765,0.009456193074584007,-0.9901604056358337,-139.54266357421875,-0.9901562929153442,-0.01130459364503622,0.1395086646080017,9.822912216186523,-0.009874140843749046,0.9998914003372192,0.01094142533838749,49.61823272705078
-0.13791339099407196,0.009939121082425117,-0.9903944134712219,-139.38211059570312,-0.9903899431228638,-0.011861151084303856,0.13779371976852417,9.782955169677734,-0.010377669706940651,0.9998802542686462,0.01147941779345274,49.598114013671875
-0.1362093836069107,0.010423151776194572,-0.990625262260437,-139.22149658203125,-0.9906203150749207,-0.01241688895970583,0.13607805967330933,9.7432861328125,-0.010882120579481125,0.9998685717582703,0.01201668195426464,49.57789611816406
-0.13450531661510468,0.010908045805990696,-0.9908528327941895,-139.06082153320312,-0.9908474087715149,-0.012971771880984306,0.13436177372932434,9.703906059265137,-0.011387492530047894,0.9998563528060913,0.01255298126488924,49.55758285522461
-0.13280119001865387,0.01139392051845789,-0.991077184677124,-138.9001007080078,-0.991071343421936,-0.013525815680623055,0.1326449066400528,9.664814949035645,-0.011893781833350658,0.9998435974121094,0.01308843307197094,49.537174224853516
-0.1310967653989792,0.011880780570209026,-0.9912983775138855,-138.73931884765625,-0.9912919998168945,-0.014079015702009201,0.1309271901845932,9.626012802124023,-0.01240098848938942,0.9998303055763245,0.013623036444187164,49.516666412353516
-0.12939219176769257,0.012368503957986832,-0.9915163516998291,-138.57847595214844,-0.9915094375610352,-0.014631355181336403,0.1292087733745575,9.58750057220459,-0.012909108772873878,0.9998164772987366,0.014156671240925789,49.496063232421875
-0.1276874542236328,0.012857208959758282,-0.9917311072349548,-138.41757202148438,-0.9917236566543579,-0.015182849951088428,0.12748965620994568,9.549277305603027,-0.01341814361512661,0.9998020529747009,0.014689458534121513,49.475364685058594
-0.12598255276679993,0.013346895575523376,-0.9919426441192627,-138.25662231445312,-0.9919346570968628,-0.015733499079942703,0.12576983869075775,9.511343955993652,-0.013928091153502464,0.9997871518135071,0.01522139459848404,49.454566955566406
-0.1242777556180954,0.013837440870702267,-0.9921509623527527,-138.09561157226562,-0.992142379283905,-0.01628328301012516,0.1240495815873146,9.473699569702148,-0.014438946731388569,0.9997716546058655,0.015752362087368965,49.43367385864258
-0.12257281690835953,0.014328966848552227,-0.9923560619354248,-137.93453979492188,-0.9923468828201294,-0.016832217574119568,0.12232863903045654,9.436345100402832,-0.014950710348784924,0.9997556209564209,0.016282478347420692,49.41268539428711
-0.12086774408817291,0.014821354299783707,-0.992557942867279,-137.77342224121094,-0.9925481677055359,-0.017380284145474434,0.12060702592134476,9.399280548095703,-0.015463379211723804,0.9997391104698181,0.01681162416934967,49.3916015625
-0.1191624328494072,0.015314724296331406,-0.9927566647529602,-137.61224365234375,-0.9927462339401245,-0.017927490174770355,0.1188846230506897,9.362506866455078,-0.015976950526237488,0.9997220039367676,0.0173399168998003,49.37042236328125
-0.11745711416006088,0.0158090703189373,-0.9929521083831787,-137.45101928710938,-0.9929410219192505,-0.01847384311258793,0.11716166883707047,9.32602310180664,-0.016491424292325974,0.9997043609619141,0.017867358401417732,49.34914779663086
-0.11575168371200562,0.016304276883602142,-0.9931443333625793,-137.28973388671875,-0.9931325912475586,-0.019019320607185364,0.1154380738735199,9.28982925415039,-0.017006797716021538,0.9996861815452576,0.018393827602267265,49.32777786254883
-0.1140461415052414,0.01680046319961548,-0.9933333992958069,-137.12840270996094,-0.993320882320404,-0.019563941285014153,0.1137138232588768,9.253926277160645,-0.01752307079732418,0.9996674656867981,0.0189194418489933,49.306312561035156
-0.11234062165021896,0.01729750446975231,-0.9935191869735718,-136.96702575683594,-0.9935059547424316,-0.0201076902449131,0.11198905110359192,9.218314170837402,-0.01804024539887905,0.9996481537818909,0.01944408379495144,49.284751892089844
-0.11063501238822937,0.01779552362859249,-0.9937017560005188,-136.8055877685547,-0.9936878085136414,-0.020650576800107956,0.1102636381983757,9.182992935180664,-0.018558315932750702,0.9996283650398254,0.01996787078678608,49.26309585571289
-0.10892930626869202,0.018294518813490868,-0.9938811659812927,-136.64410400390625,-0.9938664436340332,-0.02119258977472782,0.10853759944438934,9.14796257019043,-0.019077273085713387,0.999608039855957,0.020490802824497223,49.2413444519043
-0.1072235256433487,0.01879449188709259,-0.994057297706604,-136.48257446289062,-0.9940418004989624,-0.021733736619353294,0.10681093484163284,9.1132230758667,-0.019597120583057404,0.9995871186256409,0.02101287804543972,49.21949768066406
-0.1055176705121994,0.01929532177746296,-0.9942302107810974,-136.32098388671875,-0.994213879108429,-0.022273996844887733,0.1050836592912674,9.078775405883789,-0.020117856562137604,0.9995656609535217,0.02153397724032402,49.19755554199219
-0.10381174832582474,0.019797008484601974,-0.994399905204773,-136.1593475341797,-0.9943827986717224,-0.022813374176621437,0.103355772793293,9.044618606567383,-0.020639482885599136,0.9995437264442444,0.022054100409150124,49.17551803588867
-0.10210587829351425,0.020299667492508888,-0.9945663809776306,-135.99766540527344,-0.9945484399795532,-0.02335188537836075,0.1016274094581604,9.010753631591797,-0.021161997690796852,0.9995211958885193,0.02257336676120758,49.15338897705078
-0.10039995610713959,0.0208031814545393,-0.9947296380996704,-135.8359375,-0.9947108030319214,-0.023889506235718727,0.09989844262599945,8.977180480957031,-0.021685393527150154,0.9994981288909912,0.02309165522456169,49.13116455078125
-0.09869398176670074,0.021307669579982758,-0.9948896765708923,-135.67416381835938,-0.9948699474334717,-0.02442624792456627,0.09816888719797134,8.943899154663086,-0.02220967225730419,0.9994745254516602,0.023609085008502007,49.10884475708008
-0.09698797017335892,0.021813012659549713,-0.9950464963912964,-135.51234436035156,-0.9950258731842041,-0.024962104856967926,0.09643875062465668,8.910909652709961,-0.022734833881258965,0.9994503855705261,0.024125535041093826,49.08643341064453
-0.0952819213271141,0.022319328039884567,-0.9952000975608826,-135.35047912597656,-0.9951785206794739,-0.02549707517027855,0.09470803290605545,8.878211975097656,-0.023260872811079025,0.9994257092475891,0.02464112639427185,49.063926696777344
-0.0935758426785469,0.02282649651169777,-0.9953504204750061,-135.18856811523438,-0.9953279495239258,-0.02603115513920784,0.09297674894332886,8.845807075500488,-0.023787787184119225,0.9994004964828491,0.02515573799610138,49.04132843017578
-0.09186974167823792,0.02333463914692402,-0.9954975843429565,-135.026611328125,-0.995474100112915,-0.02656434290111065,0.0912449061870575,8.81369400024414,-0.024315571412444115,0.9993747472763062,0.025669487193226814,49.01863479614258
-0.09016362577676773,0.023843631148338318,-0.9956415295600891,-134.86460876464844,-0.9956170320510864,-0.027096640318632126,0.08951250463724136,8.78187370300293,-0.024844234809279442,0.9993484020233154,0.026182256639003754,48.995849609375
-0.08845750242471695,0.024353478103876114,-0.995782196521759,-134.7025604248047,-0.9957567453384399,-0.027628036215901375,0.08777955174446106,8.750346183776855,-0.02537376992404461,0.9993215799331665,0.026694046333432198,48.97296905517578
-0.08675137162208557,0.02486429363489151,-0.9959196448326111,-134.54046630859375,-0.9958931803703308,-0.028158539906144142,0.08604605495929718,8.719111442565918,-0.02590416930615902,0.9992941617965698,0.0272049717605114,48.94999694824219
-0.08504524827003479,0.025375958532094955,-0.9960538744926453,-134.37832641601562,-0.996026337146759,-0.02868814207613468,0.08431202173233032,8.688169479370117,-0.02643543668091297,0.9992662668228149,0.027714913710951805,48.92692947387695
-0.0833391323685646,0.02588859386742115,-0.9961848855018616,-134.2161407470703,-0.9961562752723694,-0.02921685017645359,0.08257745951414108,8.657520294189453,-0.026967572048306465,0.9992377758026123,0.028223993256688118,48.903770446777344
-0.08163303881883621,0.026402078568935394,-0.99631267786026,-134.05392456054688,-0.9962829947471619,-0.02974465861916542,0.08084237575531006,8.627163887023926,-0.02750057354569435,0.9992088079452515,0.028732089325785637,48.88051986694336
-0.07992696017026901,0.02691653184592724,-0.9964372515678406,-133.89166259765625,-0.9964064359664917,-0.030271559953689575,0.07910677045583725,8.597101211547852,-0.028034429997205734,0.9991792440414429,0.029239319264888763,48.857177734375
-0.07822103798389435,0.027431830763816833,-0.9965585470199585,-133.72935485839844,-0.9965265989303589,-0.030797554180026054,0.0773707777261734,8.56733226776123,-0.028569145128130913,0.9991491436958313,0.029745565727353096,48.833740234375
-0.07651514559984207,0.02794809453189373,-0.9966766238212585,-133.5670166015625,-0.9966435432434082,-0.031322650611400604,0.07563427835702896,8.537856101989746,-0.029104720801115036,0.9991185069084167,0.030250944197177887,48.810211181640625
-0.07480930536985397,0.028465205803513527,-0.9967914819717407,-133.40463256835938,-0.9967572093009949,-0.03184683248400688,0.07389728724956512,8.508673667907715,-0.029641151428222656,0.9990873336791992,0.030755339190363884,48.786590576171875
-0.07310350984334946,0.028983281925320625,-0.996903121471405,-133.24220275878906,-0.9968676567077637,-0.03237011283636093,0.0721597969532013,8.479784965515137,-0.030178440734744072,0.9990556240081787,0.03125886619091034,48.76287841796875
-0.07139776647090912,0.029502203688025475,-0.9970115423202515,-133.07974243164062,-0.9969748258590698,-0.03289247676730156,0.07042182981967926,8.451189994812012,-0.030716581270098686,0.9990233778953552,0.03176140412688255,48.73907470703125
-0.06969209015369415,0.030021851882338524,-0.9971166849136353,-132.917236328125,-0.9970787763595581,-0.03341391682624817,0.06868339329957962,8.422889709472656,-0.0312555693089962,0.9989905953407288,0.03226283937692642,48.715179443359375
-0.06798648089170456,0.030542464926838875,-0.9972186088562012,-132.75469970703125,-0.9971794486045837,-0.03393443301320076,0.06694447994232178,8.394883155822754,-0.03179539740085602,0.9989572763442993,0.03276340290904045,48.691192626953125
-0.06628094613552094,0.031063921749591827,-0.9973173141479492,-132.59213256835938,-0.9972769021987915,-0.034454040229320526,0.06520510464906693,8.367171287536621,-0.03233608603477478,0.9989234209060669,0.03326297551393509,48.6671142578125
-0.06457550078630447,0.031586337834596634,-0.9974128007888794,-132.4295196533203,-0.9973710775375366,-0.03497273847460747,0.06346527487039566,8.339753150939941,-0.03287762030959129,0.9988889694213867,0.033761683851480484,48.6429443359375
-0.06287013739347458,0.03210959956049919,-0.9975050687789917,-132.26687622070312,-0.9974619746208191,-0.035490505397319794,0.06172499060630798,8.312629699707031,-0.03341999277472496,0.9988540410995483,0.03425939753651619,48.618682861328125
-0.06116487458348274,0.0326337032020092,-0.9975940585136414,-132.1042022705078,-0.9975496530532837,-0.0360073447227478,0.05998426675796509,8.28580093383789,-0.03396320343017578,0.998818576335907,0.0347561240196228,48.59433364868164
-0.05945971608161926,0.033158645033836365,-0.9976798295974731,-131.9414825439453,-0.9976341128349304,-0.03652326017618179,0.05824311077594757,8.25926685333252,-0.03450725972652435,0.9987825155258179,0.035251859575510025,48.56989288330078
-0.05775466188788414,0.03368454799056053,-0.9977623820304871,-131.7787322998047,-0.9977152347564697,-0.037038251757621765,0.056501518934965134,8.233027458190918,-0.03505214676260948,0.9987459778785706,0.03574671968817711,48.54536056518555
-0.05604972690343857,0.03421129286289215,-0.9978416562080383,-131.61595153808594,-0.9977931976318359,-0.03755231201648712,0.05475950986146927,8.207082748413086,-0.035597868263721466,0.9987088441848755,0.0362405925989151,48.5207405090332
-0.05434491112828255,0.034738875925540924,-0.9979177713394165,-131.45314025878906,-0.9978678226470947,-0.03806544095277786,0.053017083555459976,8.181432723999023,-0.036144424229860306,0.9986712336540222,0.0367334708571434,48.496028900146484
-0.05264022573828697,0.03526729717850685,-0.997990608215332,-131.29029846191406,-0.9979392290115356,-0.03857763484120369,0.05127424746751785,8.156078338623047,-0.036691814661026,0.998633086681366,0.037225354462862015,48.47122573852539
-0.05093567445874214,0.03579667583107948,-0.9980601668357849,-131.12741088867188,-0.9980073571205139,-0.0390889048576355,0.049531009048223495,8.13101863861084,-0.03724003583192825,0.998594343662262,0.03771636635065079,48.44633483886719
-0.04923126846551895,0.03632700815796852,-0.9981265664100647,-130.96449279785156,-0.9980722665786743,-0.039599236100912094,0.047787368297576904,8.106254577636719,-0.03778907656669617,0.998555064201355,0.03820649906992912,48.42135238647461
-0.0475270114839077,0.03685805946588516,-0.9981896877288818,-130.80154418945312,-0.9981338977813721,-0.04010861739516258,0.04604334756731987,8.081786155700684,-0.03833894059062004,0.9985153079032898,0.03869552165269852,48.39628219604492
-0.045822907239198685,0.03739006444811821,-0.9982495903968811,-130.63856506347656,-0.998192310333252,-0.040617071092128754,0.044298939406871796,8.057613372802734,-0.03888963535428047,0.9984749555587769,0.03918366879224777,48.37112045288086
-0.0441189669072628,0.03792278841137886,-0.9983062744140625,-130.47555541992188,-0.9982474446296692,-0.041124578565359116,0.042554162442684174,8.033736228942871,-0.039441149681806564,0.9984340667724609,0.03967069834470749,48.34587097167969
-0.04241519421339035,0.03845646232366562,-0.9983596801757812,-130.31251525878906,-0.9982993006706238,-0.04163113981485367,0.040809012949466705,8.010154724121094,-0.03999347984790802,0.9983927011489868,0.04015685245394707,48.320533752441406
-0.040711600333452225,0.038991089910268784,-0.9984098672866821,-130.1494598388672,-0.9983478784561157,-0.04213676229119301,0.03906349837779999,7.986868858337402,-0.04054662957787514,0.9983507394790649,0.04064212739467621,48.29510498046875
-0.039008185267448425,0.039526548236608505,-0.9984568357467651,-129.9863739013672,-0.9983932375907898,-0.04264143854379654,0.037317629903554916,7.963879108428955,-0.04110059514641762,0.9983082413673401,0.04112640768289566,48.269588470458984
-0.03730496019124985,0.04006272181868553,-0.9985005259513855,-129.82325744628906,-0.998435378074646,-0.04314515367150307,0.035571418702602386,7.941184997558594,-0.04165537282824516,0.9982652068138123,0.041609566658735275,48.24398422241211
-0.03560181334614754,0.04059972986578941,-0.998540997505188,-129.6601104736328,-0.9984741806983948,-0.043647926300764084,0.033824749290943146,7.918787002563477,-0.04221096634864807,0.9982216954231262,0.0420917309820652,48.218292236328125
-0.033898867666721344,0.0411376915872097,-0.9985782504081726,-129.49693298339844,-0.9985098242759705,-0.044149741530418396,0.03207773715257645,7.896685600280762,-0.042767368257045746,0.9981775879859924,0.04257301241159439,48.192508697509766
-0.032196130603551865,0.04167648032307625,-0.9986122846603394,-129.333740234375,-0.9985421299934387,-0.044650595635175705,0.03033040463924408,7.874880313873291,-0.04332457110285759,0.9981329441070557,0.04305329546332359,48.1666374206543
-0.030493609607219696,0.0422159768640995,-0.9986430406570435,-129.17051696777344,-0.9985712170600891,-0.045150503516197205,0.028582753613591194,7.853371620178223,-0.0438825860619545,0.9980877637863159,0.04353246092796326,48.14067840576172
-0.028791312128305435,0.042756304144859314,-0.9986705780029297,-129.00726318359375,-0.9985970258712769,-0.045649442821741104,0.026834791526198387,7.832159519195557,-0.044441401958465576,0.998042106628418,0.044010624289512634,48.11463165283203
-0.02708924189209938,0.043297454714775085,-0.998694896697998,-128.843994140625,-0.9986196160316467,-0.0461474284529686,0.025086522102355957,7.811244010925293,-0.04500101879239082,0.9979958534240723,0.044487785547971725,48.088497161865234
-0.025387410074472427,0.043839436024427414,-0.9987159967422485,-128.68069458007812,-0.9986388683319092,-0.04664445295929909,0.02333795465528965,7.790625095367432,-0.04556143656373024,0.9979491233825684,0.04496394842863083,48.06227493286133
-0.023685818538069725,0.0443822406232357,-0.9987338185310364,-128.5173797607422,-0.9986549615859985,-0.047140516340732574,0.021589094772934914,7.770302772521973,-0.046122655272483826,0.9979017972946167,0.04543910548090935,48.03596496582031
-0.021984359249472618,0.04492611438035965,-0.9987483620643616,-128.35403442382812,-0.9986677169799805,-0.04763561487197876,0.01983981765806675,7.750277519226074,-0.046684667468070984,0.9978539347648621,0.04591349884867668,48.00957107543945
