1.0000000356140366,6.148104989997179e-15,1.447787465204387e-15,0.0,6.148104989997179e-15,1.0000000356140544,-3.107457257549122e-15,0.0,1.447787465204387e-15,-3.107457257549122e-15,1.0000000000000218,0.0
0.9999983718494514,0.0017250765572910862,-0.0005559927716621437,0.1647712663210541,-0.0017253408025839272,0.9999984183816015,-0.000483765039456203,0.017345655940097515,0.0005551572997132945,0.00048472352085532843,0.999999701884452,0.018146524534664366
0.9999934469532639,0.0034499023723898203,-0.0011128213862321948,0.3295531250262229,-0.0034509841799896684,0.9999935770579007,-0.0009665698722958733,0.03439989664621024,0.0011094796129092904,0.0009704038362410084,0.9999989269318226,0.03639223115770562
0.9999852635130317,0.005174487795534217,-0.001670485258360547,0.4943606030898309,-0.00517691545743138,0.9999855703420707,-0.0014484125376816822,0.05116007245900356,0.001662966354949944,0.0014570390478482464,0.9999975559328442,0.054737119869415096
0.9999737248309819,0.006898694728023864,-0.0022289838318490457,0.6591785079336887,-0.006902996536208479,0.9999743015363382,-0.0019292918924773876,0.06762789385138213,0.002215616769150861,0.0019446277004658826,0.9999956484921619,0.07318500536663919
0.9999589301924456,0.00862263191900007,-0.0027883163988822075,0.8240220321360141,-0.008629350840241813,0.9999598725135926,-0.0024092059336879956,0.08380165035044129,0.002767430739083699,0.0024331683971291367,0.9999932046097759,0.09173207295251729
0.9999408770098649,0.010346303693010777,-0.003348482595584697,0.9888759831187315,-0.010355993044310846,0.9999422219871582,-0.002888152597672623,0.09968305242962039,0.003318407217008385,0.0029226585766924983,0.9999902242856866,0.11037832262664438
0.9999195117592372,0.012069695375276435,-0.0039094817545716224,1.1537553878561368,-0.012082883448624536,0.9999213525445928,-0.0033661301107297073,0.11526945042958658,0.0038685459700975194,0.0034130968421718275,0.9999867075198942,0.12912375438929757
0.9998949138401445,0.013792689567560194,-0.004471313026237714,1.3186452193739626,-0.01380991500517766,0.9998972848863603,-0.003843137676968918,0.1305634940096727,0.004417846299877699,0.003904481796581042,0.9999825947077541,0.14796836824018555
0.9998669451538919,0.01551538899331942,-0.005033856587636128,1.483545312068486,-0.015537184411726692,0.9998700008995554,-0.004319174200704472,0.1455642439839835,0.004966188298547803,0.00439681181010758,0.9999780050585612,0.16691216417918753
0.999835784385387,0.017237808327333872,-0.005597231763256466,1.6484708585178964,-0.017264708044204137,0.9998394979966203,-0.004794236609909795,0.16026998987961782,0.005513691175402891,0.004890083623122706,0.9999728193630212,0.18595132750944288
0.9998012554372749,0.018959903545264695,-0.006161437393346657,1.8134066661440613,-0.01899245485191445,0.9998057839402291,-0.005268323690563434,0.17468244216947681,0.006060353533455771,0.005384297468456232,0.9999671568304239,0.205089672927798
0.9997634989958138,0.02068157624820257,-0.00672647223728302,1.978352734946867,-0.02072031346230467,0.9997688155566115,-0.005741433770023542,0.18880160085356223,0.006606175372728257,0.005879450086468774,0.99996089825148,0.22432720043426002
0.999722433073864,0.02240293518528874,-0.0072923364302102806,2.143309064926399,-0.022448405598159415,0.9997286947186564,-0.006213564933089866,0.2026274659318723,0.007151155761877069,0.0063755414771794125,0.9999541032308347,0.24366391002882182
0.9996781215456596,0.02412398468107123,-0.007859029486961324,2.3082906830569243,-0.02417671226015123,0.9996853601396885,-0.006684714428241229,0.2161573877450742,0.007695294700907673,0.006872567449628133,0.9999467717684881,0.2630998017117676
0.9996304470129691,0.025844695385990758,-0.008426431152577483,2.4732823967605952,-0.02590521274779966,0.999638816994823,-0.00715488407301863,0.22939307676714193,0.008238472049205723,0.007370528935136953,0.9999389038644454,0.28263106078541256
0.9995795855731425,0.027565067300047475,-0.008994660980847008,2.6382843716409923,-0.02763393811181668,0.9995890652840608,-0.007624070754981666,0.2423354721834361,0.008780806084741525,0.007869422674076861,0.9999304995187018,0.3022615019471644
0.9995253637163827,0.029285115098021113,-0.009563717084259332,2.8032964420943642,-0.029362842626727274,0.9995361024198441,-0.00809226913280197,0.2549836348080614,0.00932229634185264,0.008369245872480413,0.9999214991266134,0.3219911251968739
0.9994678789551771,0.031004564283646927,-0.010133597331607725,2.96831860812091,-0.03109171652106914,0.9994799162790978,-0.008559480527975965,0.26733756464155256,0.009862943751895408,0.008869996667688756,0.9999120218974695,0.34181611583728966
0.9994071330623747,0.03272377740186735,-0.010704185379206773,3.133350869720431,-0.032820892990208406,0.9994205034595495,-0.009025707486898984,0.27939726168337486,0.010402626311565768,0.009371676922362406,0.9999019486219854,0.361740288565656
0.9993430906268733,0.03444263705444562,-0.011275597220716896,3.298393226892955,-0.03455022961091367,0.9993578846616632,-0.009490942796445878,0.2911627259335283,0.010941464161494328,0.009874282911208844,0.9998913985094465,0.3817636433819942
0.9992757464735571,0.036161124242054435,-0.011847833611584235,3.463445514034902,-0.036279755732744015,0.9992921237596736,-0.009955185377703783,0.3026330182066541,0.011479456370354163,0.010377811840268503,0.9998802523505635,0.40188236558888946
0.9992051670642133,0.03787924761378948,-0.012421013620432526,3.628507896749852,-0.0380094376816089,0.9992230981802279,-0.010418429366719502,0.3138090776881093,0.012016720284797312,0.010882262778201942,0.9998685697499768,0.4221002698837424
0.9991312505259629,0.039596860421854674,-0.012994895388164104,3.793580209434225,-0.0397391667083338,0.999150833798906,-0.010880681473540956,0.32468996519253857,0.012553019348900669,0.011387634793683815,0.9998563507076959,0.44241354156915946
0.999054063320593,0.041313983366713734,-0.013569597227948744,3.958647425113753,-0.04146890913882816,0.9990754480139452,-0.01134193691310266,0.3352783303792748,0.013088470909316275,0.011893924161441239,0.9998435952237164,0.46282218064484937
0.9989736175711792,0.043030830544376925,-0.014145122917043217,4.123724570762533,-0.043198939469356684,0.9989967820261815,-0.011802190290924127,0.3455715235884451,0.013623074034683475,0.012401130881461237,0.9998303032980387,0.48333000180836194
0.9988898804541878,0.04474726555728004,-0.014721349394686745,4.288811480777042,-0.04492910060187455,0.9989149204103132,-0.012261446283508975,0.3555686056346943,0.014156708584410808,0.012909251228459446,0.9998164749306677,0.5039331903622895
0.9988028519696135,0.04646330308020267,-0.015298395891220227,4.45390832076103,-0.04665939253639879,0.9988298605787822,-0.012719699944060962,0.365270515703914,0.014689495630432974,0.013418286133758714,0.9998020505169543,0.5246317463067811
0.9987125321174563,0.04817894311314488,-0.015876262244926498,4.618999898136252,-0.04838981527292888,0.9987416025315891,-0.013176950355423133,0.3746789642690125,0.015221431447459672,0.013928233734713896,0.9997871492661877,0.5454294843386691
0.9986189661799855,0.04989391115984205,-0.016454823992698736,4.784101405480925,-0.05012011200280506,0.9986501341456587,-0.013633199604283526,0.38379224085707975,0.015752398688884603,0.014439089374698412,0.9997716519690839,0.5663225897611142
0.9985221114624898,0.05160845970438959,-0.017034204033577947,4.949212677191326,-0.05185052485990749,0.9985554714254036,-0.014088442096973188,0.39260940628222585,0.016282514701316246,0.01495085305372555,0.9997556182302829,0.5873110625739812
0.9984219705525326,0.053322581409397815,-0.017614281734882394,5.114318686293132,-0.053581039169439765,0.9984576156646031,-0.014542680190489547,0.4011331102037854,0.016811660275467225,0.01546352197782745,0.9997391076544345,0.6083949027769862
0.9983185814487633,0.05503637899832414,-0.018195177622970203,5.279434294156999,-0.055311782679887095,0.998356548750352,-0.014995900198297336,0.40935976377652494,0.017339952757965633,0.01597709335303833,0.9997220010322458,0.6295741103702639
0.9982118681538722,0.056749614661852785,-0.01877688657140687,5.444544639412243,-0.05704249989431235,0.9982522520906799,-0.015448110589851348,0.41729295584567794,0.017867394011489242,0.016491567179345176,0.9997043579683607,0.6508486853536795
0.9981018738416354,0.05846240147367293,-0.019359290969313468,5.609664749033243,-0.058773289211607974,0.9981447662718002,-0.015899309406556237,0.424930036751908,0.018393862964091387,0.01700694066279092,0.9996861784627843,0.67221862772751
0.9979886546236083,0.06017472908355281,-0.019942511449374343,5.774779430441981,-0.060504175656801856,0.9980340325945943,-0.01634949429142296,0.43227271696865444,0.018919476962415412,0.01752321380336685,0.999667462515512,0.6936839374913433
0.9978721163895805,0.06188647576870758,-0.020526422522749676,5.939888683638344,-0.062235006456397415,0.997920133046202,-0.01679867224046131,0.4393209964959208,0.019444118659834284,0.01804038846372433,0.9996481505219033,0.7152446146451652
0.9977522971382019,0.06359775158998461,-0.02111114687360021,6.105007535596798,-0.06396590935887984,0.9978030482199394,-0.017246831078072268,0.4460722256743672,0.0199679054029761,0.01855845905592999,0.9996283616912441,0.7369006591892671
0.9976292581561489,0.0653085638847741,-0.021696680726907426,6.270120959342933,-0.06569688003970131,0.997682776822029,-0.017693960121607476,0.4525290541633318,0.02049083719184415,0.019077416266758226,0.9996080364188916,0.7586520711233646
0.9975028820451846,0.0670188802906747,-0.022283027210795142,6.435228954876777,-0.06742789779839799,0.9975592640346885,-0.018140066385003616,0.4586914819628145,0.021012912163791062,0.01959726382149021,0.9995871151001996,0.7804988504474579
0.9973732300919905,0.06872870080768646,-0.02287006353478943,6.6003463835689615,-0.06915895831040528,0.9974325098579183,-0.01858515071435541,0.46455592022758374,0.021534011109530567,0.02011799985748079,0.9995656573398182,0.8024409971616961
0.9972403022965669,0.07043803879888309,-0.02345779034578238,6.765458384048827,-0.07089006157572318,0.9973026329837341,-0.01902921677836615,0.47012595780286937,0.022054134029062675,0.020639626237392395,0.9995437227423916,0.824478511265923
0.9971041219469299,0.0721467561655642,-0.02404632428431348,6.930564790712879,-0.07262107552135194,0.9971695367143627,-0.019472261032572054,0.47540065550331434,0.022573400131696522,0.021162141098560242,0.9995211920986257,0.8466075780627449
0.9969646670488422,0.07385495563118737,-0.02463554558171421,7.095665603560889,-0.07435212488290124,0.9970332029368996,-0.01991428000748345,0.4803800133283822,0.02309168834547891,0.021685536990405676,0.9994981250131709,0.8688320122494204
0.9968219401898567,0.07556264754598434,-0.02522557357688994,7.260760822592914,-0.07608319498560824,0.9968936903504628,-0.020355264008721487,0.48506403127807296,0.02360911787970156,0.02220981577558255,0.9994745214860236,0.8911518138259495
0.9966759426637575,0.07726981723517548,-0.025816289901269534,7.425850447809125,-0.0778142784920661,0.9967510015426105,-0.02079522823370738,0.48945270935292307,0.024125567662430864,0.02273497745409059,0.9994503815171866,0.9135631680950738
0.9965266744705394,0.07897645434852925,-0.026407809795297707,7.590934479209295,-0.07954537540229185,0.9966050778142249,-0.021234150471074843,0.4935460475523943,0.024641158765601526,0.023261016437985643,0.999425705106658,0.9360698897540516
0.9963740794986473,0.08068256189888771,-0.027000015213848056,7.756012751189957,-0.08127646069125707,0.9964559791582037,-0.021672047752592547,0.4973431066911296,0.025155770117279905,0.023787930864631122,0.9994004922544406,0.9586681641054753
0.9962182764400918,0.08238812219862954,-0.027593025066060206,7.9210854293545765,-0.08300754772205202,0.9963036481692082,-0.022108897220004732,0.5008448259544878,0.025669519064113716,0.024315715146082738,0.9993747429605325,0.9813618058467597
0.9960592065957595,0.08409313826059626,-0.02818671677409703,8.086152348099688,-0.0847386261444284,0.9961481448401347,-0.02254472237844826,0.50405026615711,0.026182288259457447,0.024844378595574805,0.9993483976202909,1.004147000280497
0.995896812560311,0.08579760274739842,-0.02878109390033763,8.251213507425035,-0.08646967827076464,0.9959894704647629,-0.022979511251520954,0.5069594272984599,0.026694077703311076,0.025373913762526585,0.9993215754430069,1.027027562103946
0.9957311543266388,0.08750150530880456,-0.02937626995719507,8.416268907330874,-0.08820070711391895,0.9958275663439756,-0.023413253280813975,0.5095723093790738,0.027205002879676053,0.025904313196348776,0.9992941572193874,1.0499996766198478
0.995562233188527,0.0892048312700349,-0.02997212592921393,8.581318547817006,-0.08993170533648474,0.9956624350653303,-0.02384595999507039,0.5118889123984136,0.027714944579263916,0.0264355806223314,0.9992662621587257,1.0730671585254683
0.9953900504397493,0.09090759098132123,-0.030568782342752343,8.7463624288836,-0.09166266560108927,0.9954941353279451,-0.02427761770775494,0.5139092363570175,0.02822402387401046,0.026967716040483158,0.9992377710517287,1.0962261931235417
0.9952146073740898,0.092609769767884,-0.031166118994896918,8.911385523556305,-0.09339358057032568,0.9953226697193785,-0.02470824193975034,0.5156359309142218,0.028732119691982062,0.027500717588158634,0.9992088031076892,1.1194767804137769
0.9950359039915436,0.09431136461688173,-0.031764251990100384,9.07640269320575,-0.09512445024421047,0.9951479782467346,-0.02513780465318645,0.5170654072247949,0.029239349379823133,0.02803457408947835,0.9991792391173165,1.1428189203963228
0.9948539048810188,0.09601223611790795,-0.03236306026143354,9.241413937831766,-0.09685513219947885,0.9949700854918134,-0.025566327195424707,0.5181976652881986,0.02974559559090775,0.028569289269729983,0.9991491386852576,1.1662564277684524
0.9946686480411651,0.09771251935682104,-0.032962662824357,9.406404396063948,-0.09858575418461572,0.9947890281594904,-0.025993798037738804,0.5190362939502045,0.03025097380921886,0.02910486499156974,0.9991185018115087,1.1897854878327436
0.9944801360595457,0.09941218197122008,-0.03356294120397863,9.571388929272842,-0.10031630152482526,0.9946047514319851,-0.026420221048020495,0.5195777043655774,0.030755368550759388,0.02964129566705305,0.9990873284960748,1.2134061005893457
0.9942883676423765,0.10111124164872645,-0.034164013228301086,9.736367537458506,-0.1020467815575135,0.9944173127146362,-0.026845588689683123,0.5198218965343191,0.0312588952995275,0.03017858502147906,0.9990556187389518,1.2371182660382658
0.9940933466709997,0.10280968070171893,-0.03476575891152951,9.901325193646585,-0.103777172270494,0.9942266546021054,-0.02726990698841064,0.519771520115766,0.03176143298359176,0.030716725604258324,0.9990233725401438,1.2609219841792054
0.9938950157400809,0.10450749480564983,-0.03536805956164802,10.06627675920771,-0.10550745597612918,0.9940328383810695,-0.027693189307276805,0.5194229862646864,0.03226286798159804,0.031255713690108974,0.9989905898996544,1.284817255012321
0.9936934322549492,0.1062046736102877,-0.03597114997513043,10.231207372771252,-0.10723765036207313,0.9938358053524112,-0.02811539424535448,0.518779883826312,0.03276343126154487,0.03179554182844171,0.998957270817479,1.308804078537463
0.9934885988031681,0.10790122012847361,-0.036574913506950336,10.396116868733486,-0.10896774075352945,0.9936356155090251,-0.0285365575013316,0.5178412736147457,0.03326300361414488,0.032336230508361735,0.9989234152936176,1.3328824547544968
0.9932805166785108,0.10959710933519683,-0.037179463886647134,10.56102043967249,-0.11069771981312616,0.9934322127393528,-0.02895665902162569,0.51660544515655,0.0337617116992693,0.03287776482869888,0.9988889637234235,1.3570523836638344
0.993069185880983,0.11129234856784748,-0.03778468533769456,10.725902893010186,-0.11242758754084492,0.9932255957496161,-0.029375696524213443,0.5150741089251625,0.034259425131757684,0.033420137338872676,0.9988540353161914,1.3813138652650707
0.9928545502990241,0.11298692983318283,-0.038390574838284584,10.890764228746775,-0.11415731891167538,0.9930158264733812,-0.029793674324670855,0.5132472649211213,0.0347561513621917,0.03396334803889149,0.9988185704672763,1.4056630848609188
0.9926366699255315,0.11468084946250766,-0.0389971293666092,11.05561947385641,-0.115886916938459,0.9928029055575365,-0.03021059673857394,0.5111222634845536,0.03525188666528324,0.034507404379335846,0.9987825095720329,1.4301038571489428
0.9924155441136107,0.11637408675535904,-0.03960446998960542,11.220453601364738,-0.11761638528990691,0.992586715603847,-0.030626442418586412,0.5087017542747958,0.03574674652503102,0.03505229145902714,0.9987459718397481,1.4546361821288585
0.9921911173985954,0.11806665808765254,-0.04021247801525216,11.385266611271959,-0.1193456952722971,0.9923674352972255,-0.031041224727765257,0.5059857372923826,0.0362406191827277,0.03559801300328151,0.9987088380611362,1.479256245103393
0.9919635071787231,0.11975853240869284,-0.04082114977485972,11.550058503577873,-0.1210748675860921,0.9921448885403168,-0.031454944313016736,0.5029742125367811,0.0367334971877949,0.03614456901207284,0.9986712274454864,1.5039678607698193
0.9917325973495358,0.12144971941285876,-0.04143048462153601,11.714829112678814,-0.12280387419343851,0.9919191946720264,-0.03186759750563756,0.49966624082209243,0.03722538054023148,0.03669195948541833,0.9986330803881547,1.528771029127995
0.991498389204807,0.12314020508122381,-0.042040601894183786,11.879593631152943,-0.12453270775696383,0.9916902956401253,-0.03227917461124048,0.49606011167541375,0.03771639217461839,0.037240180698018904,0.9985943372844924,1.553661935481074
0.9912610001427741,0.12482998875793552,-0.04265149533655282,12.0443368664221,-0.1262613889771306,0.9914582520844025,-0.032689661601943774,0.4921575355696497,0.03820652464037725,0.037789221474012175,0.9985550577391464,1.5786443945259023
0.991020316646547,0.12651905642406705,-0.04326293188019833,12.209058818486398,-0.1279898751412733,0.9912230059526285,-0.03309908822570874,0.48795851250533673,0.038695546969510594,0.03833908553867966,0.9985153013567678,1.6037145915652076
0.990776396121455,0.12820741476115496,-0.04387514653423095,12.373759487345751,-0.12971818393704657,0.9909846165908097,-0.03350743574065039,0.4834630424819384,0.039183693855307254,0.03888978034261059,0.9984749489280591,1.6288763412962695
0.9905292418019561,0.12989504241288324,-0.044487904936426924,12.538438873000217,-0.1314462970209418,0.9907430272404983,-0.03391472655734025,0.47867112549998936,0.03967072315390054,0.03944129470992516,0.9984340600576723,1.6541258290218153
0.9902787943420319,0.13158193571055718,-0.04510143454587288,12.703096975449881,-0.1331742077114562,0.990498238548584,-0.03432092056863852,0.4735827615594932,0.04015687700915822,0.039993624915333,0.9983926943502478,1.6794630547418379
0.9900251137345799,0.13326808364809187,-0.04571574032503748,12.86771876772022,-0.1349019190214312,0.9902502524557346,-0.03472602446502878,0.46820060031924626,0.040642151695792175,0.040546774684124195,0.998350732596495,1.704891833153333
0.9897682019202737,0.13495349657571926,-0.04633069991321254,13.03231919398391,-0.13662941994476588,0.9899991276610693,-0.03513005225648264,0.46252152252750456,0.0411264317298048,0.041100740291017165,0.998308234401062,1.7304083495592337
0.9895080021406686,0.1366381634873548,-0.04694619699329812,13.196898337042711,-0.1383566891251259,0.9897448661052571,-0.035533009321794574,0.45654599777721216,0.04160959045132645,0.04165551801072139,0.9982651997639531,1.7560126039596256
0.9892445530413035,0.13832217374338188,-0.047562352197981154,13.361456114094864,-0.14008385064230286,0.9894873309833758,-0.03593489330398392,0.4502735564754232,0.04209175452021152,0.042211111568511844,0.9982216882898083,1.7817045963544231
0.9889778746757478,0.14000543732756435,-0.0481792803379354,13.525992442338293,-0.14181079076677047,0.9892267197401351,-0.03633566882779072,0.4437037290286536,0.04257303569518585,0.04276751351383177,0.9981775807693377,1.8074881414408352
0.9887079709253435,0.14168791585181736,-0.04879685603064726,13.690492377600748,-0.14353748748634312,0.9889628575719595,-0.036735354218771,0.4368396346897221,0.04305331849225343,0.04332471639607429,0.9981329368071892,1.833359424521376
0.9884347834144217,0.14336962267921424,-0.04941496446543778,13.85497086405465,-0.14526392861642476,0.9886958631708632,-0.037133984852167935,0.42967815420634814,0.04353248370212389,0.04388273139112759,0.9980877564033628,1.8593184455962586
0.9881583721358752,0.14505054012213384,-0.05003372282790444,14.019427901700027,-0.14699011716987362,0.9884256791315085,-0.037531517368467444,0.4222192875785282,0.044010646808798674,0.044441547323111924,0.9980420991625042,1.885365204665483
0.9878787377365932,0.14673067486211305,-0.050653126368210184,14.183848463562498,-0.14871604947799477,0.9881523647999032,-0.037927967736211335,0.4144656844656023,0.044487807812278325,0.04500116419203593,0.9979958458753219,1.911499701728772
0.9875958818337994,0.14840999519260362,-0.05127318112997105,14.348247576616473,-0.15044171636905151,0.9878758047184789,-0.038323327324247605,0.40641469520823037,0.0449639704378545,0.04556158199788199,0.9979491157511063,1.937721936786403
0.9873097466987099,0.1500885303299534,-0.051893879775792025,14.51261021388757,-0.15216710198976868,0.9875961753080359,-0.038717597426338464,0.39806896946575065,0.045439127234946315,0.046122800740676186,0.9979017895805681,1.9640319098380914
0.9870203106605163,0.1517663556156196,-0.05251546379264985,14.67695131954845,-0.15389232924145954,0.9873132817114244,-0.03911073167909127,0.38942538798641557,0.04591352034740493,0.04668481296981381,0.9978539269683478,1.990425806186792
