1.0000000000000002,-2.8302300538779762e-18,5.01134501779723e-18,0.0,-2.8302300538779762e-18,1.0000000000000002,-1.7340631112346803e-19,0.0,5.01134501779723e-18,-1.7340631112346803e-19,1.0000000000000002,0.0
1.0000000000000002,-2.8302300538779762e-18,5.01134501779723e-18,0.0,-2.8302300538779762e-18,1.0000000000000002,-1.7340631112346803e-19,0.0,5.01134501779723e-18,-1.7340631112346803e-19,1.0000000000000002,0.0
1.0000000000000002,-2.8302300538779762e-18,5.01134501779723e-18,0.0,-2.8302300538779762e-18,1.0000000000000002,-1.7340631112346803e-19,0.0,5.01134501779723e-18,-1.7340631112346803e-19,1.0000000000000002,0.0
0.9995386057140868,-0.02994006044533376,0.005115512454197484,0.3767729802871268,0.02997964898984748,0.9995197158471586,-0.007845908440744117,-0.001037227642285865,-0.0048781485816676365,0.007995649651201791,0.9999561356644951,0.00867971957035829
0.9995449314914076,-0.029911517657414205,0.0039026966661567706,0.41597967424648935,0.029955591936995794,0.9994819175555325,-0.011771108325910565,-0.001689719806754475,-0.0035485830329901494,0.011882659253985475,0.9999231020271068,0.010303625834859886
0.9994833912449351,-0.031081523550870332,0.008178601303483437,0.4506913235499868,0.031178165802923485,0.9994422020038041,-0.01196690565490687,-0.002419742438972028,-0.007802089636120643,0.012215717234150518,0.9998949463067437,0.011843980127507425
0.9994549681464922,-0.031134647847420028,0.01097270936058495,0.48523491636100646,0.03125303321985276,0.9994532843463916,-0.010787971253676533,-0.0027476493916676614,-0.010630830722643704,0.0111250219158667,0.9998816026537934,0.013508632356822314
0.9994695277903505,-0.030614180886224064,0.01111012813605472,0.5249009293763375,0.030725918120427242,0.9994775233012271,-0.010029873942476846,-0.0033067538361601367,-0.010797266977842243,0.010365922260499946,0.9998879770661805,0.01576337603215805
0.9993790103301174,-0.03207396214956292,0.014589539527482258,0.5594964016204009,0.03226841768766979,0.9993908214598974,-0.013294179239282045,-0.0036890393634660956,-0.014154254891361896,0.013756705046648447,0.9998051860911357,0.01788508958224222
0.999371440469467,-0.032363707881577,0.014467701480844586,0.5990294872488575,0.032554409686874286,0.9993835074214417,-0.013145931079872194,-0.003707839866404272,-0.014033331176952516,0.01360865556083902,0.9998089167985574,0.020050555850138707
0.9993888843558782,-0.03301321056613527,0.011488505300028715,0.6431343671094539,0.03313402258180829,0.9993958720582611,-0.010489397525872959,-0.003281774143455818,-0.011135276083734604,0.010863647684989864,0.999878986070572,0.02170684134936618
0.999403482612843,-0.03302392656768326,0.010104415637391808,0.6770650256362287,0.0330943616628659,0.9994285184798899,-0.006884742204324657,-0.0026672828059937093,-0.009871279929590472,0.007215034521389446,0.9999252477607549,0.022319133406550673
0.9993433879626192,-0.03458800389438109,0.010791798830424153,0.710586567066811,0.03467377251754952,0.9993677412439133,-0.007864302921448718,-0.001849517824313196,-0.010512965081046027,0.00823333150318617,0.9999108409341122,0.022543239414182015
0.9994161768238422,-0.033280232773705794,0.007728622732561319,0.7483897833801801,0.033339625217182825,0.9994145151857637,-0.007687406999925336,-0.0009045069131770611,-0.007468259046932708,0.007940588298902818,0.9999405843170257,0.022616876645498163
0.9994902975566629,-0.03175751304977698,0.003256601754539072,0.7812970074904124,0.031774129353186534,0.9994816296673302,-0.0051842705741233265,-5.969230333857656e-05,-0.0030902740883929016,0.005285103824145312,0.9999812587661968,0.0226928589923876
0.9995727038291581,-0.029207075000738467,0.0011647014928668276,0.8186039710098527,0.029210984993462127,0.9995671590815338,-0.0034946875945367356,0.0008597879059469848,-0.001062127759725131,0.003527216405739297,0.9999932152915084,0.022739473922583908
0.9995339823911494,-0.030523847698255863,-0.0003358079565723359,0.8513389536841782,0.03052167495641658,0.9995204059090441,-0.00523311850382573,0.002376169203562206,0.0004953818172583762,0.005220430357155463,0.99998625075735,0.023108939430021458
0.9996129893402018,-0.027816341358987074,-0.0003502795255304858,0.8888634675755134,0.027814765711821152,0.999605484474839,-0.0039005405035069216,0.0031615704371638076,0.000458640100949622,0.0038892880098168135,0.9999923315146145,0.023440968339177193
0.9995849835356975,-0.028807169794710798,-8.751204667415763e-05,0.926772350732326,0.028806734813820265,0.9995797405471392,-0.0032425787701044328,0.004596734182949036,0.00018088478611243112,0.003238712110206485,0.9999947389984416,0.023826327876392384
0.9996503792587087,-0.026439642353684765,0.0002540868536335876,0.9552045557507756,0.026440449486138547,0.9996423385263558,-0.004012188496304182,0.0053978370284201715,-0.00014791514765722085,0.004017503922606495,0.9999919188590181,0.02394232179025657
0.9995702346234666,-0.02909175160936048,0.003607775365440415,0.9935906544349915,0.029107416911151922,0.9995667439299795,-0.004368376126174861,0.006576443395799159,-0.003479128561665128,0.004471511771047813,0.9999839504946733,0.02352752106298972
0.999603542104938,-0.02803440438754671,0.0026135764571082265,1.0317970808819732,0.028053571973476608,0.9995774467045375,-0.007610856664442436,0.007246366148511985,-0.002399106248296694,0.007681159435477302,0.999967621515285,0.02279782009876241
0.9996185766481642,-0.0275588751786622,0.0017915408969945412,1.0701527615267439,0.027575344747897124,0.9995704000215534,-0.009930546953049483,0.007682949844399711,-0.0015170965471288812,0.009976161568409667,0.999949086013097,0.021686827595023495
0.9996420133635263,-0.026508458063957546,0.003625847430187072,1.103738274947179,0.02654490730493999,0.9995934814870319,-0.010403829333804857,0.008009883839310727,-0.0033485839824817696,0.010496352685871372,0.9999393049408578,0.020402015556443054
0.9996100222058195,-0.027659836035890055,0.0038388769384719423,1.1372835950600415,0.02771179187659544,0.9995148872931624,-0.014214312165041394,0.008424087794871638,-0.0034438491066410876,0.014315151057696273,0.9998916023017326,0.0190245532167177
0.9996725211004125,-0.025338400572406918,0.0035799459741695026,1.1708612031587986,0.02538595761068738,0.9995806650286593,-0.013930084603176135,0.008507918155471916,-0.003225478713944238,0.014016403151147942,0.9998965630152804,0.01760990974280796
0.9996099989440709,-0.02774789169701208,0.0031471443254963245,1.214059485115155,0.027791156157277556,0.9995063029961196,-0.014656121945149774,0.008802496823335837,-0.002738914105339836,0.014737868821514698,0.99988764047373,0.01566010800091444
0.9996290959826168,-0.02705944122340117,0.003075240747193975,1.2527139013651953,0.027105610034131374,0.9995025802393913,-0.016120731977069074,0.008934098845192529,-0.002637493062265988,0.016198109009270135,0.9998653233785388,0.013639680065405724
0.9995979095420217,-0.02795421403419528,0.004751963483706733,1.286468196630234,0.02803361897767202,0.9994527856750339,-0.01755691924652803,0.009109934017572485,-0.004258573262818198,0.017683074510525552,0.999834573031769,0.012008556696977646
0.9995690066936124,-0.028748651622530083,0.005942717175807332,1.3201798706649073,0.028839131972461088,0.9994600381208981,-0.015746004777329813,0.009174116808058352,-0.00548683192928397,0.015910601159576553,0.9998583636926386,0.010425926992908785
0.9995263200404519,-0.030452793426343962,0.004445550463606038,1.3586552757379429,0.030525799138610785,0.9993825271447313,-0.01739942598937589,0.009501788245022291,-0.003912944331476609,0.01752688821048968,0.9998387355250425,0.008770007439454552
0.9995859075411857,-0.028721650234078105,0.0017550649264050377,1.397254285440106,0.028747708016655046,0.9994375064299115,-0.017269627238311335,0.009600934267424643,-0.001258065520457164,0.017312930109959976,0.9998493285101281,0.0070175683872282235
0.9995862596716688,-0.028759499197972858,0.0004479748713936261,1.4309765942304589,0.028762984433203666,0.9994571969849626,-0.01606244444215045,0.00979963251323518,1.421614876873823e-05,0.01606868385536551,0.9998708902638668,0.005114213734177753
0.9995438051216762,-0.030181133099555082,0.0011317454252678335,1.469542741259891,0.03019528355425808,0.9994185251581884,-0.015838447578901415,0.010508342142873217,-0.0006530650493065424,0.015865395534262514,0.9998739234176391,0.0027801718203397385
0.9994907313197633,-0.03181951067909545,0.0024076432517442688,1.5034759496395886,0.031855772843911064,0.9993491752474624,-0.01692441043977267,0.011142165112422497,-0.0018675498391950117,0.016992488704120963,0.9998538731160861,0.0005804462336160832
0.9995149398337576,-0.030982946407802414,0.00315310656530944,1.5422136221481493,0.031033407992459308,0.9993658133993034,-0.017461345799306215,0.011969745678022226,-0.0026101029662671414,0.017550727638494926,0.9998425672684004,-0.0021970483732984825
0.9995011416412002,-0.031220086599754296,0.004772216533389819,1.5761275936037449,0.031293989121832545,0.9993775155769681,-0.01628703791516197,0.012724957832169592,-0.0042607631687696,0.016428254682440833,0.9998559688001611,-0.004797072274399294
0.9995112377259776,-0.031123452865159638,0.002935360494809089,1.6148703031533505,0.0311624444030175,0.9994115474368022,-0.01433390766000495,0.014009565470289753,-0.002487512474972287,0.014418374794923722,0.9998929556457331,-0.00770389794501547
0.9995000272151291,-0.03150875276510424,0.0026256610870979006,1.6534686048901597,0.03153923005382103,0.9994242028288641,-0.012511585331288225,0.01537939272692146,-0.0022299247899685245,0.012588141208196334,0.9999182797290757,-0.010630767432741273
0.9994511367235795,-0.032864613239342526,0.0041644325632303825,1.6872374645995314,0.03290429969482148,0.9994099733457065,-0.009849479109483257,0.016704057049969467,-0.0038382761154759225,0.009981100829227594,0.99994282099663,-0.013192400565662066
0.999470956598947,-0.03241105619498504,0.0027074621902119147,1.7304784325270186,0.032451183705023916,0.9993388486265952,-0.01639470346830915,0.01850800655257112,-0.0021743024924549205,0.016473890311535993,0.9998619321419706,-0.016520161201790007
0.999458519782623,-0.032802074126732486,0.0025867289986835833,1.7592602450113266,0.03283894218186989,0.9993357268850631,-0.015802178567485805,0.01986681871143564,-0.0020666664714196013,0.015878567444427987,0.9998717917741299,-0.01857601566786915
0.9994767623492807,-0.031926577981646366,0.0051860526589282835,1.798025131162883,0.0319854307903269,0.9994199449277331,-0.011692129737738642,0.02204827473521842,-0.004809754770934991,0.011851890103639904,0.9999181961340711,-0.021393987495181843
0.9994332374649344,-0.03348516805335734,0.003456496896947684,1.8366283078982382,0.033525790016658,0.9993602732206267,-0.012452538381939434,0.0240984614574572,-0.0030373103429097627,0.01256136253887838,0.9999164899715615,-0.024068699412416183
0.9994818208943874,-0.03210946326028454,0.0022521258348603785,1.855853549616729,0.032133588120033016,0.9994156923427783,-0.01164930957341225,0.02522057698531721,-0.001876756822734878,0.011715642028568384,0.9999296082803463,-0.025367859257614533
0.9994873677387582,-0.03198774040213735,0.0013364859200125346,1.8989474505481176,0.031999022407934764,0.9994426884401865,-0.009506581319775402,0.027898985874684923,-0.0010316470255909917,0.009544474182399133,0.9999539182967366,-0.027997962303445423
0.9995017629081255,-0.03154519897011313,0.001061303672657594,1.9323483437719318,0.031552567897380514,0.999471305003134,-0.007845121695283926,0.030534983830343643,-0.0008132666418932226,0.007874699820856331,0.9999686633590579,-0.029882716876877602
0.9995062484644932,-0.031419989876453565,-0.0002086063248381184,1.970775705164693,0.031418120392713016,0.9994875050421721,-0.006134246128399356,0.03347255542150446,0.0004012373664024614,0.006124663316325833,0.9999811635765137,-0.03172752249422617
0.9995129946723499,-0.031204690782453144,0.000201876899169347,1.999576653322706,0.031205290065947255,0.9995023624606888,-0.004610564759525933,0.035925812473058344,-5.790518999251617e-05,0.004614619017120761,0.9999893509124562,-0.032820631741699025
0.999507544571481,-0.031207451891599357,0.003280745513142745,2.0428268045618534,0.031212499970936735,0.9995116473060507,-0.001498914643607796,0.039601023716320766,-0.0032323660456032278,0.0016005767641882845,0.9999934949607265,-0.03435799580378429
0.9995385899375203,-0.030098665639886,0.004083815913081548,2.0764515252132467,0.03010744781723775,0.9995444487584999,-0.002106310043379684,0.04208853990496583,-0.004018558403942672,0.002228291445229274,0.9999894428970683,-0.03513042714810144
0.9995157374358263,-0.03072278476399037,0.004939748420960769,2.1148332861240133,0.030733463881807106,0.9995254080487548,-0.002100681507621642,0.04509840385466843,-0.0048728652703026445,0.0022514798058890593,0.9999855929075887,-0.03585777606074769
0.9995257522099615,-0.030671222949702835,0.002747135213337913,2.1528897374137133,0.030688186077560953,0.9995087619360725,-0.006361607366756576,0.04816147023932271,-0.0025506674380900945,0.006442894985128931,0.999975991311707,-0.03622481303556935
0.9995046305615619,-0.031173094040646134,0.004328012699702745,2.1917780430700673,0.031168925676779046,0.9995136031119394,0.0010272615752791087,0.05165750214928594,-0.004357930489484636,-0.000891853195124244,0.9999901064709227,-0.0370577516679913
0.9995226064593087,-0.030888948981937805,-0.0006572728361350869,2.22511651721869,0.030885421583303336,0.9995112575743204,-0.004830809023568018,0.05388714899341107,0.0008061702124853064,0.004808202677904568,0.9999881155676784,-0.03733893840404967
0.999498838851351,-0.031511289221037804,-0.003018242274824808,2.2588446553466213,0.03148931189697486,0.9994790729703249,-0.007071487158691872,0.05660119392247687,0.0032395016679221413,0.00697290083169217,0.9999704417046212,-0.037658806749693685
0.9995172151949943,-0.03104273616797233,-0.0012980986285100944,2.2974620447674985,0.0310346093417508,0.9995010657245581,-0.00587134043278429,0.05948676507222633,0.001479713434618699,0.0058282198550154525,0.9999819209873112,-0.03801285301846935
0.999664763527702,-0.02588298958194375,-0.0006568191567112053,2.336167007433855,0.02587825276515247,0.9996445363588339,-0.006412250911713409,0.06292862815364239,0.0008225539049268645,0.006393103959179909,0.9999792255976323,-0.03822452098265883
0.999638687441985,-0.026852561609784813,0.001197707918747654,2.365645139801832,0.026851000413680656,0.9996386002053248,0.0013010596926214496,0.0654799790529236,-0.0012322118529058538,-0.0012684299475940169,0.9999984363684866,-0.038628837253965376
0.9996436426190826,-0.02658730023910378,-0.002388145148104422,2.4095100840506154,0.0265823091359649,0.9996444265441763,-0.002097932354844291,0.06873827672590357,0.002443074344480688,0.00203370232857651,0.9999949477085305,-0.038688416377940626
