0.9999999999999993,-6.735704342506813e-19,-1.3005833789771378e-18,0.0,-6.735704342506813e-19,0.9999999999999992,4.467713605955134e-19,0.0,-1.3005833789771378e-18,4.467713605955134e-19,0.9999999999999992,0.0
0.9999999623285796,-0.00026818464739057824,-5.8479338881525096e-05,0.013828414181014187,0.000268279826487653,0.9999986295569675,0.0016336799320872696,-0.00011701041265577139,5.80411308623874e-05,-0.0016336955593711164,0.99999866383413,0.00014853775030099214
0.9999998381901696,-0.00055509994063538,-0.0001244334719681194,0.04171590358154473,0.0005551357876473599,0.9999998043731048,0.0002882325588474321,-0.00023357647313249075,0.00012427344974927845,-0.00028830158968204286,0.9999999507191496,0.0009908903434769911
0.9999985333363778,0.0011885105419775002,-0.0012331941388559603,0.06043100224472003,-0.0011877636503606179,0.9999991108619481,0.0006062118632564977,-2.9247275700527986e-05,0.0012339135315662744,-0.0006047462309756418,0.9999990558692502,0.0015816108961401731
0.9999892910699625,0.001632923784910015,0.0043302777400419,0.09771436173989004,-0.001632255633841585,0.999998655415172,-0.0001578270993920707,0.0001768813733545871,-0.004330529637240651,0.00015075728899542224,0.9999906118485813,0.003898666893854763
0.9999857929112851,0.001137276615400162,0.005207742071944032,0.1351828572854948,-0.0011404617472150767,0.9999991644238564,0.0006086859547021511,0.0008973242423171435,-0.005207045476176594,-0.0006146165376692088,0.9999862543674889,0.006899142619980925
0.9999984710414296,0.0013169913796469035,0.0011504123210558076,0.17268828215719706,-0.0013217905191506526,0.999990386350845,0.004180918046384938,0.0022871650585724046,-0.00114489502836927,-0.0041824322580335475,0.9999905981936932,0.01013688333638374
0.9999974110786871,0.001592528297361258,0.0016253275190424511,0.20561299105650216,-0.0016059236819547485,0.9999644811920269,0.008273896511740998,0.003592208964313226,-0.0016120933750220275,-0.008276485243227745,0.999964449841577,0.01267659073534233
0.9999855809270485,0.0008463368467548877,0.00530298519085188,0.23848738533842417,-0.00091419010404445,0.9999175823963455,0.01280596232622023,0.005242232517319145,-0.005291709973745401,-0.01281062561269861,0.9999039382245499,0.015260378787863349
0.9999902452095001,0.0016989096780513331,0.004077154859616317,0.2713864141185176,-0.0017609607761947697,0.9998819447201344,0.01526419469957172,0.006850346928052198,-0.004050741041855548,-0.015271225510336535,0.9998751827945445,0.01780207717786153
0.999993409700515,0.0036012633387510064,0.0004598455200751419,0.3042847636801628,-0.003607555334081458,0.9998882725821628,0.014506133088080434,0.008556831741651783,-0.0004075537374454379,-0.014507696406477819,0.9998946747757625,0.020250533668991544
0.999993409700515,0.0036012633387510064,0.0004598455200751419,0.3042847636801628,-0.003607555334081458,0.9998882725821628,0.014506133088080434,0.008556831741651783,-0.0004075537374454379,-0.014507696406477819,0.9998946747757625,0.020250533668991544
0.999993409700515,0.0036012633387510064,0.0004598455200751419,0.3042847636801628,-0.003607555334081458,0.9998882725821628,0.014506133088080434,0.008556831741651783,-0.0004075537374454379,-0.014507696406477819,0.9998946747757625,0.020250533668991544
0.999993409700515,0.0036012633387510064,0.0004598455200751419,0.3042847636801628,-0.003607555334081458,0.9998882725821628,0.014506133088080434,0.008556831741651783,-0.0004075537374454379,-0.014507696406477819,0.9998946747757625,0.020250533668991544
0.999993409700515,0.0036012633387510064,0.0004598455200751419,0.3042847636801628,-0.003607555334081458,0.9998882725821628,0.014506133088080434,0.008556831741651783,-0.0004075537374454379,-0.014507696406477819,0.9998946747757625,0.020250533668991544
0.999993409700515,0.0036012633387510064,0.0004598455200751419,0.3042847636801628,-0.003607555334081458,0.9998882725821628,0.014506133088080434,0.008556831741651783,-0.0004075537374454379,-0.014507696406477819,0.9998946747757625,0.020250533668991544
0.999993409700515,0.0036012633387510064,0.0004598455200751419,0.3042847636801628,-0.003607555334081458,0.9998882725821628,0.014506133088080434,0.008556831741651783,-0.0004075537374454379,-0.014507696406477819,0.9998946747757625,0.020250533668991544
0.999993409700515,0.0036012633387510064,0.0004598455200751419,0.3042847636801628,-0.003607555334081458,0.9998882725821628,0.014506133088080434,0.008556831741651783,-0.0004075537374454379,-0.014507696406477819,0.9998946747757625,0.020250533668991544
0.999993409700515,0.0036012633387510064,0.0004598455200751419,0.3042847636801628,-0.003607555334081458,0.9998882725821628,0.014506133088080434,0.008556831741651783,-0.0004075537374454379,-0.014507696406477819,0.9998946747757625,0.020250533668991544
0.9999361152187561,0.010328798645350546,-0.004591448547648507,0.6183954884383078,-0.010290985143402556,0.9999135522547866,0.008184353486493464,0.018823095264058454,0.004675586166478661,-0.00813658010207081,0.999955966509647,0.047411859049661054
0.9999731182433712,0.005811368956635914,-0.004471105174045417,0.6457345682605398,-0.005782495740963505,0.9999625194782986,0.00644378627963871,0.01973853577541218,0.004508384814239596,-0.006417758912717859,0.9999692429454536,0.049395982163787266
0.9999301141301816,0.010589090478769048,-0.005257187312029917,0.6823981535585528,-0.0104712897044173,0.9997042095223311,0.02195098073564753,0.019223463779131977,0.005488073207191176,-0.02189439714089081,0.9997452257581974,0.05229201333999001
0.9996731030483951,0.024607335260599,-0.006940179606102301,0.7128521768080578,-0.02448043668024853,0.9995416079960104,0.01781241434206713,0.01780313906771258,0.007375314334780557,-0.01763669289072125,0.9998172592040713,0.054052939988946225
0.9999675591254874,0.002446436661564274,-0.007674349762352833,0.7418526300056274,-0.0024522147821384403,0.9999967168499068,-0.0007435940213307259,0.019194094673343653,0.007672505410635596,0.0007623890524209331,0.999970275270048,0.0547560547647743
0.9999681732259581,0.0017724747858603636,-0.007778873200726165,0.7785207695695964,-0.0017738791638224124,0.99999841159938,-0.00017364166710182193,0.018901116214714464,0.007778553069282437,0.00018743492173650298,0.9999697290319832,0.05623417752316229
0.999984820906778,0.0006003708653310671,-0.005476998344230556,0.8154010545258203,-0.0005892681501449448,0.999997768888055,0.0020285418306531227,0.01838475280007823,0.00547820400184836,-0.00202528361854492,0.9999829436081288,0.05734069514197371
0.9999818489246494,-0.0005666831927084861,-0.0059983907340257474,0.8476561119975834,0.0005740893864671619,0.9999990750078289,0.0012330469828417392,0.017884218872873836,0.005997686438560283,-0.0012364682141693297,0.9999812492760748,0.05798937195726017
0.9999814357400725,0.0036181218276249002,-0.004902792027298282,0.8843105163518548,-0.0035854321348613074,0.9999713939138067,0.006660032318530218,0.016747522102310675,0.004926748585911312,-0.006642330051873918,0.999965802715199,0.05879808768985573
0.999665360433683,0.025642455060266245,-0.0034105201180748743,0.9147143964695079,-0.02557580500853739,0.9995048394577714,0.018329050675327325,0.01387678600202813,0.003878833221323354,-0.018235690252240765,0.9998261920223256,0.05937746388126097
0.9999929873830622,-0.0021768724183255828,-0.003047361345887256,0.94433787227974,0.0021786663620387927,0.9999974553028868,0.0005854917874945546,0.01593964956341032,0.003046079050352285,-0.0005921268653221923,0.9999951853825064,0.058674472374783626
0.9999950555632634,-0.0031133832548523163,-0.0004423728444181598,0.9811528087471306,0.0031134580288605745,0.9999951389914862,0.0001684413847971867,0.01506612810364949,0.00044184627145314265,-0.0001698178612336176,0.9999998879668767,0.058450374499135815
0.9997314844504397,0.01863847747201469,-0.013768302583997416,1.0201874364720047,-0.018745654907750663,0.9997946591518108,-0.0076967495472372305,0.011199754122414696,0.013622019696022782,0.00795277869920784,0.9998755892061578,0.059062827559637654
0.9998701291318597,0.008435948006288746,-0.013731702409882066,1.0395614971407428,-0.008656673858615455,0.9998329940578708,-0.01609490574620621,0.012231155610091249,0.013593633345942952,0.016211686356110228,0.9997761721295157,0.05842947165779355
0.9997316289040873,0.01750503418513687,-0.015173791449620777,1.088790515470672,-0.01762761847901668,0.9998127524110382,-0.007982930728836362,0.010000835338797476,0.015031208718450572,0.008248266147522153,0.9998530036310442,0.057272012650590565
0.9995689281769536,0.022163723609377604,-0.019254276900006653,1.1206223859891133,-0.022292884277247352,0.9997302247162783,-0.006519593495013346,0.010097110920956998,0.01910458410372413,0.00694601644873386,0.9997933625113324,0.056041570335445545
0.9991096743930186,-0.03882164704015762,-0.01651478898941091,1.1532490184056032,0.03853019220866839,0.999102169277158,-0.01761475614475186,0.0053231362613783695,0.01718379535022498,0.016962755282247857,0.9997084485541747,0.054462539835720136
0.9996896715842608,0.0159534272670974,-0.019132398861237996,1.194036330865755,-0.016144309406710588,0.999821012491937,-0.009864291833563629,0.009836107881349254,0.018971605138534384,0.010170110030414957,0.9997682966870054,0.053211532014845186
0.999869800084142,0.014182429694881529,-0.007696854399491684,1.2309117633015683,-0.014138150812429785,0.9998833621295109,0.0057770951341995,0.010506980512621888,0.007777889900366488,-0.0056675236686178,0.9999536907298071,0.05129639855991286
0.9997787566225143,0.019339977095656546,-0.008270616196993425,1.2441677894672059,-0.01927922957120237,0.9997870283058986,0.0073626991246479485,0.010003068215542643,0.008411249222283592,-0.007201619067869063,0.9999386919053193,0.05087699528385281
0.9995732697259124,0.02469498968891157,-0.01560243358300311,1.2719570963762392,-0.024715735237549722,0.9996938716276521,-0.001138183544899855,0.009335502534563056,0.015569549804500295,0.0015233234650227348,0.9998776268146544,0.05024400135084539
0.9995521460542224,0.019580398678246336,-0.02262996478120254,1.3225435869459066,-0.019795358647589533,0.9997606657650356,-0.009314234539942415,0.009980061921350813,0.02244217223021961,0.009758031392278033,0.9997005200203386,0.048895530522886865
0.9998136467514733,0.010079620164508486,-0.016464295516635006,1.3630283749013796,-0.010187023410999722,0.9999272915233014,-0.0064526134936233135,0.00995085580182331,0.01639805852970397,0.00661913319201087,0.9998436331508256,0.0473032799706683
0.9997769829984141,0.014413550716528643,-0.01543482498540205,1.395375560766373,-0.01446058669516924,0.9998911176040507,-0.0029401307714042968,0.009969495132508999,0.01539076668068973,0.0031626716970815593,0.9998765532848123,0.04635164938637226
0.9998038021574601,0.014645417721657433,-0.013336751150256707,1.4314563487380398,-0.014653007600690523,0.999892527728508,-0.00047155163905642715,0.009842782921500759,0.013328411748584958,0.0006668826376154271,0.999910950388987,0.04510825034574539
0.9998315377060532,0.015425530691273408,-0.009947321812477636,1.4637900930857817,-0.015417588468558462,0.9998807593911444,0.0008746228912616908,0.010480462692613046,0.009959627210020684,-0.0007211118362139968,0.9999501416688515,0.043676762998183793
0.9997755339254366,0.017074029540270604,-0.012544292700849476,1.500556981613697,-0.017145053812019313,0.9998374626987887,-0.005576317228221842,0.009958540024670004,0.01244704358028771,0.005790138107572894,0.9999057682635921,0.04263455125636506
0.9998648109301678,0.011021629014360301,-0.012201785010775961,1.532947782181812,-0.011091515474571347,0.9999223845607481,-0.005674780949433856,0.00966606151955629,0.012138292633510274,0.005809350068340216,0.999909452552443,0.041411560683700444
0.9998755693985877,0.010141149159416784,-0.01208316239964938,1.5700371232607988,-0.010213850276774492,0.9999300140224341,-0.005970286393293666,0.009664132824315441,0.01202177118287793,0.006092959118587114,0.9999091723085679,0.03984731312632794
0.9998529497640999,0.009794168514976397,-0.014076686795119314,1.5985982456188352,-0.009890475338263044,0.9999280459667111,-0.006788327244411284,0.00959862406062073,0.01400918789976249,0.006926554142880208,0.999877875293825,0.03911794023612325
0.9999341937042967,0.00715926577437222,-0.00896399322341226,1.639997207550815,-0.007225052550566892,0.9999470462417296,-0.007328255459596822,0.009517525340077215,0.008911053617784218,0.007392538536353138,0.9999329695021606,0.037226818913143056
0.9999169977774484,0.008177572349143757,-0.00995614715678983,1.6728666871764843,-0.00820995245964096,0.999961127037322,-0.003215757276035321,0.009777980744324344,0.009929463044070929,0.003297229855872658,0.999945265521535,0.035832091249627496
0.9999351332432063,0.0068519782377507625,-0.009098335019086098,1.7102145325086158,-0.006878971292076204,0.9999720210960346,-0.0029388397495398078,0.009739723125128164,0.009077943591636283,0.0030012363019385024,0.9999542907157336,0.03441198154835989
0.9999505489890231,0.005186368520372696,-0.008485349616935336,1.747605709016444,-0.005204968387552706,0.9999840965700942,-0.0021713845759032194,0.009801940987057445,0.008473953070162387,0.0022154431752542036,0.9999616412297531,0.0328957881878984
0.9999365881252475,0.00795574628426965,-0.007970309247390861,1.780471767720102,-0.00796064942192902,0.9999681432057795,-0.0005836389007179927,0.010128436124482554,0.007965412055873556,0.0006470507287839572,0.9999680662581852,0.03168381509412388
0.9999293160570374,0.006091926795460579,-0.010210353452409546,1.8133910237891135,-0.006097723052354069,0.999981264715008,-0.0005366493721553401,0.010166873761621176,0.010206892929837758,0.0005988713472811694,0.9999477289787837,0.030508262987667845
0.9999160522476752,0.007229633230207477,-0.01075271411226483,1.846330639761618,-0.007219936564779038,0.9999734937935644,0.00094033307484574,0.010464995215378137,0.0107592273618502,-0.0008626202222079132,0.9999417457596853,0.02937829034069317
0.9999130296277734,0.009113490274557792,-0.009532967828664071,1.8842654935367116,-0.009084570005244383,0.9999540137156687,0.0030726278237485686,0.010759738918244999,0.009560531806684048,-0.0029857576825657833,0.9999498394832781,0.0281790742966459
0.9999558733497972,0.005031786059664421,-0.007932999577318542,1.922347336177988,-0.005021346588347308,0.9999865014030646,0.0013353239674902088,0.010562752722873547,0.007939611557479504,-0.001295430703753659,0.9999676416902739,0.027125191290248818
0.9999504857634435,0.00783007030456392,-0.006141337026895661,1.9605073355456233,-0.007821457336422016,0.9999683962711445,0.001425224209894068,0.010699385784786353,0.006152302543508696,-0.0013771194354609405,0.9999801261602516,0.026054343728667995
0.9999764847888668,0.003799782226787191,-0.00570889869676416,1.9986563705030875,-0.0038023334472532637,0.9999926760127739,-0.0004360976575327921,0.010205353318693877,0.005707199808734792,0.0004577945390659889,0.9999836090129193,0.025120446169048627
