-0.17364807426929474,-1.8623325104272226e-08,-0.9848077893257141,-142.74038696289062,-0.9848077893257141,1.461058189988762e-07,0.17364807426929474,10.682411193847656,1.4065224718251557e-07,1.0,-4.371138828673793e-08,49.999996185302734
-0.17283505201339722,0.0029058826621621847,-0.9849464893341064,-142.59140014648438,-0.9849488735198975,0.0014483286067843437,0.17283974587917328,10.751214027404785,0.0019287782488390803,0.9999947547912598,0.0026118240784853697,49.97087478637695
-0.17201636731624603,0.005810506641864777,-0.9850769639015198,-142.44256591796875,-0.9850865602493286,0.0028988956473767757,0.17203514277935028,10.820096969604492,0.0038552465848624706,0.9999788999557495,0.005225194618105888,49.941219329833984
-0.1711919903755188,0.0087139206007123,-0.9851991534233093,-142.2938690185547,-0.985220730304718,0.004351812414824963,0.17123423516750336,10.889059066772461,0.005779523402452469,0.9999525547027588,0.007840139791369438,49.911033630371094
-0.17036183178424835,0.011616074480116367,-0.9853131175041199,-142.14532470703125,-0.9853515028953552,0.005807066336274147,0.17043693363666534,10.958099365234375,0.007701586466282606,0.9999156594276428,0.010456613264977932,49.880313873291016
-0.16952602565288544,0.014516918919980526,-0.9854187965393066,-141.99691772460938,-0.9854787588119507,0.00726464344188571,0.1696433573961258,11.027216911315918,0.00962141528725624,0.9998682141304016,0.013074568472802639,49.849063873291016
-0.16868457198143005,0.01741640456020832,-0.9855161905288696,-141.84866333007812,-0.9856025576591492,0.008724531158804893,0.1688535362482071,11.096410751342773,0.01153898797929287,0.9998102784156799,0.01569395884871483,49.817283630371094
-0.16783736646175385,0.020314479246735573,-0.9856053590774536,-141.7005615234375,-0.9857228994369507,0.010186717845499516,0.1680673360824585,11.165679931640625,0.013454283587634563,0.9997417330741882,0.01831473596394062,49.784969329833984
-0.16698452830314636,0.023211214691400528,-0.9856862425804138,-141.5526123046875,-0.9858397245407104,0.011651170440018177,0.16728489100933075,11.235023498535156,0.01536728348582983,0.9996626973152161,0.02093697153031826,49.75212478637695
-0.1661260724067688,0.026106441393494606,-0.985758900642395,-141.40481567382812,-0.985953152179718,0.013117892667651176,0.16650621592998505,11.304441452026367,0.01727796345949173,0.9995731115341187,0.023560503497719765,49.71875
-0.165261909365654,0.02900022640824318,-0.9858232736587524,-141.25717163085938,-0.9860630631446838,0.014586851000785828,0.16573120653629303,11.373931884765625,0.019186299294233322,0.999472975730896,0.026185400784015656,49.684844970703125
-0.1643921434879303,0.031892403960227966,-0.9858793616294861,-141.10968017578125,-0.9861695170402527,0.016058051958680153,0.16495999693870544,11.443493843078613,0.02109227143228054,0.9993622899055481,0.0288114994764328,49.650413513183594
-0.16351667046546936,0.03478304296731949,-0.9859272241592407,-140.96234130859375,-0.9862725138664246,0.017531463876366615,0.16419245302677155,11.513127326965332,0.022995861247181892,0.9992411136627197,0.03143887221813202,49.61545181274414
-0.16263563930988312,0.03767209127545357,-0.9859667420387268,-140.81517028808594,-0.9863720536231995,0.01900707557797432,0.16342870891094208,11.582831382751465,0.024897046387195587,0.9991093873977661,0.03406747058033943,49.579959869384766
-0.16174903512001038,0.04055950790643692,-0.9859980344772339,-140.6681671142578,-0.9864680767059326,0.020484866574406624,0.16266879439353943,11.652604103088379,0.026795804500579834,0.9989671111106873,0.03669724985957146,49.543941497802734
-0.16085676848888397,0.04344534873962402,-0.986021101474762,-140.5213165283203,-0.9865606427192688,0.02196480706334114,0.16191257536411285,11.722445487976074,0.028692111372947693,0.9988143444061279,0.039328280836343765,49.50739288330078
-0.15995895862579346,0.04632945358753204,-0.9860358834266663,-140.3746337890625,-0.9866496920585632,0.02344690077006817,0.1611602008342743,11.792354583740234,0.03058595024049282,0.9986510276794434,0.041960399597883224,49.47031784057617
-0.15905562043190002,0.04921189695596695,-0.986042320728302,-140.22811889648438,-0.9867352843284607,0.02493112161755562,0.16041167080402374,11.862329483032227,0.032477304339408875,0.9984771609306335,0.044593680649995804,49.432716369628906
-0.15814663469791412,0.052092619240283966,-0.9860405921936035,-140.08177185058594,-0.9868174195289612,0.02641744539141655,0.15966686606407166,11.93237018585205,0.03436613827943802,0.9982928037643433,0.047228071838617325,49.394588470458984
-0.1572321653366089,0.05497157573699951,-0.9860305190086365,-139.9355926513672,-0.9868960380554199,0.02790585719048977,0.15892593562602997,12.00247573852539,0.03625243529677391,0.9980978965759277,0.049863532185554504,49.355934143066406
-0.15631206333637238,0.057848718017339706,-0.9860122203826904,-139.78958129882812,-0.9869711995124817,0.029396353289484978,0.15818876028060913,12.07264518737793,0.038136180490255356,0.9978924989700317,0.05250001326203346,49.31675338745117
-0.15538649260997772,0.06072399392724037,-0.9859856367111206,-139.64373779296875,-0.9870429039001465,0.030888915061950684,0.1574554741382599,12.142877578735352,0.040017351508140564,0.9976765513420105,0.05513746663928032,49.27704620361328
-0.15445543825626373,0.06359736621379852,-0.985950767993927,-139.49807739257812,-0.9871110916137695,0.032383520156145096,0.15672606229782104,12.21317195892334,0.04189591854810715,0.9974501132965088,0.05777585133910179,49.236812591552734
-0.1535186916589737,0.06646887958049774,-0.9859076738357544,-139.3525848388672,-0.9871757626533508,0.03388015180826187,0.1560003161430359,12.283528327941895,0.04377187043428421,0.9972131252288818,0.06041523441672325,49.1960563659668
-0.1525764912366867,0.06933851540088654,-0.985856294631958,-139.207275390625,-0.9872370362281799,0.035378795117139816,0.15527848899364471,12.353944778442383,0.04564518481492996,0.9969656467437744,0.06305557489395142,49.1547737121582
-0.15162886679172516,0.07220620661973953,-0.9857966303825378,-139.06214904785156,-0.9872947335243225,0.036879416555166245,0.15456058084964752,12.424420356750488,0.04751583933830261,0.9967076778411865,0.0656968206167221,49.11296844482422
-0.1506756842136383,0.0750717893242836,-0.9857286810874939,-138.9171905517578,-0.9873490333557129,0.038382042199373245,0.15384648740291595,12.494954109191895,0.04938381165266037,0.9964391589164734,0.06833881139755249,49.070640563964844
-0.14971709251403809,0.07793533802032471,-0.985652506351471,-138.7724151611328,-0.9873997569084167,0.03988662734627724,0.15313632786273956,12.565546035766602,0.05124908685684204,0.9961602091789246,0.07098162174224854,49.02778625488281
-0.1487531065940857,0.08079680055379868,-0.9855680465698242,-138.62782287597656,-0.9874470233917236,0.041393157094717026,0.15243010222911835,12.636194229125977,0.053111638873815536,0.9958707094192505,0.07362519949674606,48.98440933227539
-0.14778372645378113,0.08365625143051147,-0.9854753017425537,-138.48342895507812,-0.9874908328056335,0.04290159419178963,0.1517278552055359,12.706897735595703,0.054971445351839066,0.995570719242096,0.07626962661743164,48.94050979614258
-0.14680884778499603,0.08651352673768997,-0.9853743314743042,-138.33921813964844,-0.9875311255455017,0.04441195726394653,0.15102943778038025,12.777656555175781,0.056828491389751434,0.9952602386474609,0.07891473174095154,48.89609146118164
-0.1458284854888916,0.0893685594201088,-0.9852650761604309,-138.1951904296875,-0.9875679016113281,0.045924220234155655,0.15033487975597382,12.848468780517578,0.05868274345993996,0.9949393272399902,0.08156046271324158,48.85115051269531
-0.14484275877475739,0.09222155809402466,-0.9851475954055786,-138.05136108398438,-0.9876012206077576,0.04743833839893341,0.14964431524276733,12.919334411621094,0.060534197837114334,0.9946078658103943,0.08420702815055847,48.80569076538086
-0.14385171234607697,0.09507223963737488,-0.9850218296051025,-137.90771484375,-0.9876310229301453,0.048954322934150696,0.1489577293395996,12.990252494812012,0.06238282099366188,0.9942659139633179,0.08685413002967834,48.759708404541016
-0.1428552120923996,0.09792065620422363,-0.9848877787590027,-137.76426696777344,-0.987657368183136,0.050472158938646317,0.14827503263950348,13.0612211227417,0.0642286017537117,0.9939135313034058,0.08950184285640717,48.71320724487305
-0.14185339212417603,0.10076689720153809,-0.9847455024719238,-137.62100219726562,-0.987680196762085,0.05199180543422699,0.1475963443517685,13.132240295410156,0.066071517765522,0.9935506582260132,0.0921502485871315,48.66618728637695
-0.1408461481332779,0.10361065715551376,-0.9845949411392212,-137.47793579101562,-0.987699568271637,0.05351327359676361,0.1469215601682663,13.203309059143066,0.0679115355014801,0.9931772947311401,0.09479906409978867,48.618648529052734
-0.13983361423015594,0.10645214468240738,-0.9844361543655396,-137.33506774902344,-0.9877153635025024,0.0550365075469017,0.14625079929828644,13.274426460266113,0.0697486400604248,0.9927935004234314,0.09744846820831299,48.57059097290039
-0.13881556689739227,0.1092911809682846,-0.9842690825462341,-137.19239807128906,-0.9877277612686157,0.05656154826283455,0.145583838224411,13.345590591430664,0.07158281654119492,0.9923992156982422,0.10009831190109253,48.52201461791992
-0.13779237866401672,0.11212784796953201,-0.9840937852859497,-137.0499267578125,-0.9877366423606873,0.05808831751346588,0.14492103457450867,13.416801452636719,0.07341403514146805,0.9919945001602173,0.10274865478277206,48.47291946411133
-0.1367635875940323,0.11496207863092422,-0.9839102625846863,-136.9076690673828,-0.987742006778717,0.05961685627698898,0.14426195621490479,13.488058090209961,0.0752422958612442,0.9915792942047119,0.1053994670510292,48.423309326171875
-0.13572965562343597,0.11779385060071945,-0.9837185144424438,-136.76560974121094,-0.9877439141273499,0.06114709749817848,0.143607035279274,13.559359550476074,0.0770675539970398,0.9911537170410156,0.10805068910121918,48.3731803894043
-0.13469038903713226,0.12062310427427292,-0.9835184812545776,-136.62374877929688,-0.9877423048019409,0.06267903000116348,0.14295607805252075,13.630704879760742,0.07888978719711304,0.9907176494598389,0.110702283680439,48.32253646850586
-0.1336459219455719,0.12344979494810104,-0.9833101630210876,-136.4821014404297,-0.987737238407135,0.06421265751123428,0.14230920374393463,13.702093124389648,0.08070900291204453,0.9902710914611816,0.11335419863462448,48.27137756347656
-0.13259612023830414,0.12627387046813965,-0.9830936789512634,-136.34066772460938,-0.9877286553382874,0.06574796885251999,0.14166629314422607,13.773523330688477,0.08252516388893127,0.9898141622543335,0.11600639671087265,48.219703674316406
-0.13154101371765137,0.12909530103206635,-0.9828689694404602,-136.19943237304688,-0.987716555595398,0.06728493422269821,0.14102736115455627,13.844995498657227,0.0843382403254509,0.9893468022346497,0.11865883320569992,48.16751480102539
-0.13048061728477478,0.13191424310207367,-0.9826359748840332,-136.05841064453125,-0.9877009987831116,0.06882350146770477,0.14039242267608643,13.916507720947266,0.0861482098698616,0.9888690114021301,0.12131169438362122,48.11481475830078
-0.12941494584083557,0.13473042845726013,-0.9823947548866272,-135.9176025390625,-0.9876819849014282,0.07036374509334564,0.13976147770881653,13.988059043884277,0.08795510232448578,0.9883808493614197,0.12396469712257385,48.06159973144531
-0.12834413349628448,0.1375439465045929,-0.9821453094482422,-135.77700805664062,-0.9876593947410583,0.07190556824207306,0.13913466036319733,14.059648513793945,0.08975884318351746,0.9878821969032288,0.1266179233789444,48.00787353515625
-0.12726816534996033,0.14035463333129883,-0.9818876385688782,-135.63662719726562,-0.9876333475112915,0.07344896346330643,0.13851197063922882,14.131275177001953,0.09155942499637604,0.9873731732368469,0.12927119433879852,47.953636169433594
-0.12618686258792877,0.14316251873970032,-0.9816218018531799,-135.49647521972656,-0.9876038432121277,0.07499396055936813,0.1378931850194931,14.2029390335083,0.09335684031248093,0.9868537783622742,0.1319246143102646,47.898887634277344
-0.12510043382644653,0.14596772193908691,-0.9813476800918579,-135.35653686523438,-0.9875708222389221,0.07654046267271042,0.13727854192256927,14.274638175964355,0.09515104442834854,0.9863239526748657,0.13457822799682617,47.8436279296875
-0.12400880455970764,0.1487700641155243,-0.9810653924942017,-135.21681213378906,-0.9875343441963196,0.07808854430913925,0.13666795194149017,14.3463716506958,0.09694206714630127,0.9857837557792664,0.13723187148571014,47.78785705566406
-0.12291209399700165,0.15156960487365723,-0.9807748198509216,-135.0773162841797,-0.9874943494796753,0.07963810861110687,0.13606151938438416,14.418139457702637,0.09872984141111374,0.9852331876754761,0.13988563418388367,47.7315788269043
-0.1218101978302002,0.15436619520187378,-0.9804760813713074,-134.9380340576172,-0.9874508380889893,0.08118917793035507,0.13545913994312286,14.48993968963623,0.10051435977220535,0.9846722483634949,0.1425393521785736,47.67478942871094
-0.12070313096046448,0.15715987980365753,-0.9801691174507141,-134.79898071289062,-0.9874038696289062,0.08274174481630325,0.1348608285188675,14.561772346496582,0.10229561477899551,0.984100878238678,0.14519308507442474,47.61749267578125
-0.11959090083837509,0.15995052456855774,-0.9798539876937866,-134.66015625,-0.9873533844947815,0.08429575711488724,0.13426657021045685,14.633635520935059,0.10407353937625885,0.9835191965103149,0.14784669876098633,47.559688568115234
-0.11847365647554398,0.16273832321166992,-0.9795306324958801,-134.5215606689453,-0.9872994422912598,0.08585118502378464,0.13367652893066406,14.70552921295166,0.10584815591573715,0.982927143573761,0.1505003422498703,47.50137710571289
-0.11735127121210098,0.16552309691905975,-0.9791990518569946,-134.38319396972656,-0.9872419834136963,0.08740807324647903,0.1330905705690384,14.77745246887207,0.10761946439743042,0.9823247790336609,0.1531538963317871,47.44255828857422
-0.1162237823009491,0.16830478608608246,-0.9788593053817749,-134.24505615234375,-0.9871810674667358,0.08896636962890625,0.13250871002674103,14.849403381347656,0.10938740521669388,0.9817120432853699,0.1558072865009308,47.38323211669922
-0.11509118229150772,0.17108337581157684,-0.978511393070221,-134.10714721679688,-0.9871166348457336,0.0905260518193245,0.13193093240261078,14.921381950378418,0.11115196347236633,0.9810889363288879,0.15846049785614014,47.323402404785156
-0.11395350098609924,0.1738589107990265,-0.978155255317688,-133.969482421875,-0.9870487451553345,0.09208712726831436,0.13135729730129242,14.993387222290039,0.11291313916444778,0.9804555177688599,0.16111356019973755,47.26306915283203
-0.11281074583530426,0.176631361246109,-0.9777909517288208,-133.83204650878906,-0.9869773387908936,0.09364954382181168,0.13078777492046356,15.065417289733887,0.11467089504003525,0.9798117876052856,0.16376647353172302,47.20222854614258
-0.11166304349899292,0.17940056324005127,-0.9774184226989746,-133.69485473632812,-0.9869024753570557,0.09521331638097763,0.13022248446941376,15.137472152709961,0.11642523854970932,0.9791577458381653,0.16641905903816223,47.14088821411133
-0.11051029711961746,0.18216659128665924,-0.977037787437439,-133.55789184570312,-0.9868241548538208,0.09677837789058685,0.12966133654117584,15.209550857543945,0.11817609518766403,0.9784933924674988,0.16907139122486115,47.079044342041016
-0.10935240983963013,0.18492938578128815,-0.9766489267349243,-133.42117309570312,-0.9867423176765442,0.09834478050470352,0.12910421192646027,15.281652450561523,0.11992348730564117,0.9778187274932861,0.171723410487175,47.01669692993164
-0.10818961262702942,0.1876889318227768,-0.9762519598007202,-133.28469848632812,-0.9866570234298706,0.09991247206926346,0.12855134904384613,15.353775024414062,0.12166741490364075,0.9771337509155273,0.17437510192394257,46.95384979248047
-0.10702182352542877,0.19044503569602966,-0.9758468270301819,-133.14846801757812,-0.9865682125091553,0.10148144513368607,0.12800262868404388,15.425918579101562,0.12340781092643738,0.9764385223388672,0.17702628672122955,46.890499114990234
-0.10584903508424759,0.19319790601730347,-0.9754335284233093,-133.01248168945312,-0.986475944519043,0.10305165499448776,0.1274580955505371,15.498082160949707,0.12514467537403107,0.9757330417633057,0.17967717349529266,46.8266487121582
-0.10467128455638885,0.19594748318195343,-0.9750120639801025,-132.87673950195312,-0.9863802194595337,0.10462311655282974,0.1269177347421646,15.57026481628418,0.12687800824642181,0.975017249584198,0.18232768774032593,46.762298583984375
-0.10348856449127197,0.19869361817836761,-0.9745824337005615,-132.74124145507812,-0.9862809777259827,0.10619578510522842,0.1263815313577652,15.642465591430664,0.12860774993896484,0.974291205406189,0.1849776953458786,46.697452545166016
-0.10230090469121933,0.20143626630306244,-0.9741447567939758,-132.60598754882812,-0.9861782789230347,0.10776965320110321,0.12584951519966125,15.714683532714844,0.13033390045166016,0.9735549092292786,0.1876271367073059,46.63210678100586
-0.10110831260681152,0.20417550206184387,-0.9736988544464111,-132.4709930419922,-0.9860721230506897,0.10934469848871231,0.12532170116901398,15.786917686462402,0.13205642998218536,0.9728083610534668,0.1902761161327362,46.56626510620117
-0.09991080313920975,0.2069113850593567,-0.973244845867157,-132.33624267578125,-0.985962450504303,0.11092089116573334,0.12479808926582336,15.859167098999023,0.13377532362937927,0.9720515608787537,0.19292466342449188,46.49992752075195
-0.09870851039886475,0.2096436619758606,-0.9727826714515686,-132.20175170898438,-0.9858493208885193,0.11249824613332748,0.12427879869937897,15.93143081665039,0.13549061119556427,0.9712845683097839,0.19557254016399384,46.4330940246582
-0.09750133007764816,0.21237239241600037,-0.9723124504089355,-132.0675048828125,-0.9857327342033386,0.11407674103975296,0.12376372516155243,16.003707885742188,0.13720223307609558,0.9705073237419128,0.19821979105472565,46.36576461791992
-0.09628916531801224,0.21509751677513123,-0.9718340635299683,-131.9335174560547,-0.985612690448761,0.11565636098384857,0.1232527494430542,16.075998306274414,0.13891015946865082,0.9697198867797852,0.20086638629436493,46.29793930053711
-0.09507213532924652,0.21781912446022034,-0.9713475704193115,-131.79978942871094,-0.9854891896247864,0.11723706126213074,0.12274600565433502,16.148300170898438,0.1406143605709076,0.9689222574234009,0.20351241528987885,46.22962188720703
-0.09385038167238235,0.22053706645965576,-0.9708529710769653,-131.66632080078125,-0.98536217212677,0.11881877481937408,0.12224359810352325,16.220613479614258,0.14231480658054352,0.9681143760681152,0.20615769922733307,46.16081237792969
-0.09262368083000183,0.22325126826763153,-0.9703503251075745,-131.53311157226562,-0.9852316975593567,0.12040161341428757,0.12174531817436218,16.292936325073242,0.14401154220104218,0.9672964215278625,0.20880219340324402,46.09151077270508
-0.09139228612184525,0.2259618490934372,-0.9698395133018494,-131.40016174316406,-0.9850977659225464,0.12198548018932343,0.12125140428543091,16.365266799926758,0.14570452272891998,0.9664682149887085,0.21144598722457886,46.0217170715332
-0.09015597403049469,0.2286687195301056,-0.9693206548690796,-131.26747131347656,-0.9849603772163391,0.12357037514448166,0.12076163291931152,16.437604904174805,0.14739371836185455,0.9656298160552979,0.2140890210866928,45.95143127441406
-0.08891499787569046,0.23137186467647552,-0.9687936902046204,-131.1350555419922,-0.9848195314407349,0.1251562237739563,0.12027623504400253,16.509950637817383,0.1490790992975235,0.9647812843322754,0.2167312651872635,45.88065719604492
-0.08766912668943405,0.23407122492790222,-0.9682586193084717,-131.00289916992188,-0.9846752285957336,0.12674309313297272,0.11979498714208603,16.58230209350586,0.15076066553592682,0.9639226198196411,0.2193726748228073,45.80939483642578
-0.0864185020327568,0.2367667704820633,-0.9677155017852783,-130.8710174560547,-0.9845274686813354,0.1283309906721115,0.11931802332401276,16.654659271240234,0.1524384319782257,0.963053822517395,0.2220132201910019,45.737640380859375
-0.08516313880681992,0.23945844173431396,-0.9671643376350403,-130.73939514160156,-0.9843762516975403,0.12991978228092194,0.11884532123804092,16.727020263671875,0.1541122943162918,0.9621748924255371,0.22465282678604126,45.665401458740234
-0.08390305191278458,0.24214620888233185,-0.9666051268577576,-130.60804748535156,-0.9842215776443481,0.13150948286056519,0.11837690323591232,16.79938507080078,0.15578226745128632,0.9612858295440674,0.22729147970676422,45.592674255371094
-0.08263824880123138,0.2448301613330841,-0.9660378694534302,-130.4769744873047,-0.9840635061264038,0.13310013711452484,0.11791278421878815,16.87175178527832,0.15744838118553162,0.9603866934776306,0.22992925345897675,45.51946258544922
-0.08136864006519318,0.24750998616218567,-0.9654625654220581,-130.34617614746094,-0.9839019179344177,0.1346917450428009,0.11745283007621765,16.944120407104492,0.15911059081554413,0.959477424621582,0.23256586492061615,45.445762634277344
-0.0800943449139595,0.25018590688705444,-0.9648792147636414,-130.2156524658203,-0.9837368726730347,0.13628418743610382,0.11699717491865158,17.016489028930664,0.16076882183551788,0.9585580825805664,0.23520150780677795,45.371578216552734
