-0.14122186601161957,0.10104477405548096,-0.9848077893257141,-142.74038696289062,-0.9899779558181763,-0.014414266683161259,0.14048431813716888,9.024218559265137,-7.560165471431901e-08,0.9947774410247803,0.10206770896911621,55.103389739990234
-0.1400182992219925,0.10345975309610367,-0.9847288727760315,-142.5752410888672,-0.9901441335678101,-0.01771814189851284,0.13892674446105957,9.024835586547852,-0.0030742380768060684,0.9944758415222168,0.10492093116044998,55.12580490112305
-0.13882195949554443,0.10587801784276962,-0.9846411943435669,-142.4100341796875,-0.9902982711791992,-0.021018000319600105,0.13735947012901306,9.025577545166016,-0.0061518424190580845,0.9941569566726685,0.10776857286691666,55.147823333740234
-0.13763287663459778,0.10829957574605942,-0.9845447540283203,-142.24478149414062,-0.990440309047699,-0.0243137925863266,0.13578251004219055,9.026446342468262,-0.00923282839357853,0.9938209056854248,0.11061064153909683,55.16944885253906
-0.13645108044147491,0.11072422564029694,-0.9844395518302917,-142.0794677734375,-0.9905702471733093,-0.027605433017015457,0.134195938706398,9.02744197845459,-0.012317138724029064,0.9934676885604858,0.1134469136595726,55.190677642822266
-0.13527651131153107,0.11315210908651352,-0.9843255877494812,-141.9141082763672,-0.990688145160675,-0.0308928731828928,0.13259965181350708,9.02856731414795,-0.0154047142714262,0.9930973052978516,0.1162775307893753,55.21151351928711
-0.13410930335521698,0.11558311432600021,-0.9842028617858887,-141.7487030029297,-0.9907939434051514,-0.0341760516166687,0.1309938281774521,9.029823303222656,-0.01849549263715744,0.9927096962928772,0.11910238116979599,55.23195266723633
-0.1329493671655655,0.1180170476436615,-0.9840713739395142,-141.583251953125,-0.9908876419067383,-0.03745488077402115,0.12937839329242706,9.031210899353027,-0.02158941701054573,0.9923049211502075,0.12192124128341675,55.25199890136719
-0.13179676234722137,0.12045403569936752,-0.9839311242103577,-141.41775512695312,-0.9909693002700806,-0.04072931408882141,0.1277533918619156,9.032732009887695,-0.024686427786946297,0.9918830394744873,0.12473424524068832,55.27165222167969
-0.13065148890018463,0.12289398163557053,-0.9837821125984192,-141.25221252441406,-0.9910389184951782,-0.043999288231134415,0.12611883878707886,9.034387588500977,-0.027786467224359512,0.9914439916610718,0.12754128873348236,55.29091262817383
-0.1295137256383896,0.12533679604530334,-0.9836243391036987,-141.0866241455078,-0.9910963773727417,-0.04726475477218628,0.1244749203324318,9.036179542541504,-0.03088947758078575,0.9909877777099609,0.1303422749042511,55.30978012084961
-0.12838336825370789,0.12778249382972717,-0.9834578633308411,-140.92098999023438,-0.9911417961120605,-0.050525642931461334,0.12282155454158783,9.038108825683594,-0.03399539366364479,0.9905143976211548,0.13313721120357513,55.32825469970703
-0.12726044654846191,0.13023097813129425,-0.9832826256752014,-140.7553253173828,-0.99117511510849,-0.05378187075257301,0.12115877866744995,9.040177345275879,-0.037104152143001556,0.9900239706039429,0.1359259933233261,55.346336364746094
-0.12614500522613525,0.13268226385116577,-0.9830986261367798,-140.58961486816406,-0.99119633436203,-0.05703340470790863,0.11948663741350174,9.042386054992676,-0.04021570086479187,0.9895163774490356,0.13870865106582642,55.36402893066406
-0.12503695487976074,0.13513627648353577,-0.9829058647155762,-140.42385864257812,-0.9912054538726807,-0.06028015911579132,0.11780505627393723,9.044736862182617,-0.043329983949661255,0.9889916777610779,0.1414850503206253,55.38132858276367
-0.12393644452095032,0.13759301602840424,-0.9827044010162354,-140.25807189941406,-0.9912025332450867,-0.0635220855474472,0.11611418426036835,9.04723072052002,-0.04644693434238434,0.9884498715400696,0.14425523579120636,55.39823913574219
-0.12284337729215622,0.14005239307880402,-0.9824941754341125,-140.0922393798828,-0.9911875128746033,-0.06675911694765091,0.11441396176815033,9.049869537353516,-0.049566496163606644,0.9878909587860107,0.14701908826828003,55.414756774902344
-0.12175790965557098,0.14251430332660675,-0.9822752475738525,-139.92637634277344,-0.9911603927612305,-0.06999119371175766,0.11270453035831451,9.052654266357422,-0.052688609808683395,0.9873149991035461,0.14977651834487915,55.430885314941406
-0.12067995220422745,0.14497865736484528,-0.9820476174354553,-139.76048278808594,-0.9911211729049683,-0.07321823388338089,0.11098583042621613,9.055585861206055,-0.05581321939826012,0.9867219924926758,0.15252740681171417,55.446624755859375
-0.11960963904857635,0.14744548499584198,-0.9818112850189209,-139.5945587158203,-0.9910699129104614,-0.07644020020961761,0.1092580184340477,9.058666229248047,-0.05894024670124054,0.9861119389533997,0.1552717685699463,55.46197509765625
-0.11854689568281174,0.14991478621959686,-0.9815661907196045,-139.4285888671875,-0.9910065531730652,-0.07965701818466187,0.10752101242542267,9.061896324157715,-0.06206964701414108,0.9854848384857178,0.1580096334218979,55.47693634033203
-0.11749174445867538,0.15238647162914276,-0.9813123941421509,-139.26258850097656,-0.9909310936927795,-0.08286862820386887,0.10577484965324402,9.065278053283691,-0.06520135700702667,0.9848406910896301,0.16074088215827942,55.49150848388672
-0.11644433438777924,0.15486055612564087,-0.9810498952865601,-139.0965576171875,-0.9908435940742493,-0.08607500046491623,0.10401967912912369,9.06881332397461,-0.06833532452583313,0.9841794967651367,0.16346554458141327,55.50569152832031
-0.11540456861257553,0.15733695030212402,-0.980778694152832,-138.93051147460938,-0.9907439947128296,-0.0892760381102562,0.1022554412484169,9.072502136230469,-0.07147147506475449,0.9835013151168823,0.1661835014820099,55.51948928833008
-0.11437247693538666,0.1598154455423355,-0.9804988503456116,-138.76443481445312,-0.9906322956085205,-0.0924716591835022,0.10048218816518784,9.076346397399902,-0.07460974901914597,0.9828062057495117,0.16889454424381256,55.53289794921875
-0.11334820836782455,0.16229625046253204,-0.9802102446556091,-138.59832763671875,-0.990508496761322,-0.09566187113523483,0.09870004653930664,9.080348014831543,-0.07775009423494339,0.9820940494537354,0.17159892618656158,55.545921325683594
-0.11233153939247131,0.16477921605110168,-0.9799129962921143,-138.43218994140625,-0.9903726577758789,-0.09884653985500336,0.09690884500741959,9.084507942199707,-0.08089244365692139,0.9813649654388428,0.17429642379283905,55.55855941772461
-0.11132262647151947,0.1672642081975937,-0.9796070456504822,-138.2660369873047,-0.9902247786521912,-0.10202564299106598,0.09510873258113861,9.088828086853027,-0.08403675258159637,0.9806188941001892,0.1769869178533554,55.5708122253418
-0.11032148450613022,0.16975124180316925,-0.9792924523353577,-138.099853515625,-0.990064799785614,-0.10519912093877792,0.0932997465133667,9.093308448791504,-0.08718295395374298,0.9798559546470642,0.17967045307159424,55.582679748535156
-0.10932814329862595,0.1722402274608612,-0.978969156742096,-137.93365478515625,-0.9898927807807922,-0.10836690664291382,0.09148193895816803,9.097951889038086,-0.09033098816871643,0.9790760278701782,0.182346910238266,55.59416198730469
-0.10834263265132904,0.1747312992811203,-0.9786372184753418,-137.76742553710938,-0.989708662033081,-0.11152894049882889,0.0896553248167038,9.102758407592773,-0.09348078072071075,0.9782792329788208,0.1850164234638214,55.60525894165039
-0.10736484080553055,0.17722424864768982,-0.9782966375350952,-137.60118103027344,-0.9895125031471252,-0.11468514800071716,0.08781985193490982,9.1077299118042,-0.09663229435682297,0.9774655103683472,0.1876787692308426,55.61597442626953
-0.106394924223423,0.17971909046173096,-0.9779474139213562,-137.43492126464844,-0.9893043041229248,-0.11783550679683685,0.08597565442323685,9.112868309020996,-0.0997854620218277,0.9766349792480469,0.19033396244049072,55.626304626464844
-0.1054329052567482,0.18221572041511536,-0.9775895476341248,-137.2686309814453,-0.989084005355835,-0.1209799200296402,0.08412278443574905,9.11817455291748,-0.10294021666049957,0.9757875204086304,0.19298191368579865,55.636253356933594
-0.10447879135608673,0.18471413850784302,-0.9772230386734009,-137.10232543945312,-0.9888517260551453,-0.124118372797966,0.08226127922534943,9.123649597167969,-0.10609650611877441,0.9749232530593872,0.19562263786792755,55.64582061767578
-0.10353261977434158,0.18721438944339752,-0.9768478870391846,-136.93600463867188,-0.9886073470115662,-0.12725074589252472,0.08039116859436035,9.129295349121094,-0.10925424098968506,0.9740421175956726,0.19825612008571625,55.655006408691406
-0.1025942862033844,0.18971624970436096,-0.9764640927314758,-136.76966857910156,-0.9883509874343872,-0.13037702441215515,0.07851237803697586,9.135112762451172,-0.11241341382265091,0.9731441736221313,0.2008821815252304,55.66381072998047
-0.10166381299495697,0.19221964478492737,-0.9760717749595642,-136.6033172607422,-0.9880825281143188,-0.13349708914756775,0.07662498205900192,9.141103744506836,-0.11557391285896301,0.9722294807434082,0.20350070297718048,55.672237396240234
-0.10074133425951004,0.19472478330135345,-0.9756707549095154,-136.4369659423828,-0.9878020882606506,-0.1366109549999237,0.0747290700674057,9.147269248962402,-0.11873571574687958,0.9712979197502136,0.20611192286014557,55.68028259277344
-0.099826879799366,0.19723135232925415,-0.9752612113952637,-136.27059936523438,-0.9875096678733826,-0.13971853256225586,0.07282472401857376,9.153610229492188,-0.12189874798059464,0.9703496694564819,0.2087155282497406,55.687950134277344
-0.09892033785581589,0.19973936676979065,-0.9748430252075195,-136.10421752929688,-0.9872051477432251,-0.14281973242759705,0.07091186940670013,9.160128593444824,-0.12506292760372162,0.9693847298622131,0.21131150424480438,55.69523620605469
-0.09802184998989105,0.2022487223148346,-0.9744163155555725,-135.93783569335938,-0.9868886470794678,-0.14591452479362488,0.06899066269397736,9.166825294494629,-0.12822821736335754,0.9684030413627625,0.21389979124069214,55.702144622802734
-0.09713143855333328,0.20475955307483673,-0.9739810228347778,-135.7714385986328,-0.9865601658821106,-0.14900285005569458,0.06706111878156662,9.173701286315918,-0.13139453530311584,0.9674046039581299,0.21648047864437103,55.708675384521484
-0.09624888747930527,0.20727168023586273,-0.9735371470451355,-135.60504150390625,-0.9862197041511536,-0.1520845890045166,0.0651230588555336,9.180758476257324,-0.13456183671951294,0.966389536857605,0.21905337274074554,55.7148323059082
-0.09537443518638611,0.20978517830371857,-0.9730847477912903,-135.43862915039062,-0.9858672022819519,-0.15515972673892975,0.06317673623561859,9.187997817993164,-0.13773001730442047,0.965357780456543,0.22161860764026642,55.720611572265625
-0.09450799971818924,0.21230000257492065,-0.9726237654685974,-135.272216796875,-0.9855027794837952,-0.15822821855545044,0.06122207269072533,9.19542121887207,-0.14089907705783844,0.9643093347549438,0.2241760641336441,55.726016998291016
-0.09364981204271317,0.21481597423553467,-0.9721542000770569,-135.10580444335938,-0.9851263165473938,-0.16129007935523987,0.059259332716464996,9.20302963256836,-0.14406897127628326,0.9632443189620972,0.22672565281391144,55.73104476928711
-0.09279967099428177,0.21733306348323822,-0.9716761708259583,-134.93939208984375,-0.9847378730773926,-0.1643451303243637,0.05728834494948387,9.210824012756348,-0.1472395956516266,0.9621626734733582,0.22926728427410126,55.73569869995117
-0.09195758402347565,0.21985115110874176,-0.9711896181106567,-134.77296447753906,-0.9843375086784363,-0.16739337146282196,0.055309150367975235,9.218806266784668,-0.15041092038154602,0.9610644578933716,0.23180082440376282,55.7399787902832
-0.09112367779016495,0.22237035632133484,-0.9706945419311523,-134.60653686523438,-0.9839252233505249,-0.17043469846248627,0.05332187935709953,9.22697639465332,-0.15358282625675201,0.9599497318267822,0.23432643711566925,55.74388885498047
-0.09029785543680191,0.22489048540592194,-0.9701910018920898,-134.44012451171875,-0.9835009574890137,-0.17346905171871185,0.05132647603750229,9.235337257385254,-0.15675528347492218,0.9588184356689453,0.23684388399124146,55.7474250793457
-0.08948025107383728,0.22741153836250305,-0.9696789383888245,-134.27371215820312,-0.9830647110939026,-0.17649643123149872,0.049323078244924545,9.243888854980469,-0.15992824733257294,0.9576706290245056,0.239353209733963,55.75059127807617
-0.0886707529425621,0.22993364930152893,-0.969158411026001,-134.1072998046875,-0.9826166033744812,-0.1795167624950409,0.04731157422065735,9.252634048461914,-0.16310164332389832,0.9565062522888184,0.2418545037508011,55.75338363647461
-0.08786960691213608,0.23245646059513092,-0.9686294198036194,-133.94088745117188,-0.98215651512146,-0.1825299710035324,0.045292288064956665,9.26157283782959,-0.16627541184425354,0.9553254842758179,0.2443474531173706,55.75580596923828
-0.08707648515701294,0.23498015105724335,-0.9680919647216797,-133.7744903564453,-0.9816845655441284,-0.1855359822511673,0.04326486587524414,9.270707130432129,-0.16944950819015503,0.9541282653808594,0.2468322068452835,55.75785827636719
-0.08629174530506134,0.23750469088554382,-0.9675459861755371,-133.60809326171875,-0.9812006950378418,-0.18853479623794556,0.04122968763113022,9.280037879943848,-0.17262384295463562,0.9529145359992981,0.2493087500333786,55.759544372558594
-0.08551526814699173,0.24002985656261444,-0.9669916033744812,-133.44171142578125,-0.9807049036026001,-0.19152633845806122,0.03918669372797012,9.289566040039062,-0.17579838633537292,0.9516844749450684,0.25177687406539917,55.760860443115234
-0.08474696427583694,0.24255570769309998,-0.966428816318512,-133.27532958984375,-0.9801971912384033,-0.19451051950454712,0.03713579475879669,9.29929256439209,-0.17897307872772217,0.9504380226135254,0.2542366087436676,55.761810302734375
-0.08398696035146713,0.24508224427700043,-0.9658575654029846,-133.1089630126953,-0.979677677154541,-0.19748729467391968,0.035077136009931564,9.309219360351562,-0.1821478307247162,0.9491751194000244,0.2566879689693451,55.762393951416016
-0.08323513716459274,0.2476092427968979,-0.9652779698371887,-132.94261169433594,-0.9791463017463684,-0.20045657455921173,0.03301066532731056,9.319348335266113,-0.1853225827217102,0.9478960037231445,0.25913071632385254,55.762611389160156
-0.08249162137508392,0.2501368522644043,-0.9646899700164795,-132.77626037597656,-0.9786030650138855,-0.20341835916042328,0.030936498194932938,9.329679489135742,-0.18849729001522064,0.9466004967689514,0.2615649700164795,55.7624626159668
-0.08175643533468246,0.2526649236679077,-0.9640935063362122,-132.60992431640625,-0.9780479669570923,-0.20637251436710358,0.02885468862950802,9.340214729309082,-0.19167183339595795,0.9452887773513794,0.26399070024490356,55.76194763183594
-0.08102969080209732,0.2551933526992798,-0.963488757610321,-132.443603515625,-0.9774810075759888,-0.209319069981575,0.026765381917357445,9.35095500946045,-0.1948462277650833,0.9439607262611389,0.26640772819519043,55.761070251464844
-0.08031128346920013,0.25772207975387573,-0.9628756046295166,-132.2772979736328,-0.9769022464752197,-0.212257981300354,0.024668503552675247,9.361902236938477,-0.19802041351795197,0.9426165223121643,0.2688159942626953,55.759830474853516
-0.07960109412670135,0.2602512538433075,-0.9622541069984436,-132.1110076904297,-0.9763116836547852,-0.2151890993118286,0.02256394736468792,9.37305736541748,-0.20119430124759674,0.941256046295166,0.27121561765670776,55.75822830200195
-0.07889937609434128,0.2627805769443512,-0.961624264717102,-131.9447479248047,-0.9757093191146851,-0.21811242401599884,0.02045200951397419,9.384421348571777,-0.20436781644821167,0.9398794174194336,0.27360638976097107,55.756263732910156
-0.0782061293721199,0.2653103172779083,-0.9609860777854919,-131.77850341796875,-0.9750951528549194,-0.2210279107093811,0.01833266206085682,9.395995140075684,-0.20754089951515198,0.9384865760803223,0.27598854899406433,55.753936767578125
-0.07752112299203873,0.2678402066230774,-0.9603396058082581,-131.61227416992188,-0.9744692444801331,-0.22393546998500824,0.01620575599372387,9.407780647277832,-0.21071353554725647,0.9370776414871216,0.2783617675304413,55.751251220703125
-0.07684459537267685,0.2703702747821808,-0.9596847295761108,-131.44606018066406,-0.9738315343856812,-0.22683504223823547,0.014071530662477016,9.419777870178223,-0.2138856053352356,0.9356526136398315,0.2807261645793915,55.748207092285156
-0.07617643475532532,0.27290040254592896,-0.9590216279029846,-131.27987670898438,-0.9731820821762085,-0.22972658276557922,0.011929934844374657,9.431989669799805,-0.21705709397792816,0.9342114925384521,0.2830815315246582,55.74480438232422
-0.07551676034927368,0.2754303812980652,-0.9583503007888794,-131.1137237548828,-0.9725208878517151,-0.2326100766658783,0.009781125001609325,9.444416046142578,-0.220227912068367,0.9327543377876282,0.2854277789592743,55.74104309082031
-0.07486557960510254,0.2779604196548462,-0.9576706886291504,-130.9475860595703,-0.9718479514122009,-0.23548540472984314,0.007625105790793896,9.457058906555176,-0.22339798510074615,0.9312812089920044,0.2877649962902069,55.73692321777344
-0.07422276586294174,0.2804902493953705,-0.9569828510284424,-130.78147888183594,-0.9711633324623108,-0.23835253715515137,0.005461815278977156,9.469919204711914,-0.2265673130750656,0.929792046546936,0.2900930345058441,55.73244857788086
-0.07358856499195099,0.28302001953125,-0.9562867879867554,-130.6154022216797,-0.9704670310020447,-0.2412114441394806,0.0032914900220930576,9.48299789428711,-0.22973576188087463,0.9282869696617126,0.2924119830131531,55.72761917114258
-0.07296274602413177,0.2855496406555176,-0.9555824398994446,-130.4493408203125,-0.9697589874267578,-0.24406203627586365,0.0011139340931549668,9.496295928955078,-0.23290331661701202,0.9267659783363342,0.2947217524051666,55.722434997558594
-0.07234542071819305,0.28807908296585083,-0.9548699259757996,-130.28330993652344,-0.9690393209457397,-0.24690423905849457,-0.0010707166511565447,9.509815216064453,-0.23606988787651062,0.925229012966156,0.29702234268188477,55.716896057128906
-0.07173670083284378,0.2906082570552826,-0.9541491866111755,-130.1173095703125,-0.9683079123497009,-0.24973811209201813,-0.00326232030056417,9.52355670928955,-0.23923547565937042,0.9236761927604675,0.29931366443634033,55.71100616455078
-0.07113635540008545,0.2931370735168457,-0.9534202814102173,-129.9513397216797,-0.9675649404525757,-0.2525634765625,-0.0054610492661595345,9.537521362304688,-0.24239997565746307,0.9221075773239136,0.3015955984592438,55.70476150512695
-0.07054462283849716,0.2956656515598297,-0.9526832103729248,-129.78541564941406,-0.9668102860450745,-0.2553803324699402,-0.007666690740734339,9.55171012878418,-0.245563343167305,0.9205230474472046,0.30386829376220703,55.69816589355469
-0.06996149569749832,0.29819372296333313,-0.9519379734992981,-129.61952209472656,-0.966044008731842,-0.2581886649131775,-0.00987916812300682,9.56612491607666,-0.24872548878192902,0.9189227819442749,0.3061315417289734,55.69122314453125
-0.06938685476779938,0.3007213771343231,-0.9511845707893372,-129.4536590576172,-0.9652661681175232,-0.2609882950782776,-0.012098575010895729,9.580766677856445,-0.2518863379955292,0.9173067808151245,0.30838531255722046,55.683929443359375
-0.06882081925868988,0.3032485842704773,-0.9504230618476868,-129.28782653808594,-0.9644767045974731,-0.2637792229652405,-0.014324774034321308,9.595636367797852,-0.2550458014011383,0.9156750440597534,0.3106296956539154,55.67628860473633
-0.06826337426900864,0.30577510595321655,-0.9496534466743469,-129.12203979492188,-0.9636756777763367,-0.2665614187717438,-0.016557713970541954,9.610734939575195,-0.25820392370224,0.9140276908874512,0.31286442279815674,55.668296813964844
-0.06771451979875565,0.30830129981040955,-0.9488756656646729,-128.95628356933594,-0.9628630876541138,-0.2693348824977875,-0.018797488883137703,9.626063346862793,-0.26136061549186707,0.9123645424842834,0.3150898218154907,55.65996170043945
-0.06717413663864136,0.31082677841186523,-0.9480898380279541,-128.7905731201172,-0.9620389938354492,-0.27209949493408203,-0.021044068038463593,9.641623497009277,-0.26451581716537476,0.9106857776641846,0.3173055052757263,55.65127944946289
-0.06664244830608368,0.31335145235061646,-0.9472959637641907,-128.62490844726562,-0.9612033367156982,-0.27485522627830505,-0.02329719439148903,9.657416343688965,-0.2676694691181183,0.9089914560317993,0.3195114731788635,55.642250061035156
-0.06611934304237366,0.315875381231308,-0.9464940428733826,-128.4592742919922,-0.9603561758995056,-0.277601957321167,-0.025556964799761772,9.673442840576172,-0.2708214223384857,0.9072815775871277,0.32170775532722473,55.632877349853516
-0.06560491025447845,0.3183985650539398,-0.9456840753555298,-128.29368591308594,-0.9594975113868713,-0.2803397476673126,-0.027823276817798615,9.689703941345215,-0.2739717364311218,0.9055561423301697,0.32389432191848755,55.62316131591797
-0.06509904563426971,0.3209209442138672,-0.9448660612106323,-128.12814331054688,-0.9586274027824402,-0.2830684781074524,-0.03009619563817978,9.706201553344727,-0.27712029218673706,0.9038152694702148,0.3260710835456848,55.61310577392578
-0.0646018460392952,0.3234423100948334,-0.944040060043335,-127.962646484375,-0.9577457904815674,-0.28578808903694153,-0.032375551760196686,9.722935676574707,-0.28026703000068665,0.9020588994026184,0.32823795080184937,55.60270690917969
