1.0000000427732696,-7.86092278167999e-09,-4.647366255716712e-09,0.0,-7.86092278167999e-09,0.9999999684457445,4.840440920754133e-10,0.0,-4.647366255716712e-09,4.840440920754133e-10,0.9999999746197467,0.0
0.9999947323168481,0.0015223921771601034,-0.00287322104472168,0.16026239631318617,-0.0015308265067199857,0.9999945110391405,-0.0029297153242337347,-0.02393305359635889,0.0028687418100818984,0.0029340984996509833,0.9999915941883226,-0.03897633016294577
0.9999788607126736,0.0030363348000083112,-0.005750873210144086,0.3206078428008823,-0.0030700112190376366,0.9999781547806973,-0.00585499058250504,-0.04799840592946758,0.005732962097381972,0.005872524213734187,0.9999662927879388,-0.07756237023832568
0.9999524308145893,0.004541776136513409,-0.008632949379284716,0.48102065517878145,-0.004617547246054073,0.9999508448718658,-0.008775775373168529,-0.07219579035805168,0.008592663411414153,0.008815221576567611,0.9999241890466598,-0.11576034568699356
0.9999154302755817,0.006038680991051537,-0.011519239405686832,0.64151624977859,-0.006173360828680703,0.9999125855213812,-0.011692013282245046,-0.0965273617564879,0.011447622328146875,0.011762136622310904,0.9998652614027068,-0.1535680035550584
0.9998678588908048,0.007527110400078474,-0.014409875896273489,0.8020788083397292,-0.007737555229654511,0.999863427319044,-0.014603636374803023,-0.1209937976000468,0.014297981172825824,0.014713203638942296,0.9997895234620169,-0.1909875555568732
0.9998097303738567,0.009006917548176396,-0.017304746238716806,0.9627085862433091,-0.00930995342713077,0.9998033301968935,-0.01751059958235836,-0.14559604200499443,0.01714362619293676,0.017668374964047162,0.9996969037525949,-0.2280151931711245
0.9997410114439294,0.010478184685487335,-0.020203641278567885,1.123405060155676,-0.010890629180231867,0.9997322815287065,-0.020412843594764862,-0.17033503908816883,0.019984336112341225,0.020627585049538766,0.9995874407320112,-0.2646546974260886
0.9996617220695077,0.011940855402701178,-0.023106673125933064,1.2841679621242008,-0.01247953823348437,0.9996503487392422,-0.02331030442543388,-0.19521267708266876,0.022820243696722295,0.023590779765641723,0.9994612058207235,-0.3009060408287354
0.9995718536974794,0.013394923806224313,-0.026013743581591642,1.4449971581726402,-0.014076665835075068,0.9995575318284962,-0.026202933057533885,-0.22022990010504628,0.025651244967917652,0.026557901671917405,0.999318129025572,-0.33676920963254275
0.9994714226090599,0.014840191158072003,-0.02892475779338266,1.6058923803483935,-0.01568182758724756,0.9994537380343326,-0.02909069417386505,-0.24538859638840194,0.028477240889357408,0.02952891311445527,0.9991582006143849,-0.3722441763444806
0.9993604767502442,0.016276770274679997,-0.03183972049253325,1.7668534946752175,-0.017295113042496472,0.9993390706407269,-0.03197351559890736,-0.2706897100492842,0.03129823403131439,0.03250373698304143,0.998981421072597,-0.4073309272180339
0.9992389520088709,0.017704616969029807,-0.03475851261196977,1.9278652062261585,-0.018916476903797795,0.9992134748491296,-0.034851329876039415,-0.29613297444613096,0.0341141261161802,0.03548231414901132,0.9987878980186304,-0.44202789293927935
0.9991068577069332,0.019123681893536748,-0.0376811562837871,2.0889420186418874,-0.020545874915685977,0.9990769569726459,-0.037724101709302946,-0.3217214885704429,0.0369249461462649,0.038464597247731824,0.9985775138881815,-0.47634039635737224
0.9989641696891872,0.02053404739340081,-0.040607560013445676,2.2500840533272424,-0.02218338083727665,0.998929504385053,-0.04059175679757109,-0.3474571406550364,0.039730561785464025,0.0414505216575749,0.9983503192111455,-0.5102646152045054
0.9988109721513283,0.021935568250170512,-0.04353771699746223,2.41127575997416,-0.023828855567834612,0.9987711971373281,-0.043454247197425286,-0.37333871994208145,0.04253100933316363,0.04444003487120246,0.998106313289457,-0.5438027886880548
0.998647185853301,0.02332832577291777,-0.04647152976695146,2.5725322869618594,-0.025482349697174108,0.9986019625437789,-0.046311519151889316,-0.3993702695390571,0.045326177084546795,0.047433072373301466,0.9978454861224574,-0.5769526363610851
0.9984728802557645,0.0247121597927471,-0.049408881141228655,2.7338380839822776,-0.027143731500480626,0.9984218227002837,-0.04916352838426282,-0.42555057868813684,0.0481159680363432,0.05042959068020281,0.9975678856045542,-0.6097163974309723
0.9982880348177818,0.026087152654858503,-0.052349671558029054,2.8951930170591424,-0.02881305998504757,0.9982307649806195,-0.052010206385748485,-0.45188059150586923,0.05090026446099809,0.053429525170278436,0.9972735015202994,-0.6420940581512156
0.9980926730407648,0.027453172674884563,-0.055293925133463206,3.056596818239882,-0.03049018025675228,0.998028867331393,-0.054851512068054,-0.47836219622535836,0.05367907892656268,0.05643281071300155,0.9969623363440886,-0.6740855910287706
0.9978867277538626,0.028810280290423318,-0.058241631400633764,3.2180643805225486,-0.032175165033129394,0.9978160602234674,-0.05768737167207386,-0.5049984918378172,0.056452448283794074,0.05943939616909005,0.9966343890019753,-0.7056925241380227
0.9976702507222233,0.030158447025363966,-0.061192693937345166,3.379580408980189,-0.03386798585211433,0.9975923468133926,-0.060517738816742425,-0.5317892117016818,0.059220247386269104,0.0624492207978799,0.9962896496006953,-0.7369132881650415
0.9974432659214963,0.031497529182182404,-0.06414712323161809,3.5411446356603165,-0.03556849519549385,0.997357807152147,-0.0633425818940477,-0.558736244050051,0.06198250373277267,0.065462246915372,0.9959281192163547,-0.7677478556167898
0.9972057528107449,0.03282760616879132,-0.06710481154409875,3.702741644231139,-0.03727675207056137,0.9971123685540367,-0.06616181764336679,-0.5858374340085515,0.06473909959575,0.06847839147707957,0.9955498467120721,-0.7981984794471728
0.996957756122932,0.03414864255192196,-0.07006553583057595,3.8643865830718482,-0.03899271326343797,0.9968560352277972,-0.06897539439085619,-0.6130968246846589,0.06748982067395462,0.07149759820101553,0.9951548691202796,-0.8282628792092552
0.996699202109312,0.03546048626053233,-0.07302951475207309,4.026078794872433,-0.04071623654866685,0.996588828217122,-0.0717832900512584,-0.6405163043117614,0.07023492918391616,0.07451983026233805,0.9947430890412426,-0.8579448221847912
0.9964301612803469,0.036763358945661295,-0.07599657055295972,4.187818145656593,-0.04244750840716585,0.996310774963744,-0.07458539290187245,-0.6680968170064112,0.07297419320015094,0.07754499751159738,0.9943146080717246,-0.8872442946272798
0.996150583703294,0.038057101959340756,-0.07896657410385965,4.349589340497516,-0.044186372903253855,0.9960218975635423,-0.07738169975429929,-0.6958380961270425,0.0757074980107917,0.08057307128846342,0.9938693530450252,-0.9161597272227695
0.9958605378735026,0.03934168540909999,-0.08193951953861556,4.511407406369415,-0.04593280157485388,0.9957221391135974,-0.08017214949687572,-0.7237422965483198,0.0784348815261443,0.08360398725275237,0.9934074431943839,-0.9446926617921747
0.9955599602512633,0.04061708223518812,-0.0849153215557612,4.673256914369205,-0.04768673437312195,0.9954115628299287,-0.08295668837263455,-0.7518100957452294,0.08115623043047203,0.08663768826331991,0.99292874993243,-0.9728415152750429
0.9952489253174204,0.04188324710989111,-0.08789409168737616,4.835152891471154,-0.049448164963705986,0.9950901139139857,-0.08573523843495429,-0.7800436485924376,0.0838716718962987,0.08967410407399723,0.9924334045378782,-1.0006078294922744
0.994927402931235,0.043140294665255485,-0.09087562010335803,4.997079653390983,-0.051217144977996724,0.9947578355902766,-0.08850775538591096,-0.8084426884486682,0.0865809843253019,0.09271318547464608,0.9919213255638436,-1.0279938299047302
0.9945954134540499,0.044388063971922076,-0.09385990617099815,5.1590373215335035,-0.05299354164960316,0.9944147499546792,-0.09127421499339418,-0.8370091035467304,0.08928418060771681,0.09575488156992784,0.9913926327805387,-1.0549956942445817
0.9942529550871287,0.04562651780003035,-0.09684684572729174,5.321040399539356,-0.054777303347158204,0.9940608011564586,-0.0940345361011643,-0.8657459928781321,0.09198117105174686,0.09879912877250097,0.9908471956653296,-1.0816187453609984
0.9939000345848477,0.04685566023598042,-0.09983642451144026,5.483073726457917,-0.056568393191107985,0.9936961082623647,-0.09678870395739123,-0.8946521456847556,0.09467196994375775,0.10184587423520669,0.9902851325901392,-1.1078614276865792
0.9935366546130382,0.04807542872022319,-0.10282867588445632,5.645137034336642,-0.058366781677811445,0.9933205585187461,-0.09953659423440131,-0.9237294501997031,0.09735656203083187,0.10489503450053667,0.9897063870603503,-1.1337237137282798
0.9931627864536744,0.049285941962788016,-0.10582337154755672,5.807230189199231,-0.06017254256638758,0.9929342552095829,-0.10227822374591579,-0.9529788505395231,0.10003477050684778,0.10794658989871564,0.9891109955692625,-1.1592055897395852
0.9927785458044714,0.05048714979751434,-0.1088204152960981,5.969352533735702,-0.06198561893269823,0.9925370834768523,-0.10501348499921034,-0.9824022349376076,0.10270646366567115,0.1110004332315423,0.9884990081634951,-1.1843108230022565
0.992383793463189,0.051678934617030325,-0.11182002683779357,6.131489296352868,-0.06380589701336131,0.9921291802744495,-0.10774236328493798,-1.011998392635551,0.10537189546020377,0.11405655409685383,0.9878703275507079,-1.2090340631740943
0.9919786851012943,0.05286125946713982,-0.11482186719086585,6.293654980691315,-0.06563332092582191,0.9917105498111086,-0.11046481428392423,-1.0417704226248574,0.10803073535077179,0.11711488138932419,0.9872250987028592,-1.233380633104261
0.9915630913327258,0.05403420929655356,-0.1178259384698177,6.455849708155938,-0.06746794759422835,0.9912810582894811,-0.11318074738087268,-1.0717202131383399,0.11068298163345848,0.12017532400626985,0.9865633218368978,-1.257346710524942
0.9911371454524953,0.05519765763958251,-0.12083213984814245,6.618057928438645,-0.0693096389594219,0.990840843715646,-0.11589014780273417,-1.1018465534181718,0.11332856071414436,0.12323785747503124,0.9858849266900975,-1.2809345346435066
0.9907007999804281,0.05635157411895664,-0.12384059502533873,6.780294534537575,-0.07115837185209554,0.9903899092461517,-0.11859293760289621,-1.132152542455568,0.11596756734081198,0.12630240252577057,0.9851899259544614,-1.3041456335343327
0.9902540100239147,0.05749616695619819,-0.12685109898959634,6.942543842168334,-0.07301432329411711,0.989928224367633,-0.12128902401921848,-1.1626379136092524,0.1185998113875261,0.12936889285604608,0.9844784184301736,-1.3269822326582954
0.9897968835578708,0.058631182334823784,-0.12986372910514343,7.104821133686386,-0.07487725092199697,0.9894557637427142,-0.12397838177803544,-1.1933057658701518,0.1212254165901815,0.13243724965259346,0.9837503521375108,-1.3494420653149675
0.9893293387255166,0.05975671771315705,-0.13287843506750274,7.267110724807452,-0.07674722376532571,0.9889726338119301,-0.12666097293699316,-1.224155832596992,0.12384427151244798,0.13550746291583365,0.9830057219150519,-1.3715273569652169
0.9888514035587738,0.06087252432229606,-0.1358950307052793,7.429412870912643,-0.07862397997928562,0.9884787491784406,-0.1293368375003412,-1.2551890579060316,0.12645628340178125,0.13857951323217338,0.9822446284960845,-1.3932342990877373
0.9883631622564506,0.0619787979987918,-0.1389134676320698,7.591727048668247,-0.0805077060447844,0.9879741404405298,-0.13200580265497047,-1.2864063859141126,0.12906135374274863,0.1416532756523421,0.981467006998412,-1.4145666727108122
0.9878645481878761,0.06307553673691757,-0.14193362236592777,7.754068017096074,-0.082398352976845,0.9874588676576647,-0.13466788523583476,-1.3178118597289998,0.1316593545573664,0.14472872042334678,0.9806729046699146,-1.4355259921622832
0.9873555964003213,0.06416260363362758,-0.1449555915677243,7.916420359864304,-0.08429579169702044,0.9869329487169797,-0.1373229651452236,-1.3494033244763148,0.13425044702295708,0.1478057417567934,0.979862391345899,-1.4561145103960627
0.9868363334078941,0.06524008265961667,-0.1479791821755161,8.078769037427207,-0.08620008594213699,0.9863963109327842,-0.13997101073266435,-1.381181457630758,0.13683438874881873,0.15088430107821216,0.9790353872999538,-1.4763268495769069
0.9863067244380179,0.06630783717908617,-0.15100438810559358,8.241128687401726,-0.088111090840367,0.9858489732444033,-0.1426120219981525,-1.4131484140672796,0.13941122824090507,0.15396436746874625,0.9781919518254348,-1.4961683463005002
0.9857668216150297,0.06736598639528202,-0.1540313370477855,8.40349929721637,-0.09002892544784107,0.9852910378836266,-0.14524590624325898,-1.445307026135243,0.14198105002743208,0.1570458538007527,0.9773320381062001,-1.5156351645525135
0.9852166385304577,0.06841426534359529,-0.15705964808935513,8.565880477513758,-0.09195326891247398,0.9847224215579823,-0.1478726402137397,-1.4776572938349393,0.14454353814661322,0.16012872734298367,0.9764557868119434,-1.5347310991077237
0.9846561406758134,0.0694530090534311,-0.16008949294447006,8.728256933366936,-0.09388447159000554,0.9841431959859004,-0.15049212489805622,-1.510198950524801,0.14709884593308464,0.16321290878204942,0.9755631556435763,-1.5534545806522146
0.9840853212122275,0.07048184783099654,-0.16312084834728058,8.890643168416602,-0.09582214889151974,0.9835533526649647,-0.15310436450495263,-1.5429350951963325,0.14964695910911777,0.16629834617350037,0.9746540822963734,-1.5718109320351417
0.9835042678714355,0.07150089603267373,-0.16615346545806653,9.053024411069543,-0.09776637665927505,0.9829528747602148,-0.15570931684085673,-1.5758645170911318,0.15218765896164813,0.1693849978251828,0.9737287209911895,-1.5897948029143123
0.9829129711350155,0.07251023562343084,-0.16918739649937908,9.215415164966373,-0.09971724340419579,0.9823417496454272,-0.15830688497736733,-1.6089903152007015,0.15472097642608956,0.1724727954096339,0.9727870171686703,-1.6074115161388889
0.9823113942352262,0.0735097494891126,-0.17222264127478937,9.377800135180166,-0.10167459687854599,0.9817201132223072,-0.1608970246590256,-1.6423122228834774,0.15724693025432313,0.17556166106682314,0.9718289108910922,-1.6246595023949482
0.9816996229086383,0.0744995405707285,-0.1752589427674882,9.54017905375838,-0.10363850554867582,0.9810878896486078,-0.1634796789404338,-1.6758321283725603,0.15976527197921175,0.17865152431707604,0.9708546154578761,-1.641538734189453
0.9810776268472432,0.07547947956986967,-0.17829646597640036,9.702566947675365,-0.1056088466704836,0.9804450968114686,-0.16605482677790753,-1.7095521865426146,0.1622761245455881,0.18174235348869355,0.9698639680457987,-1.6580507533433035
0.9804453518985682,0.07644953230694762,-0.18133502706218585,9.86494852200417,-0.10758555835114096,0.9797917378674353,-0.16862235644874132,-1.7434721307520782,0.16477946355090073,0.18483403225349038,0.9688571295449795,-1.6741939905425767
0.97980297631929,0.07740959024204264,-0.18437453965556538,10.027323253411168,-0.10956852201284317,0.9791278285992826,-0.17118231218717486,-1.7775929051177854,0.16727509095267235,0.187926586727439,0.967833971258494,-1.6899722268155273
0.9791503661605649,0.07835975838842035,-0.1874149205261535,10.189690873943704,-0.11155779457974194,0.9784534132837017,-0.17373465815521053,-1.8119163978728405,0.16976296057696916,0.19101994621823493,0.9667946643993043,-1.7053854346691324
0.9784875773736015,0.07930014501875338,-0.1904563076553707,10.35205124962556,-0.11355348957603269,0.9777684750857276,-0.17627922579094843,-1.8464435531337937,0.1722431865181392,0.1941140097403684,0.96573910328965,-1.7204336003568699
0.9778146302713335,0.08023049305715135,-0.19349839538020563,10.514389219506086,-0.11555531380928691,0.977073049779641,-0.1788160571817754,-1.881173160142529,0.1747155569804989,0.19720872877378037,0.9646673764025537,-1.7351151683113457
0.9771315452635125,0.08115079641990475,-0.1965414476502625,10.676719676583332,-0.1175632949391511,0.9763671373654376,-0.18134507019357637,-1.916108317890263,0.17718030954020217,0.2003040440251148,0.9635794509026119,-1.7494316666069238
0.9764383266550598,0.08206128941868807,-0.19958517559181232,10.839041963547288,-0.11957758890134022,0.9756507642326687,-0.183866214194072,-1.951250914610382,0.1796371142089463,0.20339991647376626,0.9624754169854804,-1.7633868625253655
0.9757349028400654,0.08296171671609054,-0.20262960018089649,11.001356080398011,-0.12159794190976053,0.9749239050439577,-0.1863794259672383,-1.986600950302888,0.18208609816886567,0.20649625248313142,0.9613552768033709,-1.7769807560666564
0.9750214214269092,0.08385219522554976,-0.20567459773913965,11.163646598232305,-0.12362442992625032,0.9741866030238142,-0.18888467809257029,-2.0221591024427674,0.184527036563339,0.20959302507808053,0.9602190176664396,-1.7902117641703654
0.9742978952705115,0.08473259842326453,-0.20871995464253823,11.32591351705014,-0.12565689805669478,0.9734388750071901,-0.19138198527941944,-2.0579253710300183,0.18695983819704443,0.21269015736405533,0.9590666775736708,-1.8030798868364997
0.973564275451499,0.0856029113672081,-0.21176585350726151,11.488171595873268,-0.12769533327366395,0.9726807220462643,-0.19387120005203537,-2.093903799172409,0.18938459796563223,0.21578757597720305,0.9578983351796885,-1.815586638392901
0.9728205967591081,0.08646326716652508,-0.21481203208422706,11.650405284393713,-0.12973980530690465,0.9719121852611783,-0.19635233078543662,-2.1300931761121102,0.1918011625056926,0.21888526726004848,0.9567139036592376,-1.8277342580469664
0.9720669015513022,0.08731340999900539,-0.21785862076705298,11.812614448635145,-0.13179007997125022,0.9711332993740233,-0.19882532693227412,-2.166494445965675,0.1942096173474792,0.2219831226463343,0.9555135162262962,-1.8395227320521599
0.9713030944787292,0.08815355742928777,-0.22090551894678478,11.974813981595616,-0.133846342812626,0.9703439727597821,-0.20129011260783997,-2.203110707724317,0.19660988239783975,0.22508110483376953,0.9542971625580218,-1.8509535884828807
0.9705293120253593,0.08898360701799657,-0.22395269289067543,12.136988588348231,-0.13590847617087132,0.9695443392157901,-0.20374661826177276,-2.239941694746472,0.1990019436530241,0.22817913445663918,0.9530647792757426,-1.8620252580251844
0.9697455063026783,0.08980343195724894,-0.22700005075614604,12.299137745559278,-0.13797633114046756,0.968734296510252,-0.20619491552756666,-2.2769883511489777,0.20138571615020345,0.23127722452589122,0.9518164767912213,-1.87274152170734
0.968951699621331,0.09061327418019083,-0.23004747329025577,12.461261708609925,-0.140050086822083,0.9679139890472814,-0.20863484000958268,-2.314251621048099,0.20376107776510752,0.2343752453625717,0.9505523027862353,-1.8830985710080625
0.9681479370866666,0.09141287758053052,-0.23309509005866058,12.623344927192107,-0.14212953254126126,0.9670833324822227,-0.21106637487287155,-2.351730293686007,0.20612817366366637,0.23747317830592957,0.9492721507195483,-1.8930986451347138
0.9673342081669807,0.09220224874361138,-0.23614261657081936,12.785401770970168,-0.1442145924644378,0.9662423847701685,-0.21348954324425484,-2.3894284121707567,0.2084867952149827,0.24057093280393133,0.9479761711541186,-1.9027470531899482
0.9665104966713786,0.09298150583655129,-0.23919011575485616,12.947432495325273,-0.14630535925149116,0.9653911880834395,-0.21590415547566064,-2.4273469206186107,0.2108369141215239,0.243668421835249,0.9466643705465811,-1.9120399866524593
0.9656768897228852,0.09375051396203116,-0.24223755826121174,13.109436576923684,-0.14840170532654295,0.9645297002497027,-0.21831021577582851,-2.465486763146405,0.2131786113204971,0.24676556936448157,0.9453367458855673,-1.9209812265505164
0.9648333671407995,0.09450930073113062,-0.24528469293923427,13.271399244172216,-0.15050357998022845,0.9636579781718762,-0.22070772831102392,-2.5038467289957396,0.21551161925346207,0.24986241749680432,0.9439933912372588,-1.929565422541927
0.9639798904719474,0.09525785701828537,-0.2483318902347631,13.433334611354098,-0.1526110679159144,0.962776021849953,-0.22309664257638542,-2.5424299171584046,0.2178362714124722,0.25295887729218325,0.9426341648580149,-1.9378016922506305
0.9631165418880493,0.09599630251154068,-0.2513787336053639,13.595227772899818,-0.1547241555429574,0.961883873456255,-0.22547689527094522,-2.5812360609925484,0.2201521699022348,0.2560548765526294,0.9412592037617928,-1.9456846715879337
0.9622433574999008,0.0967244026319749,-0.2544251247318905,13.757078594833104,-0.15684258839244347,0.9609815055490399,-0.2278484695172754,-2.6202661046147195,0.22245931101763422,0.25915037942921093,0.9398685577782634,-1.9532143468073073
0.9613603267423902,0.0974422606046792,-0.2574711055664256,13.918901580794568,-0.15896646235120754,0.9600689613528075,-0.23021123888332792,-2.659523147016424,0.224757725801479,0.2622452255367472,0.9384622312118498,-1.9603960407579137
0.9604674609656466,0.09814979446468541,-0.2605166844824871,14.080681569833644,-0.1610956760004818,0.9591462534937811,-0.23256526237638728,-2.699005977439546,0.22704738313041467,0.2653394832027009,0.9370402249217094,-1.9672281978723518
0.9595647418855705,0.09884710314154965,-0.2635617738665017,14.242417904640291,-0.1632302938794903,0.9582134262486475,-0.23491043039935477,-2.738716484117475,0.22932819500411042,0.2684330224414116,0.9356026497535017,-1.9737145854323686
0.9586522428879075,0.09953407679197701,-0.26660616598174647,14.40411097457195,-0.16537015660375398,0.9572704342885213,-0.23724671340612763,-2.7786546670499224,0.23160006401656594,0.27152579460562953,0.9341494244751312,-1.9798514086631798
