0.054407138377428055,-0.16490474343299866,-0.9848077297210693,-142.74038696289062,-0.9985188245773315,-0.00898536667227745,-0.05366004258394241,-0.6830098628997803,-6.279260134078868e-08,0.9862685799598694,-0.16514936089515686,41.74253463745117
0.05544150248169899,-0.16437597572803497,-0.9848384261131287,-142.58396911621094,-0.9984619617462158,-0.009070338681340218,-0.05469454079866409,-0.6389657258987427,5.764998059021309e-05,0.9863560795783997,-0.16462603211402893,41.70551681518555
0.0564756914973259,-0.16384701430797577,-0.9848678112030029,-142.4276123046875,-0.9984039664268494,-0.009154727682471275,-0.05572887882590294,-0.5947628021240234,0.00011481308320071548,0.986443281173706,-0.16410252451896667,41.66841506958008
0.05750993639230728,-0.1633179634809494,-0.9848958849906921,-142.2713165283203,-0.998344898223877,-0.00923857931047678,-0.056763287633657455,-0.5504012107849121,0.00017142639262601733,0.9865302443504333,-0.16357897222042084,41.6312255859375
0.05854411795735359,-0.16278885304927826,-0.9849225282669067,-142.11509704589844,-0.9982848167419434,-0.00932187307626009,-0.05779764801263809,-0.5058810114860535,0.00022748987248633057,0.9866169095039368,-0.16305537521839142,41.59395217895508
0.05957835540175438,-0.1622595489025116,-0.9849478602409363,-141.9589385986328,-0.998223602771759,-0.009404622949659824,-0.0588320791721344,-0.4612022340297699,0.0002830034645739943,0.9867032766342163,-0.16253161430358887,41.55659103393555
0.06061241030693054,-0.16173017024993896,-0.984971821308136,-141.80284118652344,-0.9981613159179688,-0.009486796334385872,-0.059866346418857574,-0.41636499762535095,0.0003379671252332628,0.9867894053459167,-0.16200780868530273,41.519142150878906
0.06164652109146118,-0.1612005978822708,-0.9849944710731506,-141.64682006835938,-0.9980979561805725,-0.009568423964083195,-0.06090067699551582,-0.3713693618774414,0.00039238075260072947,0.9868752956390381,-0.16148383915424347,41.48160934448242
0.06268056482076645,-0.1606709361076355,-0.9850157499313354,-141.49085998535156,-0.9980335235595703,-0.009649494662880898,-0.06193495914340019,-0.32621538639068604,0.00044624428846873343,0.9869608283042908,-0.16095982491970062,41.44398880004883
0.06371454149484634,-0.1601409912109375,-0.9850357174873352,-141.3349609375,-0.9979680180549622,-0.009729993529617786,-0.06296919286251068,-0.280903160572052,0.0004995575873181224,0.9870461821556091,-0.1604355275630951,41.40628433227539
0.06474844366312027,-0.1596110761165619,-0.9850543141365051,-141.17913818359375,-0.997901439666748,-0.009809942916035652,-0.0640033707022667,-0.23543278872966766,0.000552320561837405,0.9871312379837036,-0.15991130471229553,41.368492126464844
0.06578239798545837,-0.15908096730709076,-0.9850715398788452,-141.02337646484375,-0.997833788394928,-0.009889345616102219,-0.06503760814666748,-0.1898043155670166,0.0006045332411304116,0.9872159957885742,-0.15938691794872284,41.33061599731445
0.0668162852525711,-0.1585509181022644,-0.9850873947143555,-140.86769104003906,-0.997765064239502,-0.009968198835849762,-0.06607179343700409,-0.14401781558990479,0.0006561955669894814,0.987300455570221,-0.15886260569095612,41.29265213012695
0.06785009801387787,-0.15802066028118134,-0.9851019382476807,-140.71206665039062,-0.99769526720047,-0.010046487674117088,-0.06710591912269592,-0.09807339310646057,0.0007073073065839708,0.9873846769332886,-0.15833811461925507,41.25460433959961
0.06888383626937866,-0.1574901044368744,-0.9851151704788208,-140.55650329589844,-0.997624397277832,-0.010124201886355877,-0.06813998520374298,-0.05197112262248993,0.0007578686345368624,0.9874686598777771,-0.15781337022781372,41.216468811035156
0.06991761922836304,-0.15695947408676147,-0.9851270318031311,-140.40101623535156,-0.9975524544715881,-0.010201378725469112,-0.06917411834001541,-0.005711063742637634,0.0008078793762251735,0.9875523447990417,-0.1572885662317276,41.17824935913086
0.07095133513212204,-0.1564287692308426,-0.9851375222206116,-140.24559020996094,-0.9974794387817383,-0.010277996771037579,-0.07020818442106247,0.040706705302000046,0.0008573391824029386,0.9876357913017273,-0.1567637175321579,41.13994216918945
0.07198496162891388,-0.15589787065982819,-0.985146701335907,-140.09024047851562,-0.9974052906036377,-0.010354050435125828,-0.07124219089746475,0.08728210628032684,0.0009062481112778187,0.987718939781189,-0.15623870491981506,41.1015510559082
0.07301852107048035,-0.1553668975830078,-0.9851545095443726,-139.93495178222656,-0.9973301291465759,-0.010429545305669308,-0.07227613776922226,0.1340150386095047,0.0009546064538881183,0.9878017902374268,-0.15571364760398865,41.063072204589844
0.0740521177649498,-0.15483586490154266,-0.9851609468460083,-139.7797393798828,-0.9972538948059082,-0.010504500940442085,-0.07331013679504395,0.18090546131134033,0.0010024140356108546,0.9878843426704407,-0.15518854558467865,41.02450942993164
0.07508563250303268,-0.154304638504982,-0.985166072845459,-139.6245880126953,-0.9971765279769897,-0.010578890331089497,-0.07434406876564026,0.22795328497886658,0.0010496705072000623,0.9879666566848755,-0.15466327965259552,40.98585891723633
0.076119065284729,-0.1537732183933258,-0.9851698875427246,-139.46951293945312,-0.9970981478691101,-0.010652713477611542,-0.0753779411315918,0.2751584053039551,0.0010963758686557412,0.9880487322807312,-0.15413786470890045,40.94712448120117
0.07715242356061935,-0.1532418429851532,-0.9851722717285156,-139.3144989013672,-0.9970186352729797,-0.010725988075137138,-0.07641174644231796,0.32252076268196106,0.0011425300035625696,0.988130509853363,-0.15361250936985016,40.908302307128906
0.07818581163883209,-0.1527101695537567,-0.9851734042167664,-139.15956115722656,-0.9969381093978882,-0.01079870481044054,-0.07744559645652771,0.37004029750823975,0.001188133261166513,0.988211989402771,-0.15308688580989838,40.8693962097168
0.07921899110078812,-0.15217840671539307,-0.9851731061935425,-139.00469970703125,-0.9968564510345459,-0.010870845057070255,-0.07847926020622253,0.4177168905735016,0.0012331850593909621,0.9882932305335999,-0.152561217546463,40.83040237426758
0.08025221526622772,-0.15164658427238464,-0.9851714968681335,-138.8498992919922,-0.9967737793922424,-0.010942446067929268,-0.07951297610998154,0.4655504822731018,0.001277685398235917,0.9883742332458496,-0.15203550457954407,40.791324615478516
0.08128534257411957,-0.15111468732357025,-0.9851685166358948,-138.69517517089844,-0.9966899752616882,-0.011013489216566086,-0.08054661750793457,0.5135409832000732,0.0013216342777013779,0.9884548783302307,-0.15150973200798035,40.752159118652344
0.08231838792562485,-0.15058273077011108,-0.985164225101471,-138.54051208496094,-0.9966051578521729,-0.011083974502980709,-0.08158018440008163,0.5616883039474487,0.0013650318142026663,0.9885352849960327,-0.15098394453525543,40.71290969848633
0.08335135132074356,-0.15005046129226685,-0.9851585626602173,-138.38592529296875,-0.9965192079544067,-0.01115388236939907,-0.08261368423700333,0.6099923849105835,0.0014078781241551042,0.9886153936386108,-0.15045785903930664,40.6735725402832
0.08438433706760406,-0.1495182365179062,-0.9851515293121338,-138.23141479492188,-0.9964322447776794,-0.011223259381949902,-0.083647221326828,0.6584531664848328,0.001450172858312726,0.9886952638626099,-0.14993184804916382,40.634151458740234
0.08541722595691681,-0.14898593723773956,-0.9851431846618652,-138.07696533203125,-0.9963441491127014,-0.011292079463601112,-0.08468068391084671,0.707070529460907,0.0014919160166755319,0.988774836063385,-0.1494058072566986,40.594642639160156
0.08645003288984299,-0.1484534591436386,-0.9851334691047668,-137.92259216308594,-0.9962549805641174,-0.011360330507159233,-0.08571406453847885,0.7558444142341614,0.0015331077156588435,0.988854169845581,-0.14887960255146027,40.555049896240234
0.0874827429652214,-0.14792078733444214,-0.9851224422454834,-137.76829528808594,-0.9961647987365723,-0.011428013443946838,-0.08674737811088562,0.8047747015953064,0.0015737477224320173,0.9889332056045532,-0.1483532339334488,40.51537322998047
0.08851547539234161,-0.1473880410194397,-0.9851100444793701,-137.6140594482422,-0.9960734844207764,-0.011495155282318592,-0.08778072148561478,0.8538613319396973,0.0016138358041644096,0.9890119433403015,-0.14782682061195374,40.475608825683594
0.08954799175262451,-0.14685511589050293,-0.9850963354110718,-137.45989990234375,-0.9959811568260193,-0.011561711318790913,-0.08881387114524841,0.9031042456626892,0.0016533720772713423,0.9890904426574707,-0.14730025827884674,40.435760498046875
0.0905805379152298,-0.1463221162557602,-0.9850811958312988,-137.30581665039062,-0.9958876967430115,-0.011627727188169956,-0.08984705805778503,0.9525033235549927,0.0016923563089221716,0.989168643951416,-0.14677363634109497,40.39582443237305
0.09161309897899628,-0.1457890421152115,-0.9850647449493408,-137.1518096923828,-0.9957931637763977,-0.011693201027810574,-0.09088027477264404,1.002058506011963,0.0017307886155322194,0.9892466068267822,-0.1462469846010208,40.355804443359375
0.09264544397592545,-0.145255908370018,-0.9850469827651978,-136.99786376953125,-0.9956976175308228,-0.011758100241422653,-0.09191329777240753,1.051769733428955,0.001768668880686164,0.9893242716789246,-0.14572030305862427,40.31570053100586
0.09367769211530685,-0.14472270011901855,-0.9850278496742249,-136.843994140625,-0.9956009387969971,-0.011822440661489964,-0.09294623136520386,1.1016368865966797,0.0018059969879686832,0.989401638507843,-0.14519356191158295,40.275508880615234
0.09470995515584946,-0.14418931305408478,-0.9850073456764221,-136.69020080566406,-0.9955031871795654,-0.011886228807270527,-0.09397919476032257,1.1516599655151367,0.0018427734030410647,0.9894787073135376,-0.1446666717529297,40.235233306884766
0.09574200212955475,-0.14365573227405548,-0.9849855303764343,-136.53648376464844,-0.9954044222831726,-0.011949430219829082,-0.09501195698976517,1.201838731765747,0.0018789974274113774,0.9895555973052979,-0.1441396176815033,40.19486999511719
0.09677405655384064,-0.14312219619750977,-0.9849623441696167,-136.38282775878906,-0.995304524898529,-0.012012100778520107,-0.09604474902153015,1.2521731853485107,0.0019146691774949431,0.9896321296691895,-0.14361263811588287,40.154422760009766
0.09780601412057877,-0.14258860051631927,-0.9849377870559692,-136.229248046875,-0.9952036142349243,-0.012074213474988937,-0.09707745164632797,1.3026633262634277,0.0019497887697070837,0.9897083640098572,-0.14308561384677887,40.1138916015625
0.09883786737918854,-0.14205493032932281,-0.9849119186401367,-136.07574462890625,-0.9951015710830688,-0.012135767377912998,-0.09811006486415863,1.353308916091919,0.001984356204047799,0.9897843599319458,-0.14255855977535248,40.073272705078125
0.09986960887908936,-0.14152096211910248,-0.9848846793174744,-135.9223175048828,-0.9949985146522522,-0.012196740135550499,-0.09914258122444153,1.4041099548339844,0.002018371596932411,0.9898601174354553,-0.1420312225818634,40.032569885253906
0.10090136528015137,-0.14098691940307617,-0.984856128692627,-135.7689666748047,-0.9948943257331848,-0.012257169932126999,-0.10017512738704681,1.4550663232803345,0.0020518344826996326,0.989935576915741,-0.14150385558605194,39.991783142089844
0.10193289071321487,-0.1404528170824051,-0.9848262071609497,-135.61569213867188,-0.9947890639305115,-0.012317025102674961,-0.10120746493339539,1.5061780214309692,0.00208474462851882,0.9900107383728027,-0.1409764438867569,39.95090866088867
0.10296442359685898,-0.1399187594652176,-0.9847949147224426,-135.46249389648438,-0.994682788848877,-0.012376348488032818,-0.10223981738090515,1.5574449300765991,0.0021171029657125473,0.9900856614112854,-0.14044910669326782,39.909950256347656
0.10399585217237473,-0.13938450813293457,-0.9847623109817505,-135.30935668945312,-0.9945753812789917,-0.012435102835297585,-0.10327208042144775,1.6088669300079346,0.002148908795788884,0.9901602268218994,-0.13992160558700562,39.8689079284668
0.10502716153860092,-0.13885009288787842,-0.9847283363342285,-135.1562957763672,-0.9944669604301453,-0.012493285350501537,-0.1043042466044426,1.660443902015686,0.0021801618859171867,0.9902346134185791,-0.13939395546913147,39.82777786254883
0.10605836659669876,-0.13831546902656555,-0.9846930503845215,-135.00331115722656,-0.9943574666976929,-0.012550895102322102,-0.10533631592988968,1.7121758460998535,0.0022108627017587423,0.9903087019920349,-0.13886615633964539,39.786563873291016
0.10708945244550705,-0.1377808004617691,-0.9846564531326294,-134.85040283203125,-0.9942468404769897,-0.012607946991920471,-0.1063682809472084,1.7640626430511475,0.0022410107776522636,0.9903824925422668,-0.13833829760551453,39.74526596069336
0.10812041908502579,-0.13724616169929504,-0.9846184253692627,-134.69757080078125,-0.9941352009773254,-0.012664452195167542,-0.10740014910697937,1.8161041736602783,0.0022706061135977507,0.9904559850692749,-0.13781052827835083,39.70388412475586
0.10915139317512512,-0.13671134412288666,-0.9845790863037109,-134.54481506347656,-0.9940224885940552,-0.012720401398837566,-0.10843203216791153,1.8683003187179565,0.0022996487095952034,0.9905292391777039,-0.1372826099395752,39.66241455078125
0.11018212884664536,-0.1361764669418335,-0.9845383763313293,-134.3921356201172,-0.993908703327179,-0.012775775976479053,-0.10946369916200638,1.9206510782241821,0.002328138565644622,0.9906021952629089,-0.13675464689731598,39.6208610534668
0.11121286451816559,-0.135641410946846,-0.9844963550567627,-134.23953247070312,-0.993793785572052,-0.01283059362322092,-0.11049538105726242,1.9731563329696655,0.0023560752160847187,0.9906749129295349,-0.13622651994228363,39.5792236328125
0.11224348098039627,-0.13510628044605255,-0.984453022480011,-134.08700561523438,-0.9936778545379639,-0.012884852476418018,-0.11152695119380951,2.025815963745117,0.002383459359407425,0.990747332572937,-0.1356983631849289,39.537498474121094
0.1132739782333374,-0.13457107543945312,-0.9844082593917847,-133.93455505371094,-0.9935608506202698,-0.012938551604747772,-0.11255841702222824,2.078629970550537,0.002410290762782097,0.9908194541931152,-0.13517016172409058,39.495689392089844
0.11430435627698898,-0.13403604924678802,-0.9843621253967285,-133.7821807861328,-0.9934427738189697,-0.012991718016564846,-0.11358977854251862,2.1315982341766357,0.002436568960547447,0.9908912777900696,-0.13464215397834778,39.45379638671875
0.11533471941947937,-0.13350072503089905,-0.9843147397041321,-133.6298828125,-0.9933236241340637,-0.013044314458966255,-0.11462114751338959,2.184720754623413,0.002462294651195407,0.9909628629684448,-0.1341138780117035,39.41181945800781
0.11636485159397125,-0.1329653263092041,-0.984265923500061,-133.4776611328125,-0.9932034015655518,-0.013096335344016552,-0.11565228551626205,2.23799729347229,0.002487467136234045,0.9910341501235962,-0.13358557224273682,39.36975860595703
0.11739496886730194,-0.13242986798286438,-0.9842157959938049,-133.3255157470703,-0.9930821061134338,-0.013147812336683273,-0.11668343842029572,2.2914278507232666,0.002512086648494005,0.9911051988601685,-0.13305722177028656,39.32761001586914
0.11842484772205353,-0.13189421594142914,-0.9841643571853638,-133.17344665527344,-0.9929597973823547,-0.013198699802160263,-0.11771436035633087,2.3450121879577637,0.002536153420805931,0.9911759495735168,-0.13252870738506317,39.285377502441406
0.11945471167564392,-0.13135838508605957,-0.9841115474700928,-133.02146911621094,-0.9928363561630249,-0.013249029405415058,-0.11874528974294662,2.3987503051757812,0.002559667220339179,0.9912464022636414,-0.13200004398822784,39.24306106567383
0.12048444896936417,-0.13082261383533478,-0.9840573668479919,-132.86956787109375,-0.9927118420600891,-0.013298813253641129,-0.11977609992027283,2.4526422023773193,0.0025826275814324617,0.9913166165351868,-0.13147146999835968,39.200660705566406
0.12151405960321426,-0.13028666377067566,-0.984001874923706,-132.71774291992188,-0.9925863146781921,-0.013348023407161236,-0.12080679833889008,2.506687641143799,0.002605034736916423,0.9913865327835083,-0.13094273209571838,39.158172607421875
0.12254353612661362,-0.12975063920021057,-0.9839450716972351,-132.5659942626953,-0.9924596548080444,-0.013396672904491425,-0.12183738499879837,2.5608866214752197,0.0026268886867910624,0.991456151008606,-0.1304139494895935,39.1156005859375
0.12357288599014282,-0.1292145550251007,-0.9838868379592896,-132.41432189941406,-0.9923319816589355,-0.01344476267695427,-0.12286785244941711,2.615239143371582,0.0026481894310563803,0.9915255308151245,-0.12988513708114624,39.07294464111328
0.12460209429264069,-0.12867839634418488,-0.9838272929191589,-132.26272583007812,-0.9922031760215759,-0.013492291793227196,-0.12389820069074631,2.6697449684143066,0.0026689372025430202,0.9915946125984192,-0.1293562948703766,39.03020477294922
0.12563128769397736,-0.1281420737504959,-0.9837664365768433,-132.1112060546875,-0.9920733571052551,-0.013539261184632778,-0.1249285489320755,2.7244040966033936,0.0026891317684203386,0.99166339635849,-0.1288272887468338,38.98738098144531
0.12666024267673492,-0.12760579586029053,-0.9837042093276978,-131.95977783203125,-0.9919424653053284,-0.013585669919848442,-0.125958651304245,2.7792165279388428,0.0027087731286883354,0.9917319416999817,-0.12829837203025818,38.94447326660156
0.1276891678571701,-0.12706932425498962,-0.9836406111717224,-131.8084259033203,-0.9918105006217957,-0.013631518930196762,-0.1269887536764145,2.834182024002075,0.0027278605848550797,0.9918001890182495,-0.12776929140090942,38.9014778137207
0.128717839717865,-0.12653280794620514,-0.983575701713562,-131.6571502685547,-0.991677463054657,-0.013676793314516544,-0.12801861763000488,2.8893003463745117,0.0027463946025818586,0.9918681383132935,-0.12724018096923828,38.8583984375
0.1297464817762375,-0.12599621713161469,-0.9835094213485718,-131.50595092773438,-0.9915433526039124,-0.013721521012485027,-0.12904848158359528,2.9445717334747314,0.002764375414699316,0.9919358491897583,-0.12671102583408356,38.81523513793945
0.1307748705148697,-0.1254594475030899,-0.9834418296813965,-131.35484313964844,-0.9914081692695618,-0.013765658251941204,-0.13007810711860657,2.9999959468841553,0.0027818032540380955,0.9920032620429993,-0.1261817365884781,38.77198791503906
0.1318032443523407,-0.12492261826992035,-0.9833728671073914,-131.2038116455078,-0.99127197265625,-0.013809249736368656,-0.13110771775245667,3.055572748184204,0.002798677422106266,0.9920703768730164,-0.12565238773822784,38.72865676879883
0.13283146917819977,-0.12438572198152542,-0.9833025932312012,-131.0528564453125,-0.9911346435546875,-0.013852279633283615,-0.13213719427585602,3.111302375793457,0.0028149979189038277,0.9921372532844543,-0.1251230239868164,38.68524169921875
0.1338595598936081,-0.12384876608848572,-0.9832309484481812,-130.9019775390625,-0.990996241569519,-0.01389474980533123,-0.13316655158996582,3.167184591293335,0.0028307652100920677,0.9922038316726685,-0.12459360808134079,38.64174270629883
0.13488750159740448,-0.12331174314022064,-0.9831579327583313,-130.75119018554688,-0.9908568263053894,-0.013936658389866352,-0.13419577479362488,3.223219156265259,0.0028459790628403425,0.9922701120376587,-0.12406416982412338,38.59815979003906
0.13591529428958893,-0.12277477979660034,-0.9830836057662964,-130.60047912597656,-0.9907163381576538,-0.01397802121937275,-0.1352248638868332,3.2794060707092285,0.002860639477148652,0.992336094379425,-0.12353480607271194,38.55449295043945
0.13694293797016144,-0.12223774939775467,-0.9830079078674316,-130.44984436035156,-0.9905747771263123,-0.014018824324011803,-0.13625383377075195,3.335745334625244,0.0028747462201863527,0.9924018383026123,-0.12300541251897812,38.510738372802734
0.1379704475402832,-0.12170042842626572,-0.9829308986663818,-130.29930114746094,-0.9904321432113647,-0.014059034176170826,-0.13728266954421997,3.3922367095947266,0.002888299757614732,0.9924672842025757,-0.12247574329376221,38.46689987182617
0.13899780809879303,-0.1211632713675499,-0.9828525185585022,-130.14883422851562,-0.9902884364128113,-0.014098715037107468,-0.13831135630607605,3.448880195617676,0.0029012998566031456,0.9925324320793152,-0.12194627523422241,38.422977447509766
0.14002512395381927,-0.12062593549489975,-0.9827727675437927,-129.99844360351562,-0.9901436567306519,-0.014137832447886467,-0.13934004306793213,3.505675792694092,0.002913745818659663,0.9925973415374756,-0.12141665816307068,38.378971099853516
0.14105217158794403,-0.12008842825889587,-0.982691764831543,-129.84814453125,-0.9899978637695312,-0.014176358468830585,-0.1403684765100479,3.5626232624053955,0.0029256383422762156,0.9926619529724121,-0.120886892080307,38.33488082885742
0.1420792043209076,-0.11955085396766663,-0.9826093316078186,-129.6979217529297,-0.9898509383201599,-0.01421433687210083,-0.1413968801498413,3.619722604751587,0.0029369769617915154,0.9927263259887695,-0.12035708129405975,38.290706634521484
0.14310595393180847,-0.1190132200717926,-0.9825255870819092,-129.54779052734375,-0.9897029995918274,-0.014251740649342537,-0.1424250304698944,3.676973581314087,0.0029477619100362062,0.9927904009819031,-0.11982724815607071,38.2464485168457
0.14413253962993622,-0.1184755191206932,-0.9824405312538147,-129.39773559570312,-0.9895539879798889,-0.014288580976426601,-0.14345304667949677,3.7343761920928955,0.002957993419840932,0.9928541779518127,-0.11929737031459808,38.20210647583008
0.14515899121761322,-0.11793776601552963,-0.9823541045188904,-129.2477569580078,-0.9894039034843445,-0.014324861578643322,-0.14448091387748718,3.7919301986694336,0.0029676705598831177,0.9929176568984985,-0.11876746267080307,38.15768051147461
0.14618538320064545,-0.11739994585514069,-0.9822663068771362,-129.09786987304688,-0.9892527461051941,-0.014360593631863594,-0.1455087661743164,3.8496358394622803,0.0029767947271466255,0.9929808974266052,-0.11823752522468567,38.1131706237793
