1.0000000301961758,5.5622772274975245e-09,4.702948808166241e-09,0.0,5.5622772274975245e-09,1.000000052790409,6.277215923685918e-10,0.0,4.702948808166241e-09,6.277215923685918e-10,0.9999999916698874,0.0
0.9999985495278155,-0.001288932784990959,0.0011143845746115488,0.14226603553865402,0.0012900784695869696,0.9999987065943318,-0.0010087842466279008,-0.0837080872988949,-0.0011130786000725507,0.0010102214341184412,0.9999988699682699,-0.023048473550467463
0.9999941829524298,-0.0025767128870050338,0.002230080175947169,0.28461769932528114,0.0025812044957437244,0.999994646402961,-0.0020161320911679793,-0.16720994634347264,-0.002224877681851617,0.0020218773058740536,0.9999954865626026,-0.0463412531375198
0.9999869506433335,-0.0038633993729476155,0.0033471006760511512,0.42703970900402055,0.0038735311589674537,0.9999879417454246,-0.0030220310502384116,-0.2505024781442273,-0.003335382982838822,0.003034957955868778,0.9999898423936677,-0.06987607206230706
0.9999767762143099,-0.0051490210695587235,0.004465319638427223,0.5695469575730101,0.005167022621265751,0.9999785968304585,-0.00402647522256645,-0.33358878169061335,-0.004444489995099318,0.004049455277208014,0.9999819244886201,-0.0936514022488879
0.9999636997036869,-0.006433336380041888,0.005584846469741889,0.7121399683661593,0.006461463939657357,0.9999665168765186,-0.005029485000856564,-0.4164679128660751,-0.005552299466294569,0.005065389143492083,0.9999717440729825,-0.11767102472561675
0.9999477475649132,-0.007716565069623673,0.006705670289463006,0.8548034590276075,0.007757046887828193,0.9999517334491248,-0.00603103154306339,-0.4991367726811067,-0.006658801192510985,0.006082733495212267,0.9999593000303724,-0.14193267279364363
0.999928865285626,-0.00899871296428184,0.007827785406384513,0.9975527119132153,0.009053809386894283,0.9999343076599333,-0.007031112083219507,-0.5815984601252122,-0.00776400076691619,0.0071014830535412465,0.9999446516944185,-0.16643861315182562
0.9999070877773223,-0.010279618071092414,0.008951202744992115,1.1403874716414464,0.010351580749341829,0.9999142163608956,-0.008029735380220816,-0.6638520310817366,-0.008867887117765122,0.008121648822271899,0.9999276803508785,-0.19118503727893454
0.9998824352133171,-0.011559435083602021,0.010075890480737704,1.2832927112379764,0.011650508493390789,0.999891421588404,-0.009026881681713967,-0.7458953306778291,-0.009970450685508211,0.009143210716329009,0.9999085025695721,-0.21617348699734862
0.9998548737319382,-0.012838008500270712,0.011201747590868394,1.4262835916533163,0.012950445100823002,0.9998659613060663,-0.010022567143750948,-0.8277295696697333,-0.011071567619644021,0.010166180945888947,0.9998870480676294,-0.24140240673825986
0.9998243764023613,-0.014115478197278444,0.012328874694896463,1.5693450859131417,0.014251531755506698,0.9998377954459065,-0.011016768565168882,-0.9093525931846003,-0.012171368008205632,0.011190539541874378,0.9998633271689789,-0.26687333832403937
0.9997909954555564,-0.015391829214671492,0.013457271923658032,1.7124771940174526,0.015553730536326152,0.9998069219035565,-0.012009485023978892,-0.9907644012224317,-0.013269824023016921,0.012216285230595147,0.9998373398870447,-0.29258628175469426
0.9997547263119287,-0.01666691216206178,0.01458705054823431,1.8556949429405734,0.016856923428703874,0.99977343975428,-0.013000723774543992,-1.0719671486560713,-0.014367055969093948,0.013243427722776369,0.9998090976386457,-0.3185396952078463
0.9997155005911478,-0.017940868987872977,0.015717965556367036,1.9989834396843662,0.018161222112869017,0.9997371888111573,-0.013990470378547197,-1.1529577364960701,-0.01546283119224029,0.01427194683672256,0.9997785752846307,-0.34473510675943686
0.9996734459451118,-0.01921355698321711,0.01685024811961512,2.1423425502726445,0.019466521242942562,0.9996983292611081,-0.014978731292258407,-1.2337371088590299,-0.016557361285781724,0.015301855342459703,0.9997457965440445,-0.3711725301558957
0.9996284143605927,-0.02048497755493163,0.0179836523042452,2.2857874356559194,0.020772793398405855,0.9996567409851883,-0.015965508457608874,-1.3143064765011943,-0.017650421766145535,0.01633314654215884,0.9997107961007567,-0.3978504098284148
0.9995805521502794,-0.02175523972774178,0.019118298895412417,2.429303202836053,0.02208013975888908,0.9996124998256302,-0.01695078495556662,-1.3946627404331071,-0.0187421174562524,0.01736580924948472,0.9996735264301974,-0.42477027385294974
0.9995297538953489,-0.023024327496055416,0.020254294897368366,2.572889851813045,0.02338859191115703,0.9995656036780652,-0.017934545350384253,-1.4748059006547702,-0.01983255653850509,0.018399831999701632,0.9996339985113921,-0.4519321222294863
0.9994760484403926,-0.024292264098279892,0.021391399319366677,2.716547248610709,0.024698097182274788,0.9995159956395737,-0.018916799622584333,-1.554736901282789,-0.020921503872769476,0.019435214280889013,0.9995921876178124,-0.4793359687044543
0.9994194353925716,-0.02555889384275918,0.02252971777808016,2.8602752718236957,0.026008567061308843,0.9994637136737635,-0.019897552001253073,-1.6344538540838993,-0.022009079334485607,0.020471966450305856,0.999548164503681,-0.5069779910102241
0.9993599149567098,-0.026824341930893628,0.023669138484705393,3.004074176833541,0.027320104811014996,0.9994087156082904,-0.02087678899365684,-1.71395770317476,-0.023095140598416927,0.021510070044560736,0.9995018577814917,-0.5348619976679885
0.9992975101347513,-0.028088591425543832,0.02480988718688973,3.1479437082587083,0.02863269567956796,0.9993511194577305,-0.02185450251979424,-1.7932475044387122,-0.024179932464444956,0.022549524929040332,0.9994532906137761,-0.5629841801565405
0.9992321883979373,-0.029351525669904066,0.025951843019239085,3.291884255456921,0.029946206900571665,0.9992907882681955,-0.022830700177426336,-1.8723232578758058,-0.025263323455610748,0.023590329966192147,0.999402450599304,-0.5913483332506715
0.9991640265253231,-0.030613262252327314,0.027094987120383163,3.435895429070456,0.03126076282295202,0.9992277388746296,-0.02380536649334564,-1.9511849634859928,-0.026345298204409104,0.024632474963446283,0.9993493957203974,-0.6199506621755901
0.9990928897991993,-0.03187366664732119,0.02823932972791804,3.579977752433223,0.03257624751525508,0.9991620724566644,-0.02477851506688964,-2.0298316771527123,-0.02742588551275836,0.025675969978759317,0.9992940071923364,-0.6487949479596438
0.999018907229591,-0.033132849571622505,0.029384854749496425,3.7241308361874985,0.03389274740529101,0.9990937447375882,-0.02575013068523952,-2.108263398875918,-0.028505042184977195,0.026720799907343107,0.9992364631166893,-0.6778773958280553
0.9989420195449303,-0.03439080339315077,0.030531567462351528,3.868355069691006,0.0352102561587097,0.9990226946057447,-0.026720199258174298,-2.18648012865566,-0.02958278928193625,0.02776695242530991,0.9991765842822175,-0.707201800555616
0.998862227890116,-0.0356475347934061,0.03167944010842205,4.0126500635860225,0.03652880327915552,0.9989489831727899,-0.02768872513524648,-2.2644818664918844,-0.030659096727381513,0.028814430591960594,0.999114487675977,-0.7367643673675204
0.9987795275059429,-0.03690303633042408,0.032828480537710036,4.15700092487441,0.0378483445111623,0.9988725493270678,-0.028655695869607072,-2.342265513395141,-0.031733979989016003,0.02986322393632479,0.9990501141858394,-0.766566624339724
0.9986938724331706,-0.038157276772517845,0.0339788227857738,4.301422546554306,0.03916890302402269,0.9987935089787864,-0.02962111657073507,-2.419834168354882,-0.03280754863816836,0.030913337535309837,0.9989834775643417,-0.7966070433962855
0.9986053788468724,-0.039410029316493095,0.0351301722662134,4.445915196578085,0.04049020278434996,0.9987117694507692,-0.030585015482814115,-2.4971859431378913,-0.03387955108457977,0.03196479091490351,0.998914607503413,-0.8268855970443383
0.998514001831361,-0.040661653770107914,0.036282796963428066,4.590478740969559,0.0418125999189907,0.9986273222405607,-0.03154734079115819,-2.57432178186078,-0.03495023160703736,0.03301753966782245,0.9988434715816615,-0.8574022990303192
0.9984197115237049,-0.041912009306601966,0.037436569601218994,4.73509828673059,0.04313599116519301,0.9985402074161366,-0.03250810239849974,-2.6512385855340916,-0.036019443475667184,0.03407159449855712,0.9987701166576528,-0.8881586774301482
0.998322495184026,-0.0431610947852788,0.0385913762483413,4.879788860835504,0.044460361771136304,0.9984504249774967,-0.03346730190967293,-2.7279385090306754,-0.03708708314188423,0.03512694428960328,0.9986944711240586,-0.9191531904214827
0.9982224301386161,-0.04440891096660271,0.03974741330288312,5.024535436309975,0.04578567381570155,0.9983579749246413,-0.03442492703594036,-2.804419397477682,-0.0381533673626059,0.03618359645263042,0.9986165551320384,-0.9503873798266724
0.9981194390611834,-0.045655427360318024,0.04090447828304189,5.169353040128328,0.047111965220007775,0.9982628530488339,-0.03538099006603864,-2.880683405747959,-0.03921807938091479,0.03724154288150611,0.9985364078237886,-0.9818597038233534
0.9980135497044728,-0.04690066701471601,0.042062880188324936,5.314226779292426,0.04843920648040681,0.9981650024471548,-0.0363354667041299,-2.956727434852054,-0.04028153091650594,0.03830078121139241,0.9984540009862175,-1.013571690487467
0.99790477056015,-0.048144479588828226,0.043222279492140636,5.459171680776592,0.04976727116485511,0.9980645221948675,-0.03728838533521584,-3.03255363966281,-0.04134339155148174,0.039361311888427564,0.9983693597002268,-1.045521797996642
0.9977931269283609,-0.049386991234635386,0.044382784413063314,5.604172328248779,0.05109626253610518,0.9979613701196284,-0.03823972196633985,-3.108159865307334,-0.042403763545699164,0.04042312571380702,0.9982824950694363,-1.0777077733984584
0.9976785561028416,-0.050628074659460315,0.04554452687180888,5.749229111066711,0.052426085748873766,0.9978555883937807,-0.03918947683664791,-3.1835461117856756,-0.04346275818879089,0.04148622076883107,0.9981933007942579,-1.1101334114677073
0.9975611171755494,-0.05186785047448009,0.04670734481308547,5.894357190180898,0.05375682089662234,0.9977470737333253,-0.040137651030191256,-3.2587135898540716,-0.04452024958257324,0.04255059591289856,0.9981018800823624,-1.1427971566355737
0.9974407824551959,-0.05310641150871173,0.047871378421749045,6.039541149259293,0.055088609163219227,0.9976358998761256,-0.04108420632297181,-3.3336601446396275,-0.04557636040340979,0.04361622664202114,0.9980082473172266,-1.1756967559496658
0.9973175152262664,-0.05434364036391834,0.04903649516669151,6.184781377659618,0.056421288278624374,0.9975220499872376,-0.04202916987512195,-3.408385776142393,-0.04663095960391761,0.044683125001686086,0.9979123289831088,-1.2088360041847537
0.9971913783746355,-0.055579535899403454,0.050202697141290775,6.330077620000338,0.0577548793290097,0.9974055240666613,-0.04297252693481972,-3.4828895402457114,-0.04768404073177705,0.04575127987438915,0.9978141252947968,-1.2422110928196162
0.997062369806925,-0.056814083440387464,0.051369962540363856,6.475444769279591,0.05908936756255323,0.9972863200100285,-0.04391428277360727,-3.5571745359390334,-0.04873560400177612,0.04682069276581624,0.9977136939325669,-1.275820493778319
0.9969304378562103,-0.058047274233126556,0.05253841294890349,6.62086832185696,0.06042474664490382,0.9971644968246273,-0.044854424722784746,-3.63123766423296,-0.04978574459148047,0.047891360829284635,0.9976110473714823,-1.309669529911595
0.9967956320960382,-0.05927912426417975,0.053707918452523984,6.766347888374725,0.06176100815859062,0.9970399364958815,-0.04579296150270706,-3.705078925127437,-0.05083436753811245,0.04896327493482078,0.9975061123642864,-1.3437544064446456
0.9966578886920551,-0.06050960173151196,0.054878489735668445,6.91188360280907,0.0630981457692641,0.996912754933999,-0.04672988046591942,-3.7786973745058594,-0.051881449432525706,0.05003643460057988,0.997398949924809,-1.3780751096310482
0.9965172785108083,-0.06173870832713474,0.056050222762434654,7.057475465159996,0.06443615105945061,0.9967828320200359,-0.04766518133078649,-3.8520930123682273,-0.05292710283868861,0.051110835908109054,0.9972895099817491,-1.4126316394707956
0.9963738480839874,-0.06296644235903653,0.05722299038745993,7.203123475427503,0.06577501561167967,0.9966502878729362,-0.04859887307805182,-3.92526583871454,-0.05397120314714551,0.05218648277586119,0.9971778394070965,-1.447423995963895
0.9962274743056712,-0.06419278801174128,0.05839679470412218,7.348827633611592,0.06711472675725166,0.9965151203883316,-0.049530940955893436,-3.9982158535447967,-0.05501374800962071,0.05326336559201794,0.9970639384156391,-1.4824521791103464
0.9960781760162607,-0.06541786171387237,0.05957163261647325,7.494587939712261,0.06845541726256442,0.9963772262822219,-0.05046134413641141,-4.070943056858999,-0.05605473549302213,0.054341442451795896,0.9969477467721535,-1.5177161889101356
0.9959260052419021,-0.06664155541031808,0.060747612037296506,7.640404527705698,0.06979694594374643,0.9962366498313195,-0.051390123426259766,-4.143446504540539,-0.05709428009441021,0.055420754400826444,0.9968293354664525,-1.553216011616847
0.9957710155464787,-0.0678638306175432,0.0619247193385013,7.786262370617578,0.07113928963150405,0.9960934458341761,-0.05231726934515951,-4.2157240417165704,-0.05813234635915132,0.05650129789796393,0.9967087031002442,-1.5889531890528517
0.9956130824995599,-0.06908469418813079,0.06310285604863908,7.932176495422226,0.07248247991260458,0.9959475552835036,-0.05324278007037958,-4.28777782325994,-0.05916885717791072,0.05758305726071733,0.9965857796524317,-1.6249261793957643
0.995452215619556,-0.07030426123892486,0.06428197624641241,8.078146902119641,0.07382660529798034,0.9957989950142458,-0.05416661978517117,-4.359607849170648,-0.060203781615282365,0.058665998208590864,0.9964606203288894,-1.6611349826455992
0.9952885170786091,-0.07152240751910544,0.06546210640298589,8.224173335328288,0.07517153093811112,0.9956478071987467,-0.05508881298202553,-4.431213175332036,-0.06123712416742204,0.059750148469562836,0.9963332278456554,-1.6975757902811281
0.9951219479496727,-0.07273911281308926,0.06664347743386845,8.370241157431565,0.07651726525046637,0.9954939286209825,-0.05600935803486419,-4.502591646871307,-0.06226908356048039,0.06083551760752254,0.9962035659779356,-1.7342539388995064
0.9949524884606749,-0.07395440418904264,0.06782580753048117,8.516365395403795,0.07786380823504871,0.9953373634896888,-0.056928255788594034,-4.573745418661311,-0.0632994670910504,0.06192208037608965,0.9960717256462769,-1.771167886678377
0.994780129862074,-0.07516822924911509,0.06900913951817333,8.662545659887257,0.07921113038821476,0.9951781644990497,-0.057845501232063945,-4.644674490701993,-0.06432823071869109,0.06300984215147393,0.9959375914095817,-1.8083138388429418
0.9946048879356054,-0.07638062571637749,0.07019354991090987,8.808767057883813,0.0805592464617847,0.9950162768505131,-0.058761082759381,-4.715375764003902,-0.06535550763866546,0.06409879906315152,0.9958011711184616,-1.845693323469149
0.9944267615531792,-0.07759168011857892,0.07137893849258425,8.955044871749323,0.08190824496669225,0.994851713170287,-0.05967498774433553,-4.785852337556542,-0.06638116315219446,0.06518892725366798,0.9956625743255131,-1.8833086072558345
0.994245796281197,-0.07880126744443511,0.0725652833709658,9.101363819127926,0.08325801422271124,0.9946845156307152,-0.06058724516979257,-4.856101112370409,-0.0674052075633895,0.06628024703933211,0.9955216789493794,-1.9211574235041624
0.994061880232687,-0.08000937301916644,0.07375269553365182,9.247739060970133,0.08460855631296282,0.9945146821274299,-0.06149783130318417,-4.92612329920174,-0.06842772724922086,0.0673727599258298,0.9953786162129268,-1.9592382166453248
0.9938751338477434,-0.08121601913059989,0.07494118557803775,9.394155825683157,0.08595985440250246,0.9943421557575108,-0.06240675720837842,-4.99591768729435,-0.06944873981087928,0.06846645613665364,0.9952332673683522,-1.9975563370229068
0.9936854972991577,-0.08242129632635958,0.07613061953414846,9.540628884859785,0.08731200541973594,0.9941670102588217,-0.06331397444241842,-5.065485487404425,-0.07046811657232933,0.06956128893280678,0.9950856785874145,-2.0361064342933304
0.9934929665797847,-0.08362508242786926,0.07732110620915567,9.687143211525694,0.08866490610190796,0.9939891676847626,-0.06421949773588106,-5.1348245446591205,-0.07148596280046009,0.07065728582964936,0.9949358011165591,-2.0748900502789525
0.9932975861279362,-0.08482738449686117,0.07851250871057092,9.833698805680882,0.09001853327972607,0.9938086891469896,-0.06512336188519761,-5.203934859058435,-0.0725021541006039,0.07175445359231702,0.9947837407452527,-2.1139071849797872
0.9930993408125912,-0.08602840701063641,0.07970498089545952,9.98029566732535,0.09137311664799053,0.9936254839877106,-0.06602547519101608,-5.2728164306023695,-0.07351681186039631,0.07285274128191088,0.9946294533422224,-2.1531578383958205
0.9928981849722743,-0.0872279201622097,0.08089834930432271,10.12694895740961,0.09272842017755115,0.9934396997676372,-0.06692589932826473,-5.341470470047161,-0.07452982092973343,0.07395217996715925,0.9944729211098923,-2.1926404549582585
0.9926941298259351,-0.08842592754475337,0.08209276729201553,10.273643648959336,0.0940844586202287,0.9932512163678259,-0.06782465165266902,-5.409894822519967,-0.07554127003386124,0.07505278425878298,0.9943140998654624,-2.2323565764894653
0.9924872758451764,-0.08962241850336283,0.08328807541996852,10.420379352616806,0.09544117088561455,0.9930600927955642,-0.0687217148085027,-5.478089488020734,-0.0765510440082835,0.0761545327809256,0.9941530930850887,-2.2723024082146637
0.9922774764195443,-0.09081748032625148,0.08448440502030019,10.567156457739742,0.09679871499252131,0.9928663416770601,-0.06961705031137821,-5.546054466549513,-0.07755926275151205,0.07725740908780215,0.9939898543263576,-2.312481744908638
0.9920648756732763,-0.09201091746094497,0.08568173304471927,10.713975098304331,0.09815682965938086,0.9926698745438738,-0.07051071506421552,-5.613788813989697,-0.0785659264552631,0.07836144822320235,0.9938243812244308,-2.352894572824951
0.9918493708785894,-0.09320290241162638,0.08687995938649085,10.860834750976665,0.09951575299846929,0.9924708367673649,-0.07140267589666104,-5.681293474457843,-0.0795708808864748,0.07946661750817441,0.9936566635079923,-2.393537110935249
0.9916309730580138,-0.0943934627977771,0.0880791972359618,11.00773593909065,0.10087545550614062,0.9922691124373253,-0.07229287378018093,-5.748567503837395,-0.0805742747081132,0.08057287666038088,0.9934867127907833,-2.4344131402678997
0.9914097125686653,-0.09558248350255316,0.08927928780841299,11.154678273288567,0.10223582550217071,0.992064684718811,-0.07318137249407146,-5.815610902128301,-0.08157596999089967,0.08168025996031753,0.9933145127809138,-2.4755188660480982
0.9911856168040672,-0.09677005050238852,0.0904803862251522,11.301662276904324,0.10359698100113403,0.9918576863569742,-0.07406813407472485,-5.882422725214005,-0.08257606877990317,0.08278875858648704,0.9931400793943947,-2.516858069304199
0.9909586228783455,-0.09795616510906258,0.09168246208993125,11.44868742660401,0.10495890091685867,0.9916479972328707,-0.07495316168931603,-5.949003917211064,-0.08357457752744336,0.08389836491460179,0.9929634095124604,-2.5584269690078685
0.9907287161378545,-0.09914071546514208,0.09288549863459261,11.595753856363814,0.10632148198659074,0.9914356616232123,-0.075836467985299,-6.01535353400287,-0.08457149773703629,0.08500908293194565,0.992784501414637,-2.600225551412656
0.9904960164670479,-0.10032379799281638,0.09408938809865353,11.742861566183734,0.1076848106381416,0.9912206331469192,-0.07671803085618588,-6.081471575589423,-0.08556669727296662,0.08612090274525114,0.9926034039618731,-2.6422538165185685
0.990260398846237,-0.10150529550299775,0.09529424820727606,11.890010690039958,0.10904878569187831,0.9910030150879914,-0.07759790770443202,-6.147357097854116,-0.08656027883905969,0.08723385884763218,0.9924200693156328,-2.684511750579169
0.9900219381491142,-0.10268531376940504,0.09650006007779055,12.037186066981974,0.1104135019930825,0.9907827631697164,-0.07847602056219147,-6.213008890040711,-0.08755224973239481,0.08834788795844889,0.9922344955384844,-2.727000909163273
0.9897806322823017,-0.1038638472512346,0.09770682475688597,12.184402857960293,0.11177894478993218,0.9905598162804383,-0.07935236205355323,-6.278428162905446,-0.08854261016776,0.08946299813590464,0.9920466827378219,-2.769719736702065
0.989536461456919,-0.10504078409105316,0.09891453648777304,12.331661062974916,0.11314499606785187,0.9903342186968689,-0.08022697274602776,-6.343614916448321,-0.08953133221678129,0.09057919336728332,0.9918566303229784,-2.812668233195545
0.9892894292872725,-0.10621610276149807,0.10012316539754806,12.478945655051518,0.11451167057866336,0.9901060273219283,-0.08109985211883454,-6.408566995796491,-0.0905184304880097,0.09169649084076187,0.991664335228885,-2.8558479404660915
0.9890394738527759,-0.10738992523199636,0.10133260634245067,12.626271661164424,0.11587905049895042,0.9898751999832722,-0.0819709596257082,-6.473286555822801,-0.09150377652019781,0.09281484059335349,0.9914698465849753,-2.899257316691326
0.9887867268124729,-0.1085622312869648,0.10254298489781011,12.773639081313632,0.11724713374558933,0.9896416734648767,-0.08284029734977168,-6.53777359652725,-0.09248747663978235,0.09393425218894746,0.9912731173581686,-2.942896361871256
0.9885311252804893,-0.10973302874859991,0.1037542787350989,12.921032633143284,0.11861589923240817,0.9894055088783981,-0.0837078742505226,-6.602025018920337,-0.09346953729908297,0.09505473980434892,0.991074205175044,-2.986762809307031
