0.14122165739536285,-0.10104499012231827,-0.9848077893257141,-142.74038696289062,-0.989978015422821,-0.014414184726774693,-0.14048412442207336,-5.024213790893555,1.580708719473023e-08,0.9947774410247803,-0.10206791013479233,44.8966064453125
0.13867120444774628,-0.1048588976264,-0.9847714900970459,-142.58424377441406,-0.9903372526168823,-0.01625371165573597,-0.13772425055503845,-4.967206001281738,-0.0015645800158381462,0.994354248046875,-0.10609959065914154,44.9087028503418
0.13612575829029083,-0.10867586731910706,-0.9847128391265869,-142.42799377441406,-0.9906865954399109,-0.018082479014992714,-0.13495592772960663,-4.910627365112305,-0.003139595966786146,0.9939127564430237,-0.11012522131204605,44.921512603759766
0.1335853487253189,-0.11249581724405289,-0.9846317172050476,-142.2716522216797,-0.9910260438919067,-0.019900433719158173,-0.13217921555042267,-4.854479789733887,-0.004724990110844374,0.9934529066085815,-0.1141446903347969,44.935035705566406
0.1310500204563141,-0.11631865054368973,-0.9845282435417175,-142.11521911621094,-0.9913555979728699,-0.021707529202103615,-0.12939414381980896,-4.798764705657959,-0.006320723798125982,0.9929746985435486,-0.11815791577100754,44.94926834106445
0.1285199224948883,-0.12014415860176086,-0.9844023585319519,-141.9586944580078,-0.9916752576828003,-0.023503713309764862,-0.12660087645053864,-4.7434844970703125,-0.007926755584776402,0.9924781918525696,-0.12216468155384064,44.96421432495117
0.12599533796310425,-0.12397247552871704,-0.984254002571106,-141.80209350585938,-0.9919849038124084,-0.02528899535536766,-0.12379968911409378,-4.688640117645264,-0.009543042629957199,0.9919633269309998,-0.12616512179374695,44.9798698425293
0.1234760656952858,-0.12780340015888214,-0.9840832948684692,-141.64541625976562,-0.9922847151756287,-0.027063287794589996,-0.12099039554595947,-4.634233474731445,-0.011169546283781528,0.9914302229881287,-0.13015902042388916,44.99623489379883
0.12096212804317474,-0.13163670897483826,-0.9838902354240417,-141.48866271972656,-0.9925745129585266,-0.028826527297496796,-0.1181730404496193,-4.58026647567749,-0.012806226499378681,0.9908788204193115,-0.13414616882801056,45.013309478759766
0.11845368891954422,-0.13547246158123016,-0.9836747050285339,-141.3318328857422,-0.9928543567657471,-0.030578691512346268,-0.11534778028726578,-4.526741027832031,-0.014453038573265076,0.9903091192245483,-0.13812658190727234,45.03109359741211
0.11595079302787781,-0.13931052386760712,-0.9834368228912354,-141.1749267578125,-0.9931243062019348,-0.03231973573565483,-0.1125146672129631,-4.473658561706543,-0.01610994152724743,0.9897211790084839,-0.14210015535354614,45.04958724975586
0.11345358192920685,-0.1431509256362915,-0.9831765294075012,-141.01795959472656,-0.9933842420578003,-0.034049633890390396,-0.10967385768890381,-4.4210205078125,-0.017776887863874435,0.9891149997711182,-0.14606691896915436,45.06878662109375
0.11096210032701492,-0.14699333906173706,-0.9828938841819763,-140.86093139648438,-0.9936342239379883,-0.03576832637190819,-0.10682540386915207,-4.368828773498535,-0.01945384405553341,0.9884905815124512,-0.15002654492855072,45.08869171142578
0.10847626626491547,-0.15083768963813782,-0.9825888872146606,-140.70384216308594,-0.993874192237854,-0.03747573494911194,-0.10396923124790192,-4.317084789276123,-0.02114076167345047,0.9878479242324829,-0.15397891402244568,45.10930252075195
0.10599635541439056,-0.15468396246433258,-0.9822614789009094,-140.5467071533203,-0.9941042065620422,-0.039171867072582245,-0.10110563039779663,-4.2657904624938965,-0.022837596014142036,0.9871871471405029,-0.15792405605316162,45.130619049072266
0.1035221666097641,-0.15853209793567657,-0.9819117784500122,-140.3895263671875,-0.994324266910553,-0.04085664078593254,-0.0982344001531601,-4.21494722366333,-0.024544311687350273,0.9865081310272217,-0.16186188161373138,45.15264129638672
0.10105398297309875,-0.16238197684288025,-0.9815397262573242,-140.2322998046875,-0.9945343136787415,-0.04253004491329193,-0.09535583108663559,-4.164556980133057,-0.02626085840165615,0.9858109951019287,-0.16579227149486542,45.17536544799805
0.09859182685613632,-0.16623349487781525,-0.9811452627182007,-140.0750274658203,-0.9947343468666077,-0.04419202730059624,-0.09246997535228729,-4.114621162414551,-0.027987191453576088,0.9850956797599792,-0.16971513628959656,45.198795318603516
0.09613575041294098,-0.1700865626335144,-0.9807285666465759,-139.91770935058594,-0.9949243664741516,-0.04584254324436188,-0.08957687020301819,-4.065141201019287,-0.029723266139626503,0.9843622446060181,-0.17363037168979645,45.22292709350586
0.09368578344583511,-0.17394109070301056,-0.9802894592285156,-139.76036071777344,-0.9951043725013733,-0.04748154804110527,-0.08667657524347305,-4.01611852645874,-0.03146904334425926,0.9836106896400452,-0.17753787338733673,45.24776077270508
0.09124196320772171,-0.1777968555688858,-0.9798281192779541,-139.6029815673828,-0.9952743649482727,-0.04910897836089134,-0.08376914262771606,-3.967555284500122,-0.03322446718811989,0.9828410744667053,-0.1814374476671219,45.273292541503906
0.0888044536113739,-0.18165385723114014,-0.9793444871902466,-139.44557189941406,-0.9954343438148499,-0.05072483420372009,-0.08085473626852036,-3.919452667236328,-0.03498950973153114,0.9820533990859985,-0.18532907962799072,45.29952621459961
0.08637317270040512,-0.18551203608512878,-0.9788385629653931,-139.28814697265625,-0.9955843091011047,-0.05232904106378555,-0.07793328911066055,-3.871812343597412,-0.03676412254571915,0.9812476634979248,-0.18921269476413727,45.32645797729492
0.0839482769370079,-0.189371258020401,-0.9783104062080383,-139.13070678710938,-0.9957242012023926,-0.05392158403992653,-0.07500496506690979,-3.8246357440948486,-0.038548264652490616,0.9804238677024841,-0.19308817386627197,45.354087829589844
0.08152993023395538,-0.19323118031024933,-0.9777599573135376,-138.97325134277344,-0.9958540797233582,-0.05550242215394974,-0.07206995040178299,-3.7779242992401123,-0.04034188389778137,0.9795821309089661,-0.19695517420768738,45.38241195678711
0.0791180357336998,-0.197092205286026,-0.9771872758865356,-138.81578063964844,-0.9959739446640015,-0.0570714958012104,-0.06912815570831299,-3.731679677963257,-0.04214491695165634,0.9787223935127258,-0.20081408321857452,45.411434173583984
0.07671276479959488,-0.20095385611057281,-0.9765924215316772,-138.65830993652344,-0.9960837960243225,-0.05862877890467644,-0.0661797747015953,-3.685903310775757,-0.043957341462373734,0.9778446555137634,-0.2046644538640976,45.4411506652832
0.07431415468454361,-0.20481613278388977,-0.9759752750396729,-138.50082397460938,-0.9961835741996765,-0.06017423793673515,-0.06322484463453293,-3.640596628189087,-0.04577910155057907,0.9769490361213684,-0.2085062712430954,45.471561431884766
0.07192213088274002,-0.20867909491062164,-0.975335955619812,-138.3433380126953,-0.9962732791900635,-0.06170780584216118,-0.06026330217719078,-3.595761299133301,-0.04761015251278877,0.9760354161262512,-0.21233956515789032,45.50266647338867
0.06953683495521545,-0.2125423699617386,-0.9746745228767395,-138.1858673095703,-0.9963529706001282,-0.06322946399450302,-0.05729532986879349,-3.551398515701294,-0.049450457096099854,0.9751039743423462,-0.2161640077829361,45.534461975097656
0.06715843826532364,-0.216405987739563,-0.9739908576011658,-138.0283966064453,-0.9964226484298706,-0.0647391825914383,-0.05432108789682388,-3.50750994682312,-0.051299963146448135,0.9741546511650085,-0.21997959911823273,45.56694793701172
0.06478685885667801,-0.2202698290348053,-0.9732850790023804,-137.87094116210938,-0.996482253074646,-0.06623688340187073,-0.05134052783250809,-3.464097023010254,-0.05315859988331795,0.9731875061988831,-0.22378624975681305,45.60012435913086
0.0624222569167614,-0.2241336852312088,-0.9725572466850281,-137.7135009765625,-0.9965317845344543,-0.06772255897521973,-0.04835382103919983,-3.421160936355591,-0.0550263449549675,0.9722025394439697,-0.22758373618125916,45.63399124145508
0.06006455048918724,-0.2279975712299347,-0.9718072414398193,-137.5560760498047,-0.9965712428092957,-0.06919614225625992,-0.04536090046167374,-3.3787033557891846,-0.05690314248204231,0.9711997509002686,-0.23137205839157104,45.66854476928711
0.05771389603614807,-0.23186160624027252,-0.9710351824760437,-137.398681640625,-0.9966006875038147,-0.0706576332449913,-0.042361922562122345,-3.3367257118225098,-0.05878894776105881,0.9701792001724243,-0.23515136539936066,45.70378494262695
0.055370453745126724,-0.23572544753551483,-0.9702410101890564,-137.24131774902344,-0.9966200590133667,-0.07210701704025269,-0.039357077330350876,-3.295229196548462,-0.0606837198138237,0.969140887260437,-0.23892131447792053,45.73971176147461
0.05303414911031723,-0.23958899080753326,-0.969424843788147,-137.083984375,-0.9966294169425964,-0.07354419678449631,-0.036346305161714554,-3.2542152404785156,-0.06258739531040192,0.9680848717689514,-0.24268180131912231,45.77632141113281
0.05070501193404198,-0.2434522658586502,-0.9685866236686707,-136.9266815185547,-0.9966287016868591,-0.07496914267539978,-0.033329661935567856,-3.2136852741241455,-0.06449992209672928,0.9670111536979675,-0.246432825922966,45.81361389160156
0.048383209854364395,-0.24731513857841492,-0.9677263498306274,-136.76942443847656,-0.9966179132461548,-0.0763818547129631,-0.030307311564683914,-3.173640489578247,-0.066421277821064,0.9659197926521301,-0.25017431378364563,45.85158920288086
0.04606878012418747,-0.25117728114128113,-0.9668441414833069,-136.61219787597656,-0.9965971112251282,-0.0777822881937027,-0.027279336005449295,-3.134082317352295,-0.06835140287876129,0.9648107886314392,-0.25390589237213135,45.8902473449707
0.043761759996414185,-0.2550388276576996,-0.965939998626709,-136.45501708984375,-0.9965661764144897,-0.07917038351297379,-0.02424577996134758,-3.0950119495391846,-0.0702902227640152,0.9636842012405396,-0.2576277256011963,45.92958450317383
0.041462190449237823,-0.25889965891838074,-0.9650139212608337,-136.2978973388672,-0.9965252876281738,-0.08054610341787338,-0.021206699311733246,-3.0564310550689697,-0.07223770767450333,0.9625400304794312,-0.2613396644592285,45.969600677490234
0.03917011246085167,-0.2627596855163574,-0.9640659093856812,-136.1408233642578,-0.9964742660522461,-0.0819094330072403,-0.018162155523896217,-3.018340587615967,-0.0741938054561615,0.961378276348114,-0.26504164934158325,46.010292053222656
0.036885686218738556,-0.26661863923072815,-0.963096022605896,-135.9838104248047,-0.9964132308959961,-0.08326034992933273,-0.015112328343093395,-2.9807419776916504,-0.07615848630666733,0.9601990580558777,-0.2687334418296814,46.051658630371094
0.03460882976651192,-0.2704765796661377,-0.9621042609214783,-135.8268585205078,-0.996342122554779,-0.08459878712892532,-0.012057159096002579,-2.943636417388916,-0.07813167572021484,0.9590023159980774,-0.27241507172584534,46.09370040893555
0.03233969956636429,-0.2743333578109741,-0.9610906839370728,-135.6699676513672,-0.9962610006332397,-0.08592472225427628,-0.00899682566523552,-2.9070253372192383,-0.08011332899332047,0.9577881693840027,-0.27608639001846313,46.136417388916016
0.03007834404706955,-0.27818888425827026,-0.9600553512573242,-135.51315307617188,-0.9961698055267334,-0.0872381404042244,-0.005931384861469269,-2.8709099292755127,-0.08210340142250061,0.9565565586090088,-0.27974733710289,46.179805755615234
0.027824794873595238,-0.2820430397987366,-0.9589982032775879,-135.35641479492188,-0.9960685968399048,-0.08853898197412491,-0.0028609049040824175,-2.8352913856506348,-0.08410182595252991,0.9553076028823853,-0.2833977937698364,46.2238655090332
0.025579096749424934,-0.2858959436416626,-0.9579192399978638,-135.1997528076172,-0.9959573149681091,-0.08982720971107483,0.00021457536786329,-2.8001708984375,-0.08610855787992477,0.9540411829948425,-0.2870378792285919,46.268592834472656
0.023341286927461624,-0.2897472679615021,-0.9568185210227966,-135.0431671142578,-0.9958360195159912,-0.09110280126333237,0.0032949745655059814,-2.765549659729004,-0.08812355995178223,0.9527574777603149,-0.29066723585128784,46.31399154663086
0.02111152559518814,-0.29359689354896545,-0.955696165561676,-134.8866729736328,-0.995704710483551,-0.09236574172973633,0.006380113773047924,-2.731428861618042,-0.09014676511287689,0.9514564871788025,-0.2942858040332794,46.36005401611328
0.01888985186815262,-0.2974449396133423,-0.9545520544052124,-134.7302703857422,-0.9955633282661438,-0.09361598640680313,0.009469946846365929,-2.6978096961975098,-0.09217812120914459,0.9501381516456604,-0.2978936731815338,46.40678405761719
0.01667618751525879,-0.3012910783290863,-0.9533863663673401,-134.57395935058594,-0.9954119324684143,-0.0948534905910492,0.012564511969685555,-2.664693593978882,-0.09421760588884354,0.948802649974823,-0.30149051547050476,46.45417785644531
0.014470689930021763,-0.305135041475296,-0.9521991610527039,-134.41773986816406,-0.9952505230903625,-0.09607822448015213,0.01566360704600811,-2.6320812702178955,-0.09626512229442596,0.9474500417709351,-0.30507615208625793,46.502235412597656
0.012273517437279224,-0.3089772164821625,-0.9509902596473694,-134.26161193847656,-0.9950791001319885,-0.09729020297527313,0.018767107278108597,-2.5999741554260254,-0.09832064807415009,0.9460801482200623,-0.3086508810520172,46.55095291137695
0.01008459273725748,-0.312817245721817,-0.9497597813606262,-134.1055908203125,-0.9948976635932922,-0.09848935902118683,0.021875040605664253,-2.568373441696167,-0.10038412362337112,0.9446932077407837,-0.31221437454223633,46.6003303527832
0.00790395401418209,-0.3166550397872925,-0.9485078454017639,-133.94967651367188,-0.9947062134742737,-0.09967563301324844,0.02498733066022396,-2.5372800827026367,-0.10245548188686371,0.9432891011238098,-0.3157665431499481,46.65036392211914
0.005731760058552027,-0.32049044966697693,-0.9472343921661377,-133.79388427734375,-0.9945047497749329,-0.10084905475378036,0.02810380980372429,-2.50669527053833,-0.10453470051288605,0.941868007183075,-0.3193072974681854,46.701053619384766
0.0035679317079484463,-0.3243235945701599,-0.9459394812583923,-133.63819885253906,-0.9942932724952698,-0.10200954228639603,0.03122454509139061,-2.4766199588775635,-0.10662170499563217,0.9404298067092896,-0.3228367269039154,46.75239944458008
0.0014126269379630685,-0.3281542658805847,-0.9446231126785278,-133.48263549804688,-0.9940717816352844,-0.10315708070993423,0.03434934467077255,-2.4470553398132324,-0.1087164431810379,0.9389746785163879,-0.32635462284088135,46.80440139770508
-0.0007339962176047266,-0.33198222517967224,-0.943285346031189,-133.3271942138672,-0.9938403367996216,-0.10429172217845917,0.037478022277355194,-2.4180026054382324,-0.11081889271736145,0.9375025629997253,-0.32986077666282654,46.8570556640625
-0.002872135490179062,-0.3358074724674225,-0.9419262409210205,-133.171875,-0.9935989379882812,-0.10541330277919769,0.04061074182391167,-2.38946270942688,-0.11292894929647446,0.9360135793685913,-0.333355188369751,46.91035842895508
-0.005001632962375879,-0.33963000774383545,-0.9405457973480225,-133.01669311523438,-0.9933475255966187,-0.1065218448638916,0.04374733567237854,-2.361436605453491,-0.11504658311605453,0.9345076680183411,-0.3368378281593323,46.96430969238281
-0.007122330833226442,-0.34344950318336487,-0.9391441345214844,-132.8616485595703,-0.9930860996246338,-0.10761738568544388,0.046887610107660294,-2.333925485610962,-0.1171717643737793,0.9329849481582642,-0.34030842781066895,47.0189094543457
-0.009234309196472168,-0.34726613759994507,-0.9377211332321167,-132.7067413330078,-0.9928147792816162,-0.10869982093572617,0.0500316396355629,-2.3069303035736084,-0.11930441111326218,0.9314454197883606,-0.3437671959400177,47.074153900146484
-0.011337528005242348,-0.351079523563385,-0.9362769722938538,-132.55197143554688,-0.9925335049629211,-0.10976909846067429,0.0531793050467968,-2.280452013015747,-0.1214444488286972,0.9298892021179199,-0.3472136855125427,47.130043029785156
-0.013431712985038757,-0.354889839887619,-0.9348116517066956,-132.39735412597656,-0.9922422170639038,-0.11082527786493301,0.0563303641974926,-2.2544915676116943,-0.1235918328166008,0.9283161759376526,-0.35064810514450073,47.18657684326172
-0.01551706064492464,-0.3586968779563904,-0.9333251118659973,-132.2428741455078,-0.9919410347938538,-0.11186826974153519,0.05948496237397194,-2.2290499210357666,-0.12574653327465057,0.9267265200614929,-0.3540702760219574,47.243751525878906
-0.01759353280067444,-0.36250051856040955,-0.9318174719810486,-132.08856201171875,-0.9916298985481262,-0.11289801448583603,0.06264302134513855,-2.2041282653808594,-0.12790846824645996,0.9251202344894409,-0.35748007893562317,47.30156326293945
-0.01966085471212864,-0.3663006126880646,-0.9302888512611389,-131.9344024658203,-0.991308867931366,-0.11391458660364151,0.06580425798892975,-2.17972731590271,-0.13007761538028717,0.9234973192214966,-0.3608773946762085,47.36001205444336
-0.021719105541706085,-0.37009698152542114,-0.9287391901016235,-131.7803955078125,-0.9909778833389282,-0.11491795629262924,0.06896871328353882,-2.155848264694214,-0.13225392997264862,0.9218579530715942,-0.36426201462745667,47.419097900390625
-0.023768248036503792,-0.3738899528980255,-0.9271684885025024,-131.62655639648438,-0.9906370043754578,-0.11590800434350967,0.07213634252548218,-2.1324918270111084,-0.13443729281425476,0.9202019572257996,-0.36763429641723633,47.478816986083984
-0.025808123871684074,-0.37767890095710754,-0.9255768656730652,-131.47288513183594,-0.9902862310409546,-0.11688477545976639,0.07530692219734192,-2.10965895652771,-0.1366276741027832,0.9185295701026917,-0.37099364399909973,47.53916931152344
-0.0278388150036335,-0.3814641237258911,-0.9239643812179565,-131.3193817138672,-0.9899255633354187,-0.11784819513559341,0.07848052680492401,-2.087350606918335,-0.13882504403591156,0.9168407320976257,-0.37434032559394836,47.60015106201172
-0.029860282316803932,-0.3852452337741852,-0.9223309755325317,-131.1660614013672,-0.9895550012588501,-0.11879825592041016,0.08165707439184189,-2.0655674934387207,-0.14102931320667267,0.9151355624198914,-0.3776739835739136,47.66176223754883
-0.03187237307429314,-0.3890223503112793,-0.9206768274307251,-131.01292419433594,-0.9891745448112488,-0.11973492056131363,0.08483639359474182,-2.0443105697631836,-0.14324042201042175,0.9134140014648438,-0.3809947669506073,47.7239990234375
-0.03387504443526268,-0.3927951157093048,-0.9190018773078918,-130.85997009277344,-0.9887842535972595,-0.12065824866294861,0.08801840990781784,-2.02358078956604,-0.14545835554599762,0.9116762280464172,-0.3843023478984833,47.786861419677734
-0.03586826100945473,-0.39656388759613037,-0.917306125164032,-130.7071990966797,-0.9883841276168823,-0.12156813591718674,0.09120308607816696,-2.0033788681030273,-0.1476830393075943,0.9099221229553223,-0.3875970244407654,47.85034942626953
-0.03785198554396629,-0.40032830834388733,-0.9155896902084351,-130.5546112060547,-0.9879741668701172,-0.12246455997228622,0.09439033269882202,-1.983705759048462,-0.14991441369056702,0.9081518054008484,-0.39087846875190735,47.914459228515625
-0.03982618451118469,-0.4040881395339966,-0.9138526320457458,-130.4022216796875,-0.9875543117523193,-0.12334750592708588,0.09758004546165466,-1.9645622968673706,-0.1521523892879486,0.9063653349876404,-0.39414653182029724,47.97918701171875
-0.04179081693291664,-0.4078434109687805,-0.9120950102806091,-130.25003051757812,-0.9871246814727783,-0.1242169588804245,0.1007721945643425,-1.9459491968154907,-0.1543969362974167,0.9045628309249878,-0.3974011540412903,48.044532775878906
-0.043745726346969604,-0.41159406304359436,-0.9103167653083801,-130.09803771972656,-0.9866852164268494,-0.1250729262828827,0.1039665937423706,-1.9278672933578491,-0.15664802491664886,0.9027442336082458,-0.40064236521720886,48.110496520996094
-0.045690882951021194,-0.41533997654914856,-0.9085180759429932,-129.94625854492188,-0.9862359762191772,-0.12591537833213806,0.10716318339109421,-1.910317301750183,-0.15890555083751678,0.9009095430374146,-0.4038700461387634,48.17707443237305
-0.04762636125087738,-0.4190809726715088,-0.9066988825798035,-129.79469299316406,-0.9857769012451172,-0.12674427032470703,0.1103619784116745,-1.89329993724823,-0.16116949915885925,0.8990589380264282,-0.40708398818969727,48.2442626953125
-0.049552012234926224,-0.4228171408176422,-0.9048592448234558,-129.64334106445312,-0.9853081107139587,-0.1275596022605896,0.11356283724308014,-1.8768160343170166,-0.1634398102760315,0.8971924185752869,-0.4102843105792999,48.31206130981445
-0.05146779492497444,-0.4265483319759369,-0.902999222278595,-129.49220275878906,-0.9848294854164124,-0.128361314535141,0.11676567047834396,-1.8608664274215698,-0.16571637988090515,0.8953099250793457,-0.41347089409828186,48.38046646118164
-0.053373679518699646,-0.43027445673942566,-0.901118814945221,-129.34127807617188,-0.9843411445617676,-0.1291494369506836,0.1199704259634018,-1.8454517126083374,-0.16799919307231903,0.8934116363525391,-0.4166436493396759,48.44947814941406
-0.055269625037908554,-0.4339951276779175,-0.8992182612419128,-129.19058227539062,-0.9838430881500244,-0.12992390990257263,0.12317696958780289,-1.8305726051330566,-0.17028816044330597,0.8914976119995117,-0.4198022782802582,48.51909637451172
-0.05715560168027878,-0.4377107322216034,-0.8972973823547363,-129.0401153564453,-0.9833352565765381,-0.1306847184896469,0.12638533115386963,-1.8162298202514648,-0.17258326709270477,0.8895677924156189,-0.4229470491409302,48.589317321777344
-0.059031449258327484,-0.44142088294029236,-0.895356297492981,-128.88987731933594,-0.9828177690505981,-0.13143186271190643,0.12959524989128113,-1.8024239540100098,-0.1748843938112259,0.8876222372055054,-0.426077663898468,48.66013717651367
