0.054407138377428055,-0.16490474343299866,-0.9848077297210693,-142.74038696289062,-0.9985188245773315,-0.00898536667227745,-0.05366004258394241,-0.6830098628997803,-6.279260134078868e-08,0.9862685799598694,-0.16514936089515686,41.74253463745117
0.05404086783528328,-0.16626298427581787,-0.9845995306968689,-142.57420349121094,-0.998538613319397,-0.009403720498085022,-0.05321798473596573,-0.6711956262588501,-0.0004107177082914859,0.9860365986824036,-0.16652819514274597,41.7473258972168
0.053675174713134766,-0.16762107610702515,-0.9843892455101013,-142.40802001953125,-0.9985581040382385,-0.009821468032896519,-0.05277536064386368,-0.6594447493553162,-0.0008218850707635283,0.9858025908470154,-0.16790655255317688,41.752349853515625
0.05331005901098251,-0.16897891461849213,-0.9841768741607666,-142.24185180664062,-0.9985772371292114,-0.010238601826131344,-0.052332162857055664,-0.647757351398468,-0.0012335636420175433,0.9855664968490601,-0.16928431391716003,41.757606506347656
0.05294552445411682,-0.17033672332763672,-0.9839624762535095,-142.07568359375,-0.9985960721969604,-0.010655133984982967,-0.051888395100831985,-0.6361335515975952,-0.0016457528108730912,0.9853283166885376,-0.17066171765327454,41.763099670410156
0.05258145183324814,-0.17169427871704102,-0.9837460517883301,-141.90951538085938,-0.998614490032196,-0.011071029119193554,-0.05144393816590309,-0.6245735287666321,-0.0020584517624229193,0.985088050365448,-0.17203852534294128,41.76882553100586
0.05221795663237572,-0.17305156588554382,-0.9835275411605835,-141.74334716796875,-0.9986326694488525,-0.011486307717859745,-0.05099891126155853,-0.6130773425102234,-0.002471658866852522,0.984845757484436,-0.17341473698616028,41.774784088134766
0.051855042576789856,-0.1744086891412735,-0.9833070039749146,-141.5771942138672,-0.9986504316329956,-0.01190097350627184,-0.05055331811308861,-0.6016451120376587,-0.0028853730764240026,0.9846014380455017,-0.17479044198989868,41.78097915649414
0.051492709666490555,-0.17576555907726288,-0.9830844402313232,-141.41104125976562,-0.9986678957939148,-0.012315022759139538,-0.05010715126991272,-0.5902768969535828,-0.0032995950896292925,0.9843550324440002,-0.17616555094718933,41.78740692138672
0.051130957901477814,-0.17712225019931793,-0.9828597903251648,-141.24488830566406,-0.9986850619316101,-0.012728456407785416,-0.049660421907901764,-0.5789728760719299,-0.0037143223453313112,0.9841065406799316,-0.17754016816616058,41.7940673828125
0.050769783556461334,-0.1784788966178894,-0.9826330542564392,-141.07875061035156,-0.9987018704414368,-0.01314128190279007,-0.049213118851184845,-0.567733108997345,-0.004129554610699415,0.9838559627532959,-0.1789143979549408,41.800960540771484
0.05040919408202171,-0.17983539402484894,-0.9824042916297913,-140.91261291503906,-0.9987183213233948,-0.013553491793572903,-0.04876524582505226,-0.5565577149391174,-0.0045452904887497425,0.9836033582687378,-0.18028812110424042,41.80809020996094
0.050049182027578354,-0.18119147419929504,-0.9821734428405762,-140.74647521972656,-0.9987344145774841,-0.013965072110295296,-0.04831681028008461,-0.5454468131065369,-0.004961528815329075,0.9833486676216125,-0.18166109919548035,41.815452575683594
0.04968975484371185,-0.18254737555980682,-0.9819406270980835,-140.58035278320312,-0.9987502098083496,-0.014376034960150719,-0.04786780849099159,-0.5344005227088928,-0.005378269590437412,0.9830919504165649,-0.18303357064723969,41.82304763793945
0.04933078959584236,-0.18390311300754547,-0.9817057251930237,-140.4142303466797,-0.9987657070159912,-0.01478635799139738,-0.04741812124848366,-0.5234189629554749,-0.005795511417090893,0.9828331470489502,-0.18440553545951843,41.830875396728516
0.04897240549325943,-0.1852586716413498,-0.9814687371253967,-140.2481231689453,-0.9987807869911194,-0.0151960588991642,-0.04696786776185036,-0.5125022530555725,-0.006213252432644367,0.9825723171234131,-0.1857769936323166,41.83893966674805
0.04861460253596306,-0.18661391735076904,-0.9812297821044922,-140.08201599121094,-0.9987955689430237,-0.015605134889483452,-0.04651705175638199,-0.5016505122184753,-0.0066314940340816975,0.9823094010353088,-0.18714779615402222,41.84723663330078
0.048257384449243546,-0.18796910345554352,-0.9809886813163757,-139.91592407226562,-0.9988100528717041,-0.016013596206903458,-0.046065665781497955,-0.4908638000488281,-0.007050234358757734,0.9820443987846375,-0.1885182112455368,41.85576629638672
0.04790074750781059,-0.18932409584522247,-0.9807456135749817,-139.7498321533203,-0.9988241791725159,-0.016421431675553322,-0.045613717287778854,-0.4801422655582428,-0.007469471078366041,0.9817773103713989,-0.1898880898952484,41.86452865600586
0.0475446917116642,-0.19067879021167755,-0.9805004596710205,-139.58375549316406,-0.998837947845459,-0.016828639432787895,-0.04516120254993439,-0.4694859981536865,-0.007889204658567905,0.9815082550048828,-0.1912573128938675,41.8735237121582
0.047189220786094666,-0.19203327596187592,-0.9802532196044922,-139.4176788330078,-0.9988514184951782,-0.017235221341252327,-0.04470812529325485,-0.45889511704444885,-0.008309433236718178,0.9812370538711548,-0.1926260143518448,41.882755279541016
0.04683433473110199,-0.19338767230510712,-0.9800039529800415,-139.25161743164062,-0.9988645315170288,-0.017641181126236916,-0.04425448179244995,-0.44836974143981934,-0.008730155415832996,0.9809638261795044,-0.19399429857730865,41.89221954345703
0.04647991061210632,-0.19474175572395325,-0.9797526597976685,-139.08555603027344,-0.9988772869110107,-0.018046485260128975,-0.04380016028881073,-0.43790996074676514,-0.009151372127234936,0.9806885123252869,-0.19536192715168,41.90191650390625
0.046126071363687515,-0.19609564542770386,-0.9794992804527283,-138.9195098876953,-0.9988897442817688,-0.018451163545250893,-0.04334527626633644,-0.4275159239768982,-0.009573081508278847,0.980411171913147,-0.19672900438308716,41.91184616088867
0.045772816985845566,-0.197449192404747,-0.9792439341545105,-138.75347900390625,-0.9989018440246582,-0.018855204805731773,-0.04288983345031738,-0.41718772053718567,-0.009995282627642155,0.9801318049430847,-0.1980954259634018,41.9220085144043
0.045420147478580475,-0.198802649974823,-0.9789865016937256,-138.5874481201172,-0.9989136457443237,-0.019258622080087662,-0.04243382439017296,-0.4069254696369171,-0.01041797362267971,0.9798502922058105,-0.19946140050888062,41.932403564453125
0.045068059116601944,-0.20015588402748108,-0.9787269830703735,-138.4214324951172,-0.9989250898361206,-0.01966140605509281,-0.041977252811193466,-0.3967292606830597,-0.010841154493391514,0.979566752910614,-0.20082683861255646,41.943031311035156
0.04471655935049057,-0.20150867104530334,-0.9784654974937439,-138.25543212890625,-0.9989361763000488,-0.020063547417521477,-0.0415201261639595,-0.38659921288490295,-0.011264823377132416,0.9792812466621399,-0.20219147205352783,41.95389175415039
0.044365640729665756,-0.2028612345457077,-0.9782019257545471,-138.08944702148438,-0.9989469647407532,-0.020465053617954254,-0.04106244072318077,-0.37653541564941406,-0.011688978411257267,0.9789935946464539,-0.20355555415153503,41.96498489379883
0.0440153107047081,-0.20421355962753296,-0.977936327457428,-137.9234619140625,-0.9989573955535889,-0.020865928381681442,-0.04060419276356697,-0.36653801798820496,-0.012113622389733791,0.9787039756774902,-0.20491907000541687,41.976314544677734
0.0436655655503273,-0.2055656611919403,-0.9776687026023865,-137.7574920654297,-0.9989675283432007,-0.021266169846057892,-0.0401453860104084,-0.3566070795059204,-0.012538756243884563,0.9784122109413147,-0.20628201961517334,41.987876892089844
0.04331640526652336,-0.20691753923892975,-0.9773989915847778,-137.59153747558594,-0.9989773035049438,-0.021665774285793304,-0.03968602046370506,-0.34674274921417236,-0.012964372523128986,0.9781184792518616,-0.20764440298080444,41.999671936035156
0.04296782985329628,-0.20826928317546844,-0.9771272540092468,-137.42559814453125,-0.9989867210388184,-0.02206474356353283,-0.039226092398166656,-0.336945116519928,-0.01339047309011221,0.9778226017951965,-0.20900632441043854,42.01169967651367
0.042619843035936356,-0.20962055027484894,-0.9768534898757935,-137.25967407226562,-0.998995840549469,-0.02246306650340557,-0.03876560926437378,-0.3272142708301544,-0.013817056082189083,0.9775247573852539,-0.21036742627620697,42.02396011352539
0.04227244108915329,-0.21097157895565033,-0.9765776991844177,-137.09375,-0.999004602432251,-0.022860748693346977,-0.03830457478761673,-0.3175503611564636,-0.014244121499359608,0.9772248268127441,-0.21172796189785004,42.03645324707031
0.04192562401294708,-0.21232236921787262,-0.9762998819351196,-136.92784118652344,-0.9990130066871643,-0.023257790133357048,-0.03784297779202461,-0.30795347690582275,-0.01467166654765606,0.976922869682312,-0.21308790147304535,42.04917907714844
0.04157939553260803,-0.21367290616035461,-0.9760199785232544,-136.76194763183594,-0.9990211129188538,-0.023654188960790634,-0.037380825728178024,-0.298423707485199,-0.015099692158401012,0.9766188263893127,-0.2144472599029541,42.062137603759766
0.04123375564813614,-0.21502317488193512,-0.9757381081581116,-136.5960693359375,-0.9990288615226746,-0.024049945175647736,-0.036918118596076965,-0.28896117210388184,-0.015528196468949318,0.9763127565383911,-0.2158060222864151,42.0753288269043
0.040888700634241104,-0.21637319028377533,-0.9754541516304016,-136.43020629882812,-0.9990362524986267,-0.0244450606405735,-0.036454856395721436,-0.2795659899711609,-0.01595718041062355,0.9760046601295471,-0.21716420352458954,42.088748931884766
0.040544115006923676,-0.2177230715751648,-0.9751681089401245,-136.2643585205078,-0.999043345451355,-0.024839505553245544,-0.035990916192531586,-0.2702382802963257,-0.016386639326810837,0.975694477558136,-0.21852189302444458,42.10240173339844
0.040200233459472656,-0.21907244622707367,-0.9748800992965698,-136.09852600097656,-0.9990501403808594,-0.025233324617147446,-0.03552654758095741,-0.2609781324863434,-0.016816576942801476,0.9753822684288025,-0.21987874805927277,42.11628723144531
0.03985694423317909,-0.22042156755924225,-0.9745900630950928,-135.93270874023438,-0.9990565180778503,-0.025626495480537415,-0.03506162017583847,-0.25178563594818115,-0.017246989533305168,0.9750680327415466,-0.221234992146492,42.13040542602539
0.03951423987746239,-0.22177040576934814,-0.9742979407310486,-135.76690673828125,-0.9990625977516174,-0.026019016280770302,-0.034596145153045654,-0.24266092479228973,-0.017677875235676765,0.9747517108917236,-0.2225906401872635,42.14475631713867
0.03917212411761284,-0.2231190800666809,-0.974003791809082,-135.6011199951172,-0.9990683794021606,-0.026410894468426704,-0.03413010761141777,-0.2336040884256363,-0.018109234049916267,0.9744333624839783,-0.22394579648971558,42.159339904785156
0.038830600678920746,-0.22446748614311218,-0.9737076163291931,-135.43536376953125,-0.9990738034248352,-0.026802120730280876,-0.03366352245211601,-0.22461524605751038,-0.018541064113378525,0.9741129279136658,-0.22530032694339752,42.174156188964844
0.03848966211080551,-0.22581560909748077,-0.9734094142913818,-135.26962280273438,-0.9990788698196411,-0.027192696928977966,-0.033196382224559784,-0.21569448709487915,-0.018973365426063538,0.9737904667854309,-0.22665423154830933,42.189205169677734
0.038149312138557434,-0.22716321051120758,-0.9731091856956482,-135.10389709472656,-0.9990835785865784,-0.02758261375129223,-0.03272869810461998,-0.20684193074703217,-0.019406137987971306,0.9734660387039185,-0.22800730168819427,42.20448303222656
0.03780955448746681,-0.2285105288028717,-0.9728069305419922,-134.9381866455078,-0.9990879893302917,-0.027971874922513962,-0.0322604663670063,-0.19805768132209778,-0.01983937807381153,0.9731395244598389,-0.2293597310781479,42.219993591308594
0.03747038543224335,-0.22985754907131195,-0.9725027084350586,-134.77249145507812,-0.9990921020507812,-0.028360484167933464,-0.03179167956113815,-0.18934184312820435,-0.02027308940887451,0.9728109836578369,-0.23071153461933136,42.23573684692383
0.03713180497288704,-0.23120416700839996,-0.9721964001655579,-134.6068115234375,-0.9990957975387573,-0.02874843031167984,-0.03132234886288643,-0.18069453537464142,-0.0207072626799345,0.9724804162979126,-0.23206259310245514,42.251712799072266
0.03679393604397774,-0.23255060613155365,-0.9718880653381348,-134.441162109375,-0.9990991950035095,-0.02913575805723667,-0.030852578580379486,-0.17211583256721497,-0.021141909062862396,0.9721477627754211,-0.23341314494609833,42.267921447753906
0.03645653650164604,-0.23389673233032227,-0.9715777039527893,-134.27552795410156,-0.9991022944450378,-0.029522402212023735,-0.030382145196199417,-0.16360586881637573,-0.021577022969722748,0.9718131422996521,-0.234763041138649,42.284358978271484
0.0361197255551815,-0.235242560505867,-0.9712653160095215,-134.1099090576172,-0.9991049766540527,-0.029908383265137672,-0.029911162331700325,-0.15516474843025208,-0.02201259694993496,0.9714764356613159,-0.2361122965812683,42.301029205322266
0.03578350692987442,-0.23658807575702667,-0.9709509015083313,-133.94432067871094,-0.9991074204444885,-0.030293704941868782,-0.029439633712172508,-0.14679257571697235,-0.02244863472878933,0.9711376428604126,-0.2374609112739563,42.31793212890625
0.03544788062572479,-0.23793327808380127,-0.9706344604492188,-133.77874755859375,-0.9991094470024109,-0.030678370967507362,-0.028967557474970818,-0.13848945498466492,-0.022885136306285858,0.9707968831062317,-0.23880887031555176,42.33506393432617
0.03511284291744232,-0.2392781674861908,-0.9703159332275391,-133.61318969726562,-0.9991111755371094,-0.031062372028827667,-0.028494933620095253,-0.13025549054145813,-0.023322099819779396,0.9704540371894836,-0.2401561737060547,42.3524284362793
0.034778397530317307,-0.2406226247549057,-0.9699954986572266,-133.44766235351562,-0.999112606048584,-0.0314457081258297,-0.028021767735481262,-0.12209079414606094,-0.023759525269269943,0.970109224319458,-0.24150271713733673,42.370025634765625
0.0344446636736393,-0.2419668734073639,-0.9696729183197021,-133.2821502685547,-0.9991136193275452,-0.031828414648771286,-0.0275481678545475,-0.11399545520544052,-0.0241974089294672,0.9697623252868652,-0.2428487092256546,42.38785171508789
0.034111522138118744,-0.24331067502498627,-0.9693483710289001,-133.1166534423828,-0.9991143345832825,-0.03221045434474945,-0.027074025943875313,-0.10596957057714462,-0.02463575266301632,0.9694134593009949,-0.2441939264535904,42.40591049194336
0.033778972923755646,-0.24465402960777283,-0.9690218567848206,-132.95118713378906,-0.9991147518157959,-0.032591819763183594,-0.026599345728754997,-0.0980132520198822,-0.02507455088198185,0.9690625071525574,-0.2455383688211441,42.42420196533203
0.033447012305259705,-0.24599717557430267,-0.9686933159828186,-132.78573608398438,-0.9991147518157959,-0.03297252953052521,-0.02612411603331566,-0.09012660384178162,-0.02551380731165409,0.9687095284461975,-0.24688224494457245,42.44272232055664
0.03311564773321152,-0.2473398596048355,-0.9683626890182495,-132.6203155517578,-0.9991145133972168,-0.0333525650203228,-0.025648348033428192,-0.08230973780155182,-0.025953521952033043,0.9683545827865601,-0.24822533130645752,42.46147537231445
0.03278487175703049,-0.24868245422840118,-0.9680300354957581,-132.4549102783203,-0.9991138577461243,-0.03373194485902786,-0.025172026827931404,-0.07456275075674057,-0.026393692940473557,0.9679974913597107,-0.24956798553466797,42.4804573059082
0.03245469182729721,-0.250024676322937,-0.9676953554153442,-132.28953552246094,-0.9991129040718079,-0.034110650420188904,-0.02469516545534134,-0.06688575446605682,-0.026834316551685333,0.9676384329795837,-0.2509099543094635,42.499671936035156
0.03212510421872139,-0.2513664662837982,-0.9673587083816528,-132.12417602539062,-0.9991115927696228,-0.03448868170380592,-0.024217767640948296,-0.05927885323762894,-0.027275390923023224,0.9672773480415344,-0.25225111842155457,42.51911926269531
0.031796108931303024,-0.2527077794075012,-0.9670200347900391,-131.95884704589844,-0.9991099834442139,-0.03486603498458862,-0.023739831522107124,-0.051742151379585266,-0.02771691605448723,0.9669142365455627,-0.25359147787094116,42.538795471191406
0.031467828899621964,-0.254048615694046,-0.9666793942451477,-131.79354858398438,-0.9991080164909363,-0.03524274379014969,-0.023261476308107376,-0.044275734573602676,-0.0281588863581419,0.9665491580963135,-0.2549310326576233,42.5587043762207
0.031140141189098358,-0.25538933277130127,-0.9663366675376892,-131.62826538085938,-0.9991057515144348,-0.03561878204345703,-0.022782571613788605,-0.03687971085309982,-0.028601311147212982,0.9661819338798523,-0.2562701404094696,42.57884216308594
0.030813047662377357,-0.25672969222068787,-0.9659919142723083,-131.4630126953125,-0.9991030693054199,-0.03599414974451065,-0.022303128615021706,-0.029554184526205063,-0.02904418297111988,0.9658127427101135,-0.2576085329055786,42.59920883178711
0.030486546456813812,-0.25806957483291626,-0.9656451940536499,-131.29779052734375,-0.9991001486778259,-0.03636883944272995,-0.021823151037096977,-0.022299259901046753,-0.029487503692507744,0.9654415845870972,-0.25894612073898315,42.619808197021484
0.03016064129769802,-0.25940921902656555,-0.9652964472770691,-131.13258361816406,-0.9990968108177185,-0.03674285113811493,-0.021342631429433823,-0.015115044079720974,-0.029931269586086273,0.9650682806968689,-0.26028311252593994,42.6406364440918
0.029835330322384834,-0.26074835658073425,-0.9649456739425659,-130.9674072265625,-0.9990931749343872,-0.03711618855595589,-0.020861579105257988,-0.008001640439033508,-0.030375482514500618,0.9646930694580078,-0.2616192698478699,42.66169738769531
0.0295106153935194,-0.26208725571632385,-0.9645928740501404,-130.80226135253906,-0.9990891814231873,-0.037488844245672226,-0.020379986613988876,-0.0009591551497578621,-0.03082013688981533,0.9643157720565796,-0.26295486092567444,42.682987213134766
0.029186494648456573,-0.2634255290031433,-0.9642381072044373,-130.6371307373047,-0.9990848898887634,-0.03786081820726395,-0.019897863268852234,0.006012307479977608,-0.03126524016261101,0.9639365077018738,-0.2642894983291626,42.704505920410156
0.0288630872964859,-0.2647635340690613,-0.9638813138008118,-130.47203063964844,-0.999080240726471,-0.03823214769363403,-0.019415317103266716,0.012912661768496037,-0.03171078488230705,0.9635551571846008,-0.2656235098838806,42.72625732421875
0.028540275990962982,-0.2661011517047882,-0.9635224938392639,-130.3069610595703,-0.9990752935409546,-0.0386027954518795,-0.01893223635852337,0.019741803407669067,-0.032156772911548615,0.9631718397140503,-0.2669568359851837,42.74823760986328
0.028218060731887817,-0.2674384117126465,-0.9631617069244385,-130.1419219970703,-0.9990699291229248,-0.03897276148200035,-0.018448619171977043,0.02649962529540062,-0.03260320425033569,0.9627864956855774,-0.2682894170284271,42.77044677734375
0.027896560728549957,-0.2687753736972809,-0.9627988338470459,-129.97691345214844,-0.9990643262863159,-0.03934207558631897,-0.01796458102762699,0.03318604454398155,-0.033050067722797394,0.9623990654945374,-0.2696213722229004,42.79288864135742
0.0275755375623703,-0.2701118290424347,-0.9624339938163757,-129.8119354248047,-0.9990583062171936,-0.03971065953373909,-0.017479900270700455,0.03980093449354172,-0.033497363328933716,0.9620097279548645,-0.2709524929523468,42.81555938720703
0.027255110442638397,-0.2714477777481079,-0.962067186832428,-129.64697265625,-0.9990519881248474,-0.04007857292890549,-0.016994688659906387,0.04634419456124306,-0.03394510969519615,0.9616183042526245,-0.27228277921676636,42.83845901489258
0.026935279369354248,-0.27278342843055725,-0.9616983532905579,-129.48204040527344,-0.9990453124046326,-0.04044579342007637,-0.01650894246995449,0.052815720438957214,-0.03439328819513321,0.9612249135971069,-0.27361243963241577,42.86159133911133
0.026616163551807404,-0.27411866188049316,-0.9613274931907654,-129.317138671875,-0.9990383386611938,-0.04081236198544502,-0.016022779047489166,0.059215422719717026,-0.03484190255403519,0.960829496383667,-0.2749413251876831,42.884952545166016
0.02629764750599861,-0.2754532992839813,-0.9609546661376953,-129.1522674560547,-0.9990310072898865,-0.04117823764681816,-0.015536095947027206,0.06554320454597473,-0.035290949046611786,0.9604321122169495,-0.27626925706863403,42.90854263305664
0.025979725643992424,-0.2767876088619232,-0.9605798721313477,-128.9874267578125,-0.9990233778953552,-0.041543420404195786,-0.015048878267407417,0.07179895043373108,-0.03574042767286301,0.9600327014923096,-0.2775965631008148,42.9323616027832
0.02566252276301384,-0.27812162041664124,-0.9602029919624329,-128.82261657714844,-0.9990153908729553,-0.04190794378519058,-0.014561241492629051,0.0779825896024704,-0.03619033843278885,0.9596312046051025,-0.27892324328422546,42.9564094543457
0.02534579671919346,-0.27945512533187866,-0.9598241448402405,-128.6578369140625,-0.9990070462226868,-0.04227174445986748,-0.014072966761887074,0.08409398794174194,-0.03664068132638931,0.9592278003692627,-0.2802490293979645,42.98068618774414
0.02502966858446598,-0.2807883024215698,-0.9594433307647705,-128.4930877685547,-0.9989983439445496,-0.04263485223054886,-0.013584159314632416,0.09013304114341736,-0.0370914526283741,0.9588223099708557,-0.28157418966293335,43.005191802978516
0.024714257568120956,-0.28212103247642517,-0.9590604305267334,-128.328369140625,-0.9989893436431885,-0.04299730435013771,-0.013094937428832054,0.09609967470169067,-0.03754265606403351,0.9584147930145264,-0.28289857506752014,43.029930114746094
0.024399444460868835,-0.2834533751010895,-0.9586755633354187,-128.16368103027344,-0.9989800453186035,-0.04335906356573105,-0.012605187483131886,0.10199377685785294,-0.03799429535865784,0.9580053091049194,-0.28422218561172485,43.05489730834961
0.024085350334644318,-0.28478536009788513,-0.9582886695861816,-127.99903106689453,-0.9989703297615051,-0.04372016713023186,-0.012115021236240864,0.10781525820493698,-0.03844635933637619,0.9575937986373901,-0.2855451703071594,43.08009338378906
