-0.05440746620297432,0.1649044156074524,-0.9848077893257141,-142.74038696289062,-0.9985188245773315,-0.008985428139567375,0.05366035923361778,4.683014392852783,-8.918438254568173e-08,0.9862686395645142,0.1651490479707718,58.2574577331543
-0.05518675595521927,0.16798119246959686,-0.9842442274093628,-142.5978240966797,-0.9984760284423828,-0.009298938326537609,0.05439768359065056,4.727720260620117,-1.463863009121269e-05,0.9857463240623474,0.16823838651180267,58.18358612060547
-0.05596601217985153,0.17105607688426971,-0.9836704730987549,-142.45545959472656,-0.9984326958656311,-0.009614742361009121,0.05513394623994827,4.772328853607178,-2.67425348283723e-05,0.985214352607727,0.17132607102394104,58.10927963256836
-0.05674535408616066,0.17412912845611572,-0.9830864667892456,-142.31329345703125,-0.9983887076377869,-0.009932866320014,0.05586926266551018,4.816840171813965,-3.640069917310029e-05,0.9846727252006531,0.17441219091415405,58.0345344543457
-0.0575246624648571,0.17720021307468414,-0.982492208480835,-142.17132568359375,-0.9983440637588501,-0.010253281332552433,0.05660352110862732,4.861254692077637,-4.3612992158159614e-05,0.9841214418411255,0.17749659717082977,57.959354400634766
-0.05830381438136101,0.18026931583881378,-0.9818878173828125,-142.02957153320312,-0.9982988834381104,-0.01057596318423748,0.05733660236001015,4.905572414398193,-4.8379399231635034e-05,0.9835604429244995,0.180579274892807,57.88373947143555
-0.05908305197954178,0.18333637714385986,-0.9812731146812439,-141.8880157470703,-0.9982530474662781,-0.010900953784584999,0.058068741112947464,4.949793815612793,-5.0699818530119956e-05,0.9829897880554199,0.18366016447544098,57.80768966674805
-0.059862252324819565,0.1864013969898224,-0.9806482791900635,-141.7466583251953,-0.9982066750526428,-0.011228227987885475,0.05879981815814972,4.9939188957214355,-5.057425005361438e-05,0.9824095368385315,0.1867392659187317,57.731204986572266
-0.060641415417194366,0.18946433067321777,-0.9800131916999817,-141.6055145263672,-0.9981595873832703,-0.011557785794138908,0.05952983349561691,5.037948131561279,-4.8002752009779215e-05,0.9818195700645447,0.18981651961803436,57.6542854309082
-0.06142042577266693,0.19252513349056244,-0.9793679714202881,-141.46456909179688,-0.9981119632720947,-0.011889602057635784,0.06025867536664009,5.081881523132324,-4.298526619095355e-05,0.981220006942749,0.1928919106721878,57.576934814453125
-0.06219939514994621,0.19558370113372803,-0.9787125587463379,-141.32383728027344,-0.9980637431144714,-0.012223688885569572,0.06098645180463791,5.1257195472717285,-3.552195994416252e-05,0.9806108474731445,0.19596530497074127,57.49915313720703
-0.06297844648361206,0.19864006340503693,-0.9780469536781311,-141.18331909179688,-0.9980148673057556,-0.012560077011585236,0.061713289469480515,5.169462203979492,-2.561293513281271e-05,0.9799920320510864,0.19903676211833954,57.420936584472656
-0.06375734508037567,0.20169413089752197,-0.9773712158203125,-141.0430145263672,-0.9979654550552368,-0.012898709625005722,0.06243894621729851,5.213109970092773,-1.3258279068395495e-05,0.9793636202812195,0.20210614800453186,57.342288970947266
-0.06453607976436615,0.2047460675239563,-0.9766852855682373,-140.9029083251953,-0.9979153871536255,-0.013239598833024502,0.06316342949867249,5.256662845611572,1.5418336261063814e-06,0.9787255525588989,0.20517367124557495,57.263214111328125
-0.06531477719545364,0.20779573917388916,-0.9759892225265503,-140.7630157470703,-0.9978647232055664,-0.013582759536802769,0.0638868436217308,5.300121307373047,1.878729381132871e-05,0.9780779480934143,0.20823918282985687,57.18370819091797
-0.06609343737363815,0.21084322035312653,-0.9752829074859619,-140.62335205078125,-0.9978134632110596,-0.013928198255598545,0.06460919976234436,5.3434858322143555,3.847808693535626e-05,0.9774206280708313,0.2113027721643448,57.1037712097168
-0.06687205284833908,0.2138882726430893,-0.9745665192604065,-140.48390197753906,-0.9977615475654602,-0.014275898225605488,0.06533049792051315,5.38675594329834,6.061396561563015e-05,0.976753830909729,0.214364156126976,57.023406982421875
-0.06765039265155792,0.21693097054958344,-0.9738399982452393,-140.34466552734375,-0.9977090954780579,-0.014625814743340015,0.06605049967765808,5.429932594299316,8.519462426193058e-05,0.9760773777961731,0.2174234390258789,56.9426155090332
-0.06842868775129318,0.21997128427028656,-0.9731033444404602,-140.20565795898438,-0.997655987739563,-0.014977996237576008,0.06676943600177765,5.473015785217285,0.00011221981549169868,0.9753913283348083,0.22048059105873108,56.86139678955078
-0.06920682638883591,0.2230091691017151,-0.9723565578460693,-140.06686401367188,-0.9976023435592651,-0.015332414768636227,0.0674871951341629,5.516005516052246,0.00014168932102620602,0.9746957421302795,0.22353558242321014,56.77975082397461
-0.06998492032289505,0.22604462504386902,-0.9715996980667114,-139.9282989501953,-0.9975480437278748,-0.015689097344875336,0.0682038962841034,5.558902263641357,0.00017360276251565665,0.9739906191825867,0.22658836841583252,56.69768142700195
-0.07076273113489151,0.22907748818397522,-0.9708327054977417,-139.78994750976562,-0.9974931478500366,-0.016047976911067963,0.06891930103302002,5.601706504821777,0.00020795986347366124,0.973275899887085,0.22963881492614746,56.61518478393555
-0.07154050469398499,0.2321077287197113,-0.9700556397438049,-139.65182495117188,-0.9974376559257507,-0.01640910655260086,0.06963364779949188,5.644418239593506,0.0002447602164465934,0.9725516438484192,0.23268690705299377,56.532264709472656
-0.07231811434030533,0.23513542115688324,-0.9692685008049011,-139.51393127441406,-0.9973815679550171,-0.016772467643022537,0.07034681737422943,5.687037467956543,0.0002840033848769963,0.9718179106712341,0.23573270440101624,56.44892120361328
-0.07309544086456299,0.23816068470478058,-0.9684712290763855,-139.3762664794922,-0.9973248839378357,-0.017138037830591202,0.07105869054794312,5.729565143585205,0.00032568900496698916,0.9710745215415955,0.238776296377182,56.36515426635742
-0.07387260347604752,0.24118323624134064,-0.9676639437675476,-139.23883056640625,-0.9972676038742065,-0.01750582456588745,0.07176938652992249,5.772000789642334,0.00036981672747060657,0.9703217148780823,0.2418174296617508,56.28096389770508
-0.07464960217475891,0.24420304596424103,-0.9668465852737427,-139.10162353515625,-0.9972097277641296,-0.017875827848911285,0.07247890532016754,5.814344882965088,0.00041638597031123936,0.969559371471405,0.2448560744524002,56.196353912353516
-0.07542655616998672,0.2472202032804489,-0.9660191535949707,-138.9646453857422,-0.997151255607605,-0.01824808306992054,0.07318735867738724,5.856597900390625,0.00046539612230844796,0.9687874913215637,0.2478923201560974,56.11132049560547
-0.0762031078338623,0.2502346634864807,-0.9651817083358765,-138.82791137695312,-0.9970921874046326,-0.018622498959302902,0.07389440387487411,5.898759841918945,0.000516846776008606,0.9680060744285583,0.25092613697052,56.0258674621582
-0.07697949558496475,0.2532464265823364,-0.9643341898918152,-138.69140625,-0.9970325231552124,-0.018999135121703148,0.07460027188062668,5.940831184387207,0.000570737523958087,0.9672152400016785,0.25395748019218445,55.93999481201172
-0.07775571197271347,0.2562553286552429,-0.9634766578674316,-138.5551300048828,-0.9969722628593445,-0.01937798038125038,0.07530496269464493,5.982812404632568,0.0006270677549764514,0.9664148688316345,0.25698620080947876,55.85370635986328
-0.0785316452383995,0.25926148891448975,-0.9626091122627258,-138.41909790039062,-0.9969114065170288,-0.019759010523557663,0.07600836455821991,6.024703502655029,0.0006858365959487855,0.9656050205230713,0.2600124180316925,55.766998291015625
-0.07930741459131241,0.2622646987438202,-0.9617315530776978,-138.28330993652344,-0.9968499541282654,-0.020142246037721634,0.07671058177947998,6.06650447845459,0.0007470438140444458,0.9647857546806335,0.26303598284721375,55.679874420166016
-0.08008289337158203,0.2652650773525238,-0.9608439803123474,-138.1477508544922,-0.9967879056930542,-0.020527664572000504,0.07741151005029678,6.108215808868408,0.0008106888271868229,0.9639569520950317,0.26605692505836487,55.59233093261719
-0.08085808902978897,0.2682625949382782,-0.9599464535713196,-138.01243591308594,-0.9967252612113953,-0.020915260538458824,0.07811114937067032,6.149837970733643,0.0008767705876380205,0.9631187319755554,0.26907527446746826,55.504371643066406
-0.08163299411535263,0.2712570130825043,-0.9590389132499695,-137.8773651123047,-0.9966620206832886,-0.021305015310645103,0.07880949229001999,6.191370964050293,0.0009452883969061077,0.9622711539268494,0.27209076285362244,55.41600036621094
-0.08240773528814316,0.27424851059913635,-0.9581214785575867,-137.74253845214844,-0.9965981841087341,-0.02169697731733322,0.07950665801763535,6.232815265655518,0.0010162420803681016,0.9614140391349792,0.2751035690307617,55.327213287353516
-0.0831821858882904,0.2772371470928192,-0.9571939706802368,-137.6079559326172,-0.9965337514877319,-0.022091124206781387,0.08020252734422684,6.274170875549316,0.0010896306484937668,0.9605475068092346,0.27811378240585327,55.238014221191406
-0.08395634591579437,0.2802225947380066,-0.9562565684318542,-137.4736328125,-0.996468722820282,-0.022487422451376915,0.08089710772037506,6.315438270568848,0.0011654531117528677,0.9596716165542603,0.28112104535102844,55.148399353027344
-0.08473022282123566,0.2832050621509552,-0.9553092122077942,-137.3395538330078,-0.996403157711029,-0.022885892540216446,0.08159039914608002,6.356617450714111,0.0012437087716534734,0.9587863087654114,0.28412553668022156,55.058372497558594
-0.08550380170345306,0.2861844599246979,-0.9543519020080566,-137.20571899414062,-0.9963369369506836,-0.02328653074800968,0.08228238672018051,6.397708892822266,0.0013243966968730092,0.9578915238380432,0.28712722659111023,54.967933654785156
-0.08627709746360779,0.2891605496406555,-0.9533846974372864,-137.0721435546875,-0.9962701797485352,-0.02368931472301483,0.08297309279441833,6.438713073730469,0.0014075164217501879,0.9569874405860901,0.29012590646743774,54.8770866394043
-0.08705009520053864,0.2921335697174072,-0.9524075984954834,-136.93881225585938,-0.996202826499939,-0.024094264954328537,0.08366250991821289,6.479629993438721,0.0014930665493011475,0.9560739994049072,0.29312169551849365,54.78582763671875
-0.0878228098154068,0.2951035797595978,-0.9514205455780029,-136.8057403564453,-0.996134877204895,-0.024501387029886246,0.08435062319040298,6.52046012878418,0.0015810468466952443,0.9551510810852051,0.2961147427558899,54.69416046142578
-0.08859510719776154,0.29807043075561523,-0.950423538684845,-136.6729278564453,-0.9960663318634033,-0.024910638108849525,0.08503732830286026,6.561203479766846,0.001671456266194582,0.9542188048362732,0.29910486936569214,54.60208511352539
-0.08936712145805359,0.30103373527526855,-0.9494167566299438,-136.54037475585938,-0.9959971904754639,-0.025322018191218376,0.08572275191545486,6.601860523223877,0.001764293177984655,0.9532772302627563,0.30209171772003174,54.50960159301758
-0.09013859927654266,0.3039938509464264,-0.94840008020401,-136.4080810546875,-0.9959275126457214,-0.025735482573509216,0.0864066556096077,6.642431259155273,0.001859557582065463,0.9523262977600098,0.30507561564445496,54.41671371459961
-0.09090978652238846,0.30695074796676636,-0.9473735690116882,-136.2760467529297,-0.9958571791648865,-0.026151105761528015,0.08708926290273666,6.682916164398193,0.0019572474993765354,0.9513660669326782,0.308056503534317,54.32341766357422
-0.09168067574501038,0.30990421772003174,-0.9463371634483337,-136.14427185058594,-0.9957863092422485,-0.02656887099146843,0.08777057379484177,6.723315715789795,0.0020573630463331938,0.9503964781761169,0.311034232378006,54.22971725463867
-0.09245115518569946,0.3128542900085449,-0.9452909231185913,-136.01275634765625,-0.9957149028778076,-0.026988741010427475,0.08845049142837524,6.763629913330078,0.0021599025931209326,0.9494175910949707,0.31400883197784424,54.13561248779297
-0.09322122484445572,0.31580105423927307,-0.9442348480224609,-135.88150024414062,-0.9956428408622742,-0.027410728856921196,0.0891289934515953,6.803859233856201,0.0022648642770946026,0.9484294056892395,0.3169803023338318,54.04110336303711
-0.0939909890294075,0.3187443017959595,-0.9431689977645874,-135.75050354003906,-0.9955702424049377,-0.027834853157401085,0.0898062065243721,6.844003677368164,0.002372247399762273,0.9474319219589233,0.31994858384132385,53.94619369506836
-0.09476035088300705,0.32168397307395935,-0.9420933723449707,-135.61978149414062,-0.9954970479011536,-0.02826106920838356,0.09048201888799667,6.884063720703125,0.002482051495462656,0.9464252591133118,0.3229134678840637,53.85088348388672
-0.09552928805351257,0.32462021708488464,-0.9410079121589661,-135.48931884765625,-0.9954232573509216,-0.028689391911029816,0.09115643054246902,6.924039840698242,0.0025942749343812466,0.9454092383384705,0.3258751928806305,53.75516891479492
-0.09629781544208527,0.32755300402641296,-0.9399126172065735,-135.359130859375,-0.9953488707542419,-0.029119823127985,0.09182942658662796,6.963932037353516,0.00270891678519547,0.944383978843689,0.3288336992263794,53.6590576171875
-0.09706593304872513,0.33048224449157715,-0.9388076066970825,-135.22921752929688,-0.9952739477157593,-0.02955234795808792,0.09250102192163467,7.0037407875061035,0.0028259761165827513,0.9433494210243225,0.3317888677120209,53.56254577636719
-0.09783362597227097,0.3334079384803772,-0.9376927614212036,-135.09957885742188,-0.9951984286308289,-0.029986975714564323,0.09317121654748917,7.043466091156006,0.0029454512987285852,0.9423056244850159,0.3347407877445221,53.465633392333984
-0.09860078245401382,0.3363298773765564,-0.9365682601928711,-134.97019958496094,-0.9951223134994507,-0.030423644930124283,0.09383989125490189,7.083108425140381,0.00306734093464911,0.9412527084350586,0.33768919110298157,53.368324279785156
-0.0993676483631134,0.3392481803894043,-0.9354339838027954,-134.84109497070312,-0.9950456619262695,-0.030862441286444664,0.09450727701187134,7.122668266296387,0.003191644325852394,0.9401904940605164,0.34063413739204407,53.2706184387207
-0.10013408958911896,0.34216296672821045,-0.9342899322509766,-134.71226501464844,-0.9949684143066406,-0.031303346157073975,0.09517324715852737,7.162145614624023,0.0033183598425239325,0.9391190409660339,0.3435758650302887,53.172515869140625
-0.10089999437332153,0.3450739085674286,-0.9331362247467041,-134.58372497558594,-0.994890570640564,-0.031746286898851395,0.09583771228790283,7.201540946960449,0.003447486087679863,0.9380384683609009,0.3465139865875244,53.07402038574219
-0.10166548192501068,0.3479810059070587,-0.9319728016853333,-134.45545959472656,-0.9948121905326843,-0.03219129890203476,0.09650077670812607,7.240854263305664,0.0035790216643363237,0.9369487166404724,0.3494485020637512,52.975128173828125
-0.10243043303489685,0.35088440775871277,-0.9307997226715088,-134.3274688720703,-0.9947332143783569,-0.03263836354017258,0.09716232120990753,7.280086040496826,0.0037129647098481655,0.9358497858047485,0.35237956047058105,52.8758430480957
-0.103194959461689,0.3537842333316803,-0.9296168684959412,-134.1997528076172,-0.9946537017822266,-0.03308752924203873,0.09782245755195618,7.319236755371094,0.003849314758554101,0.9347416162490845,0.3553072512149811,52.77616500854492
-0.10395883023738861,0.35668009519577026,-0.9284244179725647,-134.07232666015625,-0.9945735931396484,-0.03353868052363396,0.0984809622168541,7.358306407928467,0.003988070413470268,0.9336243867874146,0.35823124647140503,52.67609786987305
-0.1047222837805748,0.3595719635486603,-0.9272223114967346,-133.94517517089844,-0.9944929480552673,-0.033991895616054535,0.09913808107376099,7.3972954750061035,0.004129229113459587,0.932498037815094,0.36115148663520813,52.57563781738281
-0.10548531264066696,0.36246004700660706,-0.9260105490684509,-133.8183135986328,-0.9944117069244385,-0.03444719314575195,0.09979378432035446,7.436203956604004,0.004272791091352701,0.931362509727478,0.3640681505203247,52.474788665771484
-0.1062476858496666,0.3653442859649658,-0.9247891306877136,-133.69174194335938,-0.9943298697471619,-0.034904494881629944,0.10044785588979721,7.475032329559326,0.004418752621859312,0.9302178621292114,0.36698126792907715,52.37355041503906
-0.1070096343755722,0.36822447180747986,-0.9235581755638123,-133.56546020507812,-0.9942474961280823,-0.035363856703042984,0.10110053420066833,7.5137810707092285,0.004567114636301994,0.9290640950202942,0.3698905408382416,52.27192306518555
-0.10777103900909424,0.3711007833480835,-0.9223175048828125,-133.43946838378906,-0.9941645264625549,-0.035825252532958984,0.10175169259309769,7.552450180053711,0.004717873875051737,0.9279012680053711,0.3727961778640747,52.1699104309082
-0.1085319072008133,0.3739731013774872,-0.9210672974586487,-133.3137664794922,-0.9940810203552246,-0.036288678646087646,0.10240133106708527,7.591040134429932,0.004871028941124678,0.9267293214797974,0.3756980299949646,52.067508697509766
-0.10929222404956818,0.37684112787246704,-0.9198075532913208,-133.1883544921875,-0.9939969778060913,-0.036754097789525986,0.10304947197437286,7.629551410675049,0.005026579834520817,0.9255484342575073,0.37859585881233215,51.9647216796875
-0.11005200445652008,0.3797050714492798,-0.9185383319854736,-133.063232421875,-0.9939122796058655,-0.03722153976559639,0.10369609296321869,7.6679840087890625,0.005184523295611143,0.9243584871292114,0.3814898431301117,51.861549377441406
-0.11081112176179886,0.38256505131721497,-0.9172594547271729,-132.9384002685547,-0.9938271045684814,-0.037690967321395874,0.10434108972549438,7.706338405609131,0.005344857927411795,0.9231594800949097,0.3843800723552704,51.75799560546875
-0.11156969517469406,0.3854207694530487,-0.9159711003303528,-132.81385803222656,-0.9937413334846497,-0.03816239908337593,0.1049845814704895,7.744614601135254,0.005507581867277622,0.9219514727592468,0.3872663080692291,51.65406036376953
-0.11232784390449524,0.3882724344730377,-0.9146731495857239,-132.6896209716797,-0.9936550259590149,-0.03863590583205223,0.1056266576051712,7.78281307220459,0.005672694183886051,0.9207343459129333,0.39014872908592224,51.549739837646484
-0.11308532953262329,0.39111992716789246,-0.9133657217025757,-132.565673828125,-0.9935681223869324,-0.03911137953400612,0.10626710951328278,7.820934295654297,0.005840192548930645,0.9195082783699036,0.3930272161960602,51.44504165649414
-0.11384226381778717,0.3939633071422577,-0.9120486974716187,-132.44203186035156,-0.9934806823730469,-0.03958887606859207,0.10690604895353317,7.858978271484375,0.006010075565427542,0.9182732105255127,0.39590179920196533,51.339962005615234
-0.11459853500127792,0.3968023359775543,-0.9107223153114319,-132.3186798095703,-0.9933926463127136,-0.04006832465529442,0.10754336416721344,7.896945476531982,0.006182340905070305,0.9170291423797607,0.39877229928970337,51.234500885009766
-0.1153542622923851,0.3996371030807495,-0.909386396408081,-132.1956329345703,-0.9933040738105774,-0.040549781173467636,0.10817916691303253,7.934836387634277,0.006356986705213785,0.9157761335372925,0.4016387462615967,51.128662109375
-0.116109199821949,0.4024675488471985,-0.9080410599708557,-132.07289123535156,-0.9932149648666382,-0.04103315249085426,0.10881324112415314,7.97265100479126,0.006534011103212833,0.9145141839981079,0.4045011103153229,51.02244567871094
-0.11686348170042038,0.4052935838699341,-0.9066863059997559,-131.95045471191406,-0.993125319480896,-0.04151846468448639,0.10944569110870361,8.01038932800293,0.006713413633406162,0.913243293762207,0.4073593020439148,50.915855407714844
-0.11761720478534698,0.40811535716056824,-0.9053220748901367,-131.8283233642578,-0.993035078048706,-0.04200579226016998,0.11007662862539291,8.048052787780762,0.006895191501826048,0.9119634628295898,0.4102134704589844,50.80888748168945
-0.11837026476860046,0.41093286871910095,-0.9039483666419983,-131.7064971923828,-0.9929443001747131,-0.042495086789131165,0.11070593446493149,8.085640907287598,0.007079342845827341,0.9106746912002563,0.41306358575820923,50.70154571533203
-0.11912277340888977,0.41374561190605164,-0.9025654196739197,-131.58497619628906,-0.9928529262542725,-0.04298634082078934,0.11133374273777008,8.123153686523438,0.00726586626842618,0.9093770980834961,0.4159092307090759,50.59383010864258
-0.1198744997382164,0.41655394434928894,-0.9011730551719666,-131.46376037597656,-0.9927610754966736,-0.043479494750499725,0.11195982247591019,8.160592079162598,0.007454759441316128,0.9080706834793091,0.4187506437301636,50.48574447631836
-0.12062566727399826,0.41935792565345764,-0.8997712731361389,-131.3428497314453,-0.992668628692627,-0.043974656611680984,0.11258438229560852,8.197956085205078,0.0076460205018520355,0.906755268573761,0.42158791422843933,50.37728500366211
-0.12137605249881744,0.42215749621391296,-0.8983601331710815,-131.22225952148438,-0.9925756454467773,-0.044471725821495056,0.11320720613002777,8.235245704650879,0.007839648053050041,0.9054310321807861,0.4244210422039032,50.268455505371094
-0.12212588638067245,0.4249522387981415,-0.8969396948814392,-131.1019744873047,-0.99248206615448,-0.04497075080871582,0.11382853239774704,8.272461891174316,0.008035638369619846,0.9040980339050293,0.42724958062171936,50.15925598144531
-0.12287493050098419,0.42774274945259094,-0.8955098390579224,-130.9820098876953,-0.9923880100250244,-0.04547170549631119,0.11444811522960663,8.30960464477539,0.008233988657593727,0.9027560353279114,0.4300740957260132,50.049686431884766
