1.0000000427732696,-7.86092278167999e-09,-4.647366255716712e-09,0.0,-7.86092278167999e-09,0.9999999684457445,4.840440920754133e-10,0.0,-4.647366255716712e-09,4.840440920754133e-10,0.9999999746197467,0.0
0.9999934607196093,-0.0030342386128250076,0.0019911008809223585,0.16325322734388692,0.003032328857941546,0.9999949267114828,0.0009497836593764427,0.028987620724040042,-0.0019939853173777528,-0.0009437383509943997,0.9999975423129815,-0.016892249271997173
0.99997367562329,-0.006070431101449225,0.003979362800171249,0.3263836511555951,0.006062869640746492,0.9999797755379125,0.0019055845391475926,0.05845374257737035,-0.003990850475888846,-0.001881407328002127,0.999990248859469,-0.0341400320280556
0.9999407260100992,-0.009108443079070327,0.005964751106640104,0.4893915268162914,0.009091458551802482,0.9999545549929912,0.0028674027221530273,0.08839742144372842,-0.005990596586074787,-0.002813003302441053,0.9999780973376996,-0.05173953974686896
0.9998946612403277,-0.012148119821233871,0.00794713930914949,0.6522768543258906,0.012117924903608418,0.999919182921368,0.0038352338376037294,0.11881865732311603,-0.007993093897940007,-0.0037385256488486895,0.9999610408085525,-0.06969077242844435
0.9998353791502641,-0.015189641825397726,0.009926625868243444,0.8150239494001426,0.01514246255296847,0.999873745687136,0.004809043001357744,0.14971771685680757,-0.00999842929518402,-0.004657937123310474,0.9999391290871946,-0.08799595553362849
0.9997629315611847,-0.018232743186956557,0.0119029644632994,0.9776477050370715,0.018164827053285627,0.9998182054116403,0.0057888354318744025,0.1810915010535883,-0.012006345955483194,-0.005571247688661074,0.9999123874469982,-0.10665661713681374
0.9996773125858087,-0.021277510433660662,0.013876243284567463,1.1401329602860528,0.02118506266001417,0.9997525747211009,0.006774589613840608,0.2129412206715724,-0.014016963109917471,-0.006478433487454693,0.9998807469217648,-0.12567120167058476
0.9995785704647746,-0.024323874496656517,0.015846578803694833,1.302479581170843,0.024203146203847645,0.9996769042053243,0.007766292069459493,0.2452659315942114,-0.016030368094799907,-0.007379481945954003,0.9998442554786563,-0.14503969538841943
0.9994666356392088,-0.027371718196333106,0.017813827717897704,1.4646874337151132,0.02721892383224215,0.9995910569104149,0.008763935361076704,0.27806468970495146,-0.018046433937998207,-0.008274386831060299,0.999802927821049,-0.1647620845438098
0.9993414722323208,-0.030421096733683317,0.019777854541181306,1.6267563839425918,0.03023246296997193,0.9994951613727918,0.0097674946036475,0.3113365508872441,-0.020065014654211247,-0.009163128435785428,0.9997566580151576,-0.18483835539024085
0.9992032443620587,-0.03347197255672696,0.021738773082464233,1.7886861639007066,0.033243723612771094,0.9993891522720625,0.010776957328892093,0.34507962690799054,-0.02208622444856681,-0.010045691888851793,0.9997056141364816,-0.20526848043466828
0.9990518273847371,-0.03652418883310671,0.023696429141578476,1.9504767735894575,0.03625257507739712,0.9992730675718148,0.011792315162206319,0.37929391776718724,-0.02410991571764505,-0.010922076430004923,0.9996496322538092,-0.2260524596771063
0.9988872015198829,-0.039577714882451875,0.025650946206088765,2.1121125287245377,0.03925895835655716,0.99914690306331,0.012813561194968149,0.4139796901061139,-0.026136198777331227,-0.011792272100192125,0.9995888195320095,-0.24719251857841584
0.9987094671293577,-0.042632733274476475,0.027602177843878334,2.273608845637682,0.04226305680645704,0.9990106249917027,0.013840656050708404,0.4491347890503903,-0.028164941620903744,-0.01265624144286881,0.9995231310779757,-0.2686864041846917
0.9985185787396826,-0.045688984928655696,0.029550236893504944,2.4349500400445834,0.045264619646130766,0.9988642565899917,0.014873613407623536,0.4847594812412943,-0.030196236948647814,-0.013513998869865207,0.9994526152316355,-0.2905363419567948
0.9983145450919815,-0.048746429270173586,0.03149497828027756,2.59613597796897,0.048263617371945726,0.9987078526567239,0.01591240345487836,0.5208528225622757,-0.03222995833260331,-0.014365520457946868,0.9993772269606045,-0.3127423181482243
0.9980973152882016,-0.05180513223097094,0.033436391722991524,2.7571665254345135,0.05126010265684548,0.9985413626020951,0.016957006499909354,0.5574138688967825,-0.0342660855710613,-0.015210788207714432,0.9992969673197724,-0.33530431901245095
0.9978670097684346,-0.054865063320792995,0.035374461107668814,2.9180418038461085,0.05425405866587398,0.9983647822173664,0.0180074145052093,0.5944407320120053,-0.036304601062819505,-0.01604979401303258,0.9992118379624914,-0.3582185222816605
0.9976235279659726,-0.057925947548581824,0.03730918380684889,3.0787610344888776,0.05724519878008843,0.9981781326311678,0.019063618842085007,0.6319334119073652,-0.03834549448935384,-0.016882541747453073,0.9991218990759151,-0.38149251750542135
0.997366858184521,-0.06098810888116546,0.03924052727622142,3.2393244057558377,0.06023384120521328,0.9979813400206969,0.020125591319466812,0.6698904924083262,-0.04038873469182398,-0.017708988808700754,0.9990270940816416,-0.4051224892891838
0.9970970972561277,-0.06405125634091391,0.041168362985909396,3.3997166897082423,0.06321973307716224,0.997774543529152,0.021193323086822195,0.7083127122147257,-0.042434204280695165,-0.018529148200311374,0.9989274361672944,-0.429106875192268
0.9968142097939794,-0.0671152412788718,0.04309280322097561,3.559952846332237,0.06620269737407451,0.9975577221128364,0.022266814035187647,0.7471974443936258,-0.04448200073603391,-0.01934301644995584,0.9988229138120265,-0.4534472101623166
0.9965181780012371,-0.07018028455817804,0.04501371159608922,3.7200175807009828,0.06918293428711368,0.9973307872183594,0.02334602633648089,0.7865449555865904,-0.04653198741731239,-0.020150557789315515,0.9987135410094611,-0.4781419248854064
0.9962090432575315,-0.07324619942656829,0.04693107134309113,3.8799104364688617,0.07216030263241183,0.9970937726005697,0.024430947343250617,0.826354773735055,-0.04858415359082567,-0.020951768910752733,0.998599319480072,-0.503194807263057
0.9958867890164642,-0.0763129622653973,0.048844991470857885,4.039631602028891,0.07513475815449805,0.9968467351623824,0.025521580238592228,0.8666254826644835,-0.05063859866974407,-0.02174664662035708,0.9984802380391601,-0.5286020419007116
0.9955514247796229,-0.07938053533256895,0.05075533703325702,4.199180487059209,0.0781062713497403,0.996589609583405,0.026617897336300444,0.9073556661997628,-0.052695188814437965,-0.022535174193933583,0.9983563105326813,-0.5543674029533889
0.9952029461680283,-0.08244887862361505,0.052662099967844156,4.358557024571724,0.08107479796267669,0.9963224506621844,0.02771987808692547,0.9485448522826143,-0.054753904851365665,-0.023317333266999918,0.9982275977054386,-0.5804908835478244
0.9948413623030361,-0.08551796259886046,0.054565138399797264,4.517746308996891,0.08404030848967488,0.9960452541899808,0.0288275053420264,0.990193307554895,-0.05681461664673229,-0.024093124998007642,0.9980939942791629,-0.6069671195953035
0.9944667027897156,-0.0885877266580275,0.056464681407636025,4.676762910963504,0.08700275025777551,0.9957580117493166,0.02994079416159427,1.032298405083374,-0.058877551928992786,-0.02486253688052087,0.9979555366671475,-0.6338014408182531
0.9940789330715663,-0.09165816889995693,0.0583604816346098,4.8355915355446655,0.08996211693265609,0.9954607233401932,0.03105968970461913,1.074860411509615,-0.06094244875802221,-0.025625550385365847,0.9978122502490799,-0.66099227790275
0.9936780341285785,-0.09472922149154872,0.06025264473725456,4.994232115752226,0.09291834950702432,0.9951534395524164,0.032184207796344046,1.1178788547753449,-0.06300941003803633,-0.026382164982768186,0.9976641841017883,-0.6885396239755295
0.9932640762548377,-0.09780088308297241,0.062141032253051565,5.152684450621763,0.09587142481159011,0.9948360402670502,0.033314302576478654,1.1613523187057364,-0.06507830816693268,-0.02713234710758511,0.9975112325968911,-0.7164434584168262
0.9928370278700576,-0.10087296599040307,0.06402575875124203,5.310948339188855,0.09882119532813459,0.9945086793578808,0.03444997354016759,1.2052793871259642,-0.06714924476019116,-0.027876104782313227,0.9973534438967425,-0.7447037606068534
0.9923969550815646,-0.10394544923779936,0.06590669583278516,5.469023647477229,0.10176760838372542,0.9941712936088843,0.03559121275886714,1.2496591159194796,-0.06922209178613069,-0.028613440159164227,0.9971908311755419,-0.7733205167991031
0.991943766739745,-0.1070184042979001,0.06778370357449143,5.626909785164997,0.10471076932425767,0.9938238935419113,0.036737983852576296,1.2944900889111661,-0.0712967050779604,-0.02934432718054203,0.9970234087899092,-0.802297501148594
0.9914775534322822,-0.1100918003002187,0.06965701100019861,5.784607007633326,0.10765063181111405,0.9934664749482229,0.0378902916092085,1.3397713619847664,-0.07337331674874505,-0.030068754034476564,0.9968511532411833,-0.8316309051340056
0.9909982592886488,-0.11316549489706151,0.0715263704862028,5.9421001539315625,0.11058704199176081,0.9930990778957771,0.03904810568555555,1.3855041458983894,-0.07545166641630131,-0.03078671660211152,0.9966740899364399,-0.861319173187951
0.9905059868738313,-0.1162394501562165,0.07339188600964158,6.099403593724105,0.11351995352758955,0.9927216370641818,0.0402114102988395,1.431684397543986,-0.07753186945989932,-0.03149819630633455,0.9964921482896894,-0.8913676144130562
0.9900006201204041,-0.1193135986248155,0.07525355453980953,6.256502555417711,0.11644938325355957,0.9923342030432424,0.04138020386548388,1.4783133276799543,-0.0796139008636417,-0.03220319632320601,0.9963054484470256,-0.921770878467143
0.9894822209489349,-0.12238793040841323,0.07711124343358461,6.4133965156786985,0.11937524899309633,0.9919368348402445,0.04255445185211489,1.52538999218946,-0.08169763216626877,-0.03290170268854414,0.9961139441005414,-0.9525327463784734
0.9889508334154073,-0.125462431003327,0.07896505142409405,6.570085273542645,0.12229751282507079,0.9915294102318811,0.04373415427996059,1.572912974897676,-0.08378317087139539,-0.033593698166229646,0.9959175652023003,-0.9836531975272749
0.9884064082272326,-0.12853705355249812,0.08081486149733924,6.726569017402539,0.12521615366332992,0.991112043023982,0.04491928451766368,1.6208808596300663,-0.08587037804311276,-0.03427918007427644,0.9957164435934898,-1.0151284165189765
0.9878490055093985,-0.13161173859634445,0.08266065126747413,6.882847223924671,0.12813116309039568,0.9906847247990688,0.04610983650453573,1.6692927022697894,-0.08795924580727843,-0.034958147023752884,0.9955104617358449,-1.0469621843818686
0.9872785596151381,-0.134686453743452,0.08450241477071463,7.038904665170264,0.13104249051646383,0.9902474513484038,0.04730577810116865,1.7181492415166861,-0.09004975338511698,-0.03563057237934991,0.9952996801588401,-1.0791529386752714
0.9866951262799386,-0.13776108159558387,0.0863400304220649,7.194756167149251,0.13395000950949668,0.9898002058370288,0.04850709663887858,1.7674469063212683,-0.09214177074454208,-0.03629646818654325,0.9950841113375297,-1.1117022006003054
0.9860987784868644,-0.14083577537289482,0.08817359229658983,7.350386568910977,0.1368538886738602,0.9893429503013589,0.04971378239026338,1.8171869074416467,-0.09423541210205372,-0.036955800000157246,0.9948637456194779,-1.1446084145895625
0.9854894004430994,-0.1439101844480568,0.09000311486735935,7.505795669491079,0.13975372337604394,0.9888758154671137,0.05092581533727384,1.8673678287029976,-0.09633065059747431,-0.03760857758187863,0.9946386414372639,-1.17787156002327
0.98486701824148,-0.14698473570147108,0.09182843503768012,7.660983334913226,0.14265002359545448,0.9883987422420791,0.05214316067817727,1.9179887259887725,-0.09842735479569559,-0.03825474964255837,0.9944086956900593,-1.211491623154913
0.9842317344453395,-0.15005904720863583,0.09364968099960241,7.815949297224847,0.14554232152501345,0.987911675912641,0.05336583476961735,1.9690477110658673,-0.100525640924228,-0.03889435162415783,0.9941739551424683,-1.2454685764914473
0.9835834615771725,-0.1531330698311013,0.09546660376901867,7.970693489437792,0.14843066350334042,0.9874147302846306,0.05459377460553039,2.0205443118760105,-0.1026252465574366,-0.03952735860968243,0.9939343854235853,-1.2798024131596364
0.9829222559948007,-0.15620687863478988,0.09727931679100582,8.125215643599518,0.1513151001202327,0.9869077957609588,0.05582698824068407,2.072476640186098,-0.10472628300648171,-0.04015375915224506,0.9936900947286734,-1.314493105666429
0.9822481270720774,-0.15928048622222502,0.09908768401277895,8.279515625733723,0.1541956018720581,0.9863909945649338,0.05706545668266436,2.124843751879583,-0.10682861767666255,-0.04077355195879129,0.9934410370996679,-1.3495406402653245
0.9815611017852479,-0.1623536837244055,0.10089182335591984,8.43357814091351,0.15707201282311856,0.9858642972353812,0.05830916678446822,2.1776459135980257,-0.1089323595958849,-0.04138672475639088,0.9931872004373956,-1.3849434476423852
0.9808611485540257,-0.16542635298263075,0.1026918465808262,8.587417692779525,0.15994418545519515,0.9853276869373432,0.05955812133462171,2.2308800263499275,-0.11103761037962867,-0.04199328217885007,0.9929285732748419,-1.4207068506467806
0.9801482636047256,-0.16849869868335166,0.10448749741804214,8.741019509738521,0.1628123347112814,0.9847811931319973,0.060812281822213314,2.2845473008936867,-0.11314411733159005,-0.04259319573491682,0.9926651819061679,-1.4568254989363112
0.9794224860334828,-0.17157057217761285,0.10627877305656933,8.894383323837985,0.16567630465568817,0.9842247947756473,0.06207161854631617,2.3386458489962045,-0.11525187135619216,-0.043186461952262056,0.9923970266197946,-1.493299365017954
0.9786838131744657,-0.17464190525208245,0.10806567096674431,9.04750861174415,0.16853606578477437,0.983658542458099,0.0633361252160899,2.393174726540643,-0.1173608572005174,-0.04377307659527663,0.9921241675928408,-1.530132229919971
0.9779323049625464,-0.1777127059000465,0.10984816766614258,9.200395561850087,0.17139160968106176,0.9830823771720684,0.06460579216509275,2.448132517352464,-0.11947106884334066,-0.04435303509896854,0.9918464873995554,-1.5673202782478057
0.9771679499655175,-0.18078280910574573,0.11162615199410685,9.35304358383388,0.17424275932270733,0.9824963958884275,0.06588058352417829,2.503517805256555,-0.12158237029713923,-0.044926339415157945,0.9915640573629865,-1.6048672841564624
0.9763907669413192,-0.18385203572997,0.11339986527776871,9.505437906102372,0.17708938827764592,0.9819005733547411,0.0671605031893734,2.559331801011316,-0.12369499192225622,-0.04549297796538043,0.9912769126396771,-1.6427678973037558
0.9756007018381947,-0.18692077645097083,0.1151690341292164,9.657592898319876,0.17993177891363463,0.9812949052773388,0.06844551423214952,2.615570461508698,-0.12580867539557788,-0.04605291815435214,0.990985021362637,-1.6810274267923262
0.9747978065026719,-0.18998878505690175,0.1169336595070008,9.809493788893207,0.18276986380591104,0.9806794169935905,0.06973559393703105,2.6722349975070987,-0.12792341105734584,-0.04660615528550377,0.9906883834335168,-1.7196405222799882
0.9739821581890675,-0.1930560112221622,0.11869385438274477,9.961155014474855,0.18560341959401344,0.9800540410787328,0.071030748681857,2.7293218379567428,-0.13003931356227583,-0.04715269452241594,0.9903869872610258,-1.7586124997426396
0.9731536068585336,-0.19612246526788457,0.12044949059198179,10.112561736483485,0.1884325600413159,0.9794188997560757,0.07233094416342355,2.786831721557757,-0.1321562345737565,-0.047692512337025705,0.9900808459952968,-1.7979380019648232
0.9723123124191115,-0.19918794326808165,0.12220045997081536,10.263713364597209,0.19125705336989526,0.9787739635644409,0.07363616666086639,2.844763232135028,-0.1342740613016522,-0.048225644632254594,0.9897700306518981,-1.837620803101565
0.9714582142915669,-0.20225256719218976,0.1239469677740409,10.41460969785166,0.1940770555154248,0.9781191903315053,0.0749464084461663,2.903114953513729,-0.1363930122212032,-0.04875204144512213,0.9894544602533912,-1.8776608825330783
0.970591379903516,-0.20531626920710888,0.12568879041395015,10.565250924639798,0.19689244004587542,0.9774546306470746,0.07626162719424602,2.9618854695193235,-0.1385128433459046,-0.04927170224585392,0.9891342176582405,-1.9180544248648062
0.9697117361028216,-0.20837898909279318,0.1274260266236703,10.715636454639764,0.1997031858750765,0.9767802760936708,0.0775818229263336,3.021073363976699,-0.14063364828097819,-0.04978461823384883,0.9888092328185094,-1.9588052042517603
0.9688193541362531,-0.2114406666291968,0.12915855888601013,10.86575112690096,0.20250928458555814,0.9760961182538158,0.07890695228639498,3.080679847643969,-0.14275531075661504,-0.050290780608505725,0.9884795177918834,-1.9999116651265325
0.9679142694835345,-0.21450119626014263,0.13088638869881053,11.01560970044514,0.20531055073798943,0.9754022625158604,0.08023701593205021,3.1407008774133693,-0.14487781568890756,-0.05079019271057639,0.9881451323422448,-2.041375321816986
0.9669964249791008,-0.21756061570870777,0.1326096103388461,11.165197403679088,0.20810708126076796,0.9746986540812596,0.08157202204957659,3.2011376640432996,-0.1470012658130615,-0.05128285066953464,0.987806006878894,-2.083190823980928
0.9660659467496866,-0.22061883540528715,0.13432799636815618,11.31451357929285,0.2108987413043855,0.9739852803237958,0.08291189788958836,3.2619883193003734,-0.14912542316530983,-0.05176874869614828,0.987462164737781,-2.125361938900106
0.9651227063703316,-0.22367578599585336,0.13604166665203377,11.463558093310127,0.21368554770379217,0.9732621918332761,0.08425665058619144,3.3232518990680404,-0.15125038316938458,-0.05224787143730392,0.9871137134554322,-2.1678886528280046
0.9641668391143781,-0.22673156618399304,0.13775047197562662,11.612330744766496,0.216467513127682,0.972529342228633,0.08560627721401952,3.3849269871714736,-0.1533760248902891,-0.05272023123474601,0.9867605485066901,-2.2107709451448585
0.9631982581287164,-0.22978600791209214,0.13945453602787172,11.760831265709385,0.21924452797895697,0.9717868284807408,0.08696075251001881,3.447011695377574,-0.15550245176201352,-0.0531858003936167,0.9864026572006315,-2.2540087883576234
0.9622170777528942,-0.23283899226098637,0.14115376171356042,11.909059522162465,0.22201645740810003,0.9710346337546423,0.08832003193445626,3.5095050795697915,-0.1576295407016681,-0.053644576136052724,0.9860401693347063,-2.2976021687197914
0.9612232366219615,-0.23589049064158019,0.14284812926885182,12.057015669024707,0.22478328032894934,0.9702727538415974,0.08968410152464039,3.572405487544451,-0.15975727043359733,-0.05409656888509251,0.9856729671016233,-2.3415472674001663
0.9602168063755454,-0.2389405888211602,0.14453762009123938,12.204684088999926,0.22754507683495256,0.9695012013678265,0.09105294889616616,3.6357136580011016,-0.1618856445634402,-0.054541747371620763,0.9853010524100673,-2.3858463167328807
0.9591976966371218,-0.24198944192104044,0.1462222180452727,12.352079608097995,0.23030204078292263,0.968719938369743,0.09242658563369269,3.6994260198902555,-0.16401463509401898,-0.05498009567963558,0.9849245467507242,-2.430500837919041
0.9581659874917032,-0.24503674579071966,0.14790182770340443,12.499186998380196,0.23305380129420444,0.9679289817672374,0.09380494928909759,3.763543311911752,-0.1661441229174844,-0.055411622546975015,0.9845433999972385,-2.475509268517982
0.9571217269919163,-0.24808239563448442,0.14957655513615165,12.646006025388004,0.23580034995131097,0.9671284369486596,0.09518803883142406,3.8280638818616257,-0.16827421781994734,-0.055836338726060364,0.9841575413488317,-2.520871584473312
0.9560648655726243,-0.2511265255976074,0.15124638388642875,12.792536521651073,0.23854175417900628,0.9663182027343992,0.09657588007105536,3.892986549594193,-0.17040490722615767,-0.056254230453101406,0.9837670324116236,-2.5665877686018703
0.9549954710416753,-0.25416899697203377,0.1529111046633207,12.93877828620495,0.2412778875452616,0.96549838030407,0.09796835337268474,3.9583098989346226,-0.17253594344377576,-0.05666526702187136,0.9833719545771822,-2.612657800283891
0.9539135319921139,-0.25720975410049984,0.15457080381498345,13.08473147394858,0.2440087500500685,0.9646689612401906,0.09936551986918994,4.024032277679245,-0.17466743764784412,-0.05706948410178608,0.9829721791507424,-2.6590778606881855
0.9528191124378873,-0.26024876383112794,0.15622537717841223,13.230395494560128,0.2467342742686736,0.9638299413340242,0.10076729840433135,4.090152269652945,-0.17679926159189235,-0.057466847645867014,0.982567836654938,-2.705851723969772
0.9517121422729216,-0.26328602464299067,0.15787493658619844,13.375770147075116,0.2494544686185475,0.9629813205855721,0.10217370217288081,4.156668458680896,-0.1789315204282251,-0.05785734283077515,0.9821588556977796,-2.7529793695088642
0.9505926855111637,-0.2663214778369696,0.15951935731327704,13.520840203554826,0.2521692656749369,0.9621230905773549,0.10358469637842278,4.223581583462938,-0.18106408591037199,-0.05824097567924835,0.9817452490765057,-2.800459234864796
0.9494607768845,-0.2693549907887194,0.161158755493643,13.665620456515057,0.2548785685094276,0.9612553524889821,0.10500031792174709,4.290887836920442,-0.1831970739473775,-0.05861777477841584,0.9813270647929183,-2.848292837802063
0.94831633704313,-0.27238679026338986,0.16279298480404292,13.810095678017092,0.2575825709788406,0.9603779587597804,0.10642051830679299,4.358587957753249,-0.18533034907285614,-0.05898767941287586,0.9809041980251754,-2.8964786158799996
