1.0000000241153333,-2.9570993854600573e-09,1.2581246766618648e-08,0.0,-2.9570993854600573e-09,1.0000000154139317,2.3439844623142413e-10,0.0,1.2581246766618648e-08,2.3439844623142413e-10,1.0000000335941244,0.0
0.9999993067713615,-0.0011731409772109784,9.760377215181637e-05,0.1666127097823562,0.001172969823160818,0.9999978754782454,0.0017114971464287768,0.00436538644699036,-9.958432338552647e-05,-0.0017113818701449401,0.9999985588425946,0.0005254979656896808
0.999997212610368,-0.0023464932376585923,0.00019321172719663493,0.3332171289897019,0.002345815464310502,0.9999913906456156,0.0034230952446002902,0.008927292875144932,-0.00020121697584660203,-0.0034226324804597086,0.9999941527178747,0.0010291773105279844
0.9999937736476557,-0.0035199232382548823,0.0002869549190828713,0.49981262762847223,0.003518400531364188,0.999980613135793,0.005134808036814729,0.013685719284123987,-0.0003050116060228647,-0.0051337669093559635,0.9999867953819073,0.0015072757182252872
0.9999889551935311,-0.00469342573378282,0.00037870055015495896,0.666399835692232,0.004690717107955391,0.9999655427460948,0.006846629335506631,0.018640665674267254,-0.00041081131894549205,-0.006844776356174476,0.9999765090714383,0.001963555505057002
0.999982664148345,-0.005867219538576801,0.00046835769348160805,0.8329931245744717,0.00586299486631555,0.9999461916375381,0.008558510446170831,0.02379082572230562,-0.0005185249821360038,-0.008555616154364953,0.9999633090120355,0.002391742397655605
0.9999750683378505,-0.007041061211413388,0.0005558889252842703,0.9995774928881076,0.0070349785726498935,0.9999225464330055,0.01027048591606954,0.02913750575116847,-0.0006281504804661331,-0.010266319041296379,0.99994714103575,0.0027943483531132074
0.9999660754854398,-0.008215055366796717,0.0006415676902053469,1.166152915045842,0.008206779343277064,0.999894553291279,0.011982531009796264,0.03468022962997708,-0.00073991410036095,-0.011976859472983437,0.9999280197892298,0.003171377656016716
0.9999556630060816,-0.009389193907168941,0.0007251286537413304,1.3327193910477604,0.009378385542064733,0.9998622715260351,0.013694638205360751,0.04041899735873056,-0.0008535854306383484,-0.013687231251042209,0.9999059897022956,0.0035228303063661315
0.9999438721726059,-0.010563467794395709,0.0008066794766759255,1.4992769208937773,0.01054979020629341,0.9998256410128643,0.01540680299301143,0.0463538089374298,-0.0009692771427299851,-0.015397428334575913,0.9998809723128342,0.0038487063041685587
0.9999307015857097,-0.011737857933701606,0.0008862541837574567,1.665825504583978,0.011720967297555666,0.9997847801764362,0.017119018284908433,0.052484664366074796,-0.0010869890023225137,-0.017107443533804778,0.9998530827924486,0.0041490056494168925
0.999916151645194,-0.012912357870130786,0.0009638323880337973,1.8323651421182774,0.01289192425539648,0.9997395693759813,0.018831271061837407,0.058811563644664666,-0.0012067210763626601,-0.018817266598121773,0.9998222036859115,0.004423728342111133
0.9999002271486686,-0.014087074158509627,0.0010394181524990276,1.9989102304774349,0.014062750354355615,0.9996900742083678,0.02054354446562409,0.06533367658081035,-0.0013284741682102197,-0.020526877796527065,0.9997884551818724,0.004666595824275532
0.9998829353896083,-0.01526175578951433,0.001112865747367714,2.1654463470934786,0.015233214968549319,0.9996362808911111,0.022255867300762858,0.07205135723602218,-0.0014521286301350522,-0.022236309717221903,0.9997516803790538,0.004883890938479851
0.9998642120367309,-0.016436631882565195,0.0011843348275783483,2.3319728875600276,0.016403537087710408,0.9995781424742359,0.023968196002878066,0.0789650817408396,-0.0015777794503569753,-0.02394551455164773,0.9997120338469909,0.005071847083847558
0.9998441455434458,-0.017611580610562366,0.0012539194223652739,2.498489826289841,0.017573583753686867,0.9995157119882275,0.025680546285515252,0.08607437396438344,-0.001705577417852766,-0.025654505145242035,0.9996694394061492,0.005230468544965561
0.9998226373992152,-0.0187865717011044,0.0013215013338899184,2.6649971632829192,0.01874334657327476,0.9994489878116174,0.027392909755459844,0.0933792339066537,-0.0018353851682071376,-0.027363280901333886,0.9996239168485601,0.005359755321833859
0.9997997765094949,-0.019961727736519497,0.0013869658461151957,2.8314955285328836,0.019912926457179403,0.9993779768356493,0.02910525210029323,0.100879661567991,-0.001967066502262582,-0.029071808073671934,0.9995754249487412,0.005463469730734971
0.9997755294074333,-0.02113690930640133,0.001450412850373256,2.997984292046084,0.02108220437266649,0.9993026713583464,0.03081760565333908,0.10857565694805471,-0.0021007820109003594,-0.030780110006295325,0.9995240074145472,0.005537849455386379
0.9997499090729798,-0.022312233623638655,0.0015118690975179372,3.1644628238289556,0.022251284473369742,0.9992230183492258,0.03252992043608617,0.11646722004650512,-0.002236488541729753,-0.03248814629773911,0.999469659766597,0.005579132179505564
0.9997228857617051,-0.023487568940563308,0.0015714246352311056,3.330931728287851,0.023420025407922564,0.999139129949765,0.034242228781852874,0.12455387473280277,-0.0023743170916960266,-0.03419593523178466,0.9994123669265534,0.005591084503969057
0.9996945164743998,-0.024662891689201216,0.0016287446757564938,3.4973910310099825,0.02458843461590051,0.9990508855057759,0.03595450946918004,0.1328360971378273,-0.0025139297071423705,-0.035903476977683035,0.9993521245195748,0.005573702144175741
0.9996647518685968,-0.025838328898477814,0.0016841620078462127,3.6638407064081377,0.025756601371814097,0.9989583518302291,0.0376667465218019,0.1413134111306995,-0.0026556505154842203,-0.037610738933191,0.9992889372552363,0.005526989384726733
0.9996335504715659,-0.027013848757921288,0.0017375827521911857,3.8302801244886666,0.02692452891861033,0.998861527301657,0.039378927016002305,0.14998581671107925,-0.0027993668118165838,-0.039317711316295134,0.9992228812879672,0.005447183909325304
0.9996010313428547,-0.02818945126753164,0.0017889869216401177,3.9967099152452192,0.028092195891325184,0.9987604119200597,0.041091045372111876,0.15885331387930712,-0.00294508342383637,-0.041024394126995434,0.9991538390955939,0.0053380480342681835
0.9995670678266998,-0.029365003123836053,0.001838370884466256,4.1631294486841455,0.02925948230356806,0.9986549983888282,0.042803124719505294,0.16791590263504252,-0.003092794251860209,-0.04273080213242342,0.9990818717207355,0.005195819443258642
0.9995317656921615,-0.030540613772453484,0.0018858654143333875,4.329538699218205,0.030426485823083986,0.9985452927884705,0.044515133583051564,0.17717310684740672,-0.003242622767115344,-0.0444369132289375,0.9990069572655631,0.005020502420890693
0.9994950461160027,-0.03171627661348819,0.0019312103967360772,4.495937692434666,0.03159319805667965,0.9984312351972615,0.046227070866140606,0.18662540264727845,-0.0033943140328026034,-0.046142713413050096,0.9989290788513219,0.0048120926825845345
0.9994569520459419,-0.03289209727892434,0.0019745411181081862,4.66232640274626,0.03275973479412509,0.9983128912120695,0.04793889660495526,0.19627231390377942,-0.0035480112180694134,-0.04784817744255587,0.9988483346935175,0.004570594512912862
0.9994174808075883,-0.034067933775177084,0.0020158396902528186,4.8287048301529865,0.03392595468406833,0.998190312647277,0.04965064427743731,0.20611384061690918,-0.003703683657833301,-0.049553332871204225,0.998764606918506,0.0042960079118898875
0.9993766291404278,-0.03524378696200642,0.0020551386761464285,4.995072974654846,0.035091842847418085,0.9980633804701675,0.051362279594910534,0.21614998278666775,-0.003861345914748987,-0.0512581455606157,0.9986780109426641,0.0039883328795013995
0.9993343935083605,-0.03641952218321731,0.00209240531291216,5.161430836251839,0.03625728769100099,0.9979321469004904,0.05307383312627866,0.22638074041305511,-0.004020982288068603,-0.052962641835906044,0.9985884313830883,0.003647569415747398
0.9992907629575964,-0.037595367513121924,0.0021277652432338257,5.327778389356723,0.037422497522064516,0.9977966245046292,0.05478526862749169,0.23680563736519256,-0.00418272692123034,-0.05466678728356944,0.9984959076356192,0.003273721805229002
0.9992457704659237,-0.03877118460415635,0.0021609828710360546,5.494100002588766,0.03858735330791025,0.9976568655023357,0.05649658419121044,0.24742597996566884,-0.00434634359832009,-0.056370586183899674,0.9984004791504265,0.0028655396887558027
0.9991994004682649,-0.03994697616176501,0.0021921747949539827,5.660411307328729,0.03975184016944026,0.9975127508608918,0.05820775845246956,0.25824046189189565,-0.00451192036473233,-0.05807401542092827,0.9983021264032652,0.0024242734255182086
0.9991516536400067,-0.04112283683452134,0.002221316496557768,5.826711673582935,0.0409160622602816,0.9973643453664299,0.05991879222199817,0.26924908314353235,-0.004679487550816264,-0.05977707425453915,0.9982007930652107,0.0019461606992194902
0.9991024883319579,-0.042298652254981195,0.002248678333803933,5.993001101351382,0.04207988566860603,0.9972116429384444,0.06162969403595661,0.28045184372057896,-0.004849249703203773,-0.061479755395277946,0.9980965547342632,0.0014312015098596476
0.9990519812322094,-0.04347439676495424,0.002273779270891174,6.159279590634128,0.043243317833999734,0.9970546419554642,0.06334046007966124,0.2918487436230355,-0.005020751295854137,-0.06318208580250118,0.9979894315245702,0.0008793958574528915
0.9990000805373819,-0.04465017718153297,0.002296945784697857,6.325547115843847,0.04440644803097189,0.9968934084197286,0.06505104938758004,0.30343930672002317,-0.005194331152730769,-0.06488400226399993,0.9978793083336325,0.00029074802657191867
0.9989467829869609,-0.04582598768766366,0.0023181981622258097,6.4917886755935115,0.045569261380431235,0.9967278224877822,0.0667614731190411,0.315224839334471,-0.005370003836488363,-0.06658552086244296,0.9977663026334138,-0.00033223002566984405
0.9988920661201306,-0.047001697150906296,0.002337282119600992,6.658019258476571,0.04673165697170831,0.9965579963011021,0.06847174796555708,0.32720379707801106,-0.005547508739488949,-0.06828666355574864,0.9976503361343335,-0.0009920481140852644
0.9988360295847234,-0.048177423214029624,0.002354337174685306,6.824238877286604,0.04789371015391056,0.9963838173128472,0.0701818219932536,0.33937641801608187,-0.005726998525215743,-0.06998737287326229,0.9975314459088579,-0.001688708380982007
0.9987785758931433,-0.04935301519333679,0.00236959629132949,6.990447532023666,0.04905529769769373,0.9962053964483917,0.07189173883770694,0.3517427021486843,-0.005908653281630261,-0.07168768915535118,0.9974096533820698,-0.0024222108263387554
0.9987197635211689,-0.05052859122455877,0.002382684189215084,7.156644579900501,0.05021654607535039,0.9960226806772525,0.07360145472040035,0.36430241141003794,-0.006092165519318099,-0.07338757751175584,0.9972849005250466,-0.00319631562415168
0.9986595757043201,-0.05170414027893688,0.002393712635848061,7.32281562393635,0.05137741808914769,0.9958356695940643,0.07531094908710818,0.37705637599253405,-0.006277623082833805,-0.07508701712628796,0.9971572290570028,-0.004004744216459244
0.9985980192392113,-0.052879771186861935,0.00240269510660554,7.488975048318366,0.052538040211350265,0.9956443692793361,0.0770201988084611,0.39000352763834245,-0.0064650271102705825,-0.07678598222116895,0.9970266367215107,-0.004853773018922425
0.9985350780717017,-0.054055230831059564,0.0024096347998941725,7.655123495833749,0.05369815949742747,0.9954487655452133,0.07872926340081894,0.40314410441324267,-0.0066543900219900864,-0.07848453784339815,0.9968931229829975,-0.005739641857573474
0.998470722546625,-0.05523062312009541,0.0024147604816560087,7.821260310901636,0.05485786522190047,0.9952488644722076,0.0804381083845357,0.4164776301860158,-0.006845918373023868,-0.08018262882210103,0.9967567099694855,-0.006666108764093792
0.9984050080034605,-0.056405948546931706,0.002417713745256761,7.987370466547702,0.05601717970343342,0.9950447255766767,0.08214673008785758,0.4300049351487121,-0.007039289040156382,-0.08188027773767281,0.9966173368265785,-0.00763065749679015
0.9983379386635567,-0.05758118214552421,0.002418852597529886,8.153468989746273,0.05717604762224589,0.9948362881261623,0.0838551247429934,0.44372518910928127,-0.007234820011337684,-0.08357745099907121,0.9964750644756195,-0.008635804297355776
0.9982694500072433,-0.05875632268541664,0.002417801958057325,8.319555880497376,0.05833449778287609,0.9946235521206654,0.08556325229119889,0.4576383920677234,-0.007432183201762005,-0.08527414125802224,0.9963298348542127,-0.009681549165804881
0.9981995936264869,-0.05993147658143516,0.002414690667929653,8.485616099032995,0.059492623656464426,0.9944065232353249,0.08727113600478388,0.4717451361506493,-0.0076314627935448465,-0.08697035335847692,0.9961816868226251,-0.010765373718136573
0.9981283405764598,-0.06110650364033143,0.002409635725582948,8.651664659533878,0.06065029877073429,0.9941852536898932,0.08897876195832799,0.48604435310056937,-0.007832789917524868,-0.08866608055831804,0.9960306007896651,-0.011889792053750625
0.9980557479570773,-0.06228140459959952,0.0024026469746675494,8.817700944800038,0.06180749012456805,0.993959683968012,0.09068613015183656,0.5005362809825828,-0.008036174134984558,-0.09036130762542438,0.9958766355415246,-0.013058568631237222
0.9979817771563223,-0.06345616281650945,0.002393595973893714,8.983710532263473,0.06296420840045902,0.9937298727753062,0.09239322475254469,0.5152212738582014,-0.008241488111417616,-0.09205604490091046,0.9957197521509901,-0.014265420608019497
0.9979064362323192,-0.06463088371996295,0.0023824566056281637,9.14970783169855,0.06412055775203826,0.9934957067541988,0.09410001681300159,0.5300987396004739,-0.008448718087529283,-0.09375025206793686,0.9955598945569233,-0.015516628684366651
0.9978296455992464,-0.06580555234530061,0.0023693671548109807,9.315693460305255,0.06527651910359789,0.9932573045320432,0.09580652216597745,0.5451684401443013,-0.00865797160579429,-0.09544392407800972,0.9953971604727299,-0.016808428401716924
0.997751535945828,-0.06698004272643943,0.0023542134551312044,9.48165174832198,0.06643196693655344,0.9930146592175971,0.09751271672842798,0.5604309676159542,-0.008869149680820532,-0.09713707446962694,0.9952315085808756,-0.01814206369235194
0.9976720481731449,-0.06815434949393995,0.0023369816314108838,9.647597722723134,0.06758689705429766,0.9927677108891345,0.09921861619017758,0.5758854918233824,-0.009082242416592251,-0.0988296965875749,0.9950629412047345,-0.019520050797979138
0.9975912268902263,-0.06932856926432596,0.002317803756666542,9.813516356534308,0.06874141036751194,0.9925164648164283,0.10092421325461642,0.5915328429586362,-0.009297378151815555,-0.10052178180789029,0.994891436228901,-0.02093987347689108
0.9975089760474471,-0.07050269760873451,0.0022965318836995485,9.97942266393622,0.06989549848299366,0.992260980515839,0.10262949371045381,0.6073719527642258,-0.009514404825527123,-0.10221332331787236,0.9947170184268876,-0.022404045828494645
0.9974253359181351,-0.07167671812896748,0.00227328261114515,10.145316644928897,0.07104913583916088,0.9920011976602751,0.1043344361927244,0.6234028212401515,-0.009733434941791907,-0.1039042936461192,0.9945396682744498,-0.02391256785278273
0.9973403216675666,-0.07285062471809134,0.002247962259594727,10.311183259744382,0.07220232987556656,0.9917371158443685,0.1060390314974845,0.6396260405130234,-0.009954380388268735,-0.10559470136953841,0.9943594618925435,-0.02546292116578286
0.9972539671722562,-0.07402428501320979,0.0022206860133699435,10.477037535356999,0.07335493599790908,0.9914688472095972,0.10774332440492854,0.6560407803907924,-0.010177352597876083,-0.1072845610977744,0.9941762591247529,-0.027057622009174054
0.9971662447390246,-0.07519780198231196,0.002191307339585752,10.642863814798773,0.07450707648185911,0.9911962783983856,0.10944723455860604,0.672647871065168,-0.010402195847211554,-0.10897381781743976,0.9939902053767617,-0.028697916457559813
0.9970771281595425,-0.07637116218107454,0.0021599794163708885,10.808677742244043,0.07565872156922344,0.9909194085999987,0.11115078279861296,0.6894462442790004,-0.010629056833968309,-0.11066248133407575,0.9938012145646514,-0.030382556294043184
0.9969866198947227,-0.07754435753461364,0.002126659018988175,10.974463647931259,0.0768098712600034,0.9906382969254279,0.1128539864362425,0.7064364921585606,-0.010857920861598369,-0.11235056810843724,0.9936092939263305,-0.03211278545093421
0.9968947770444803,-0.0787173831211041,0.0020913690666642393,11.140237188828337,0.07796049255308135,0.9903529433746757,0.11455681490258567,0.7236177845121392,-0.011088797491384222,-0.11403804874742829,0.9934145000585101,-0.033887357853629396
0.9968015522283351,-0.07989033383365118,0.0020540834417658027,11.305982707967331,0.07911070772411737,0.990063293701158,0.11625923925019162,0.7409909515314452,-0.011321648572307302,-0.11572488469841635,0.9932167769000523,-0.03570751957673224
0.9967069474181361,-0.08106296803135349,0.0020147251386680165,11.471715219528932,0.08026027870768002,0.9897693940441148,0.11796128666210717,0.7585549249589896,-0.011556383782786728,-0.11741113908670675,0.9930161977799127,-0.03757578471963541
0.9966109754075101,-0.08223551641704963,0.0019732467197143,11.637419683745236,0.0814094435692087,0.9894711970481985,0.11966298851797047,0.7763102969213831,-0.011793005265115508,-0.11909681860736099,0.9928126497724554,-0.03948963489835222
0.9965136134349648,-0.0834078355083887,0.0019297861035632025,11.803111140384146,0.08255805351779583,0.9891688152602641,0.12136426312572719,0.7942564752920145,-0.012031599859648384,-0.12078182641727997,0.9926061702179334,-0.04145158849686936
0.9964149186004152,-0.08457991702740442,0.0018843372596829555,11.968774536884098,0.08370607555232377,0.9888621288368575,0.12306508897748215,0.8123938141320561,-0.012272177127667844,-0.12246616390258447,0.9923968205606459,-0.0434591249889138
0.9963148181146542,-0.08575188260201272,0.001837022783721276,12.134424900219443,0.08485361706934934,0.9885512033748387,0.1247655563014447,0.8307214832494569,-0.012514845749741793,-0.12414990134863102,0.9921845802721481,-0.04551476061616455
0.9962134027928786,-0.08692357633291325,0.0017875916387407043,12.300046573422179,0.08600058555141499,0.9882359716558815,0.1264655590366406,0.8492403128359274,-0.012759394303359789,-0.1258329439915017,0.991969430953671,-0.04761974145322512
0.9961105444693845,-0.08809512152609256,0.001736164021583969,12.46564017369235,0.08714706187983795,0.9879165591985744,0.12816514277400937,0.8679500648263683,-0.01300589197913804,-0.12751534672694465,0.9917513524784497,-0.04977030304151242
0.9960063605424089,-0.08926650252084656,0.0016827228586664689,12.63122009801063,0.08829303956874282,0.9875928461594671,0.1298642636870155,0.8868499090283892,-0.013254358435214775,-0.12919706685143673,0.9915303477054317,-0.05197272393900221
0.9959007834551072,-0.0904375987205317,0.0016272954670239759,12.79677193660271,0.0894384028283463,0.9872648855690441,0.13156297304174477,0.9059404375689413,-0.013504797467922353,-0.1308781245586894,0.9913064724949148,-0.05422072344543949
0.9957939013133341,-0.09160849817382566,0.0015697457756316535,12.962310086449293,0.09058323769026373,0.9869326822917119,0.1332612037393572,0.9252208202556336,-0.01375707274420998,-0.13255850510509903,0.9910797496317711,-0.05652058011877159
0.9956855721097264,-0.09277920329629308,0.0015101726948282268,13.127819507782391,0.09172755064035723,0.9865962367328406,0.13495897161260167,0.9446916492150779,-0.014011311571419216,-0.134238177868936,0.9908500416846386,-0.058869775575047356
0.9955758929419417,-0.0939495795993528,0.0014487402273862249,13.293300200602062,0.09287118640184513,0.9862555411904503,0.13665631400215425,0.9643529244472733,-0.01426760575149505,-0.1359171955873354,0.9906175024950078,-0.061268309814238364
0.9954649054591711,-0.09511973955941655,0.0013851510981141013,13.458767179088937,0.09401427888655572,0.9859106021504191,0.13835317854531376,0.9842035776947302,-0.014525750737805598,-0.13759550920906305,0.9903820005376336,-0.0637186969357515
0.9953524758984988,-0.09628965624248975,0.001319570942507009,13.62420541626878,0.09515680482217646,0.9855614183966482,0.14004954225565663,1.0042444391494998,-0.01478581478371388,-0.13927309302692392,0.9901436289461203,-0.06621842069790063
0.995238724794461,-0.09745943724850692,0.001251953337421119,13.789614899347868,0.09629886187646039,0.9852079960096468,0.14174536292811626,1.0244752707461418,-0.015047833181159292,-0.14094991391486544,0.98990239549395,-0.0687674789583923
0.9951235806543122,-0.09862885024190682,0.0011823209871719698,13.955010642506949,0.0974402152269058,0.9848503220176629,0.14344069845757837,1.0448950042271665,-0.015311793958779712,-0.14262602588571205,0.9896582359448227,-0.0713683858166192
0.9950070805801292,-0.0997981080523418,0.0011108923807311433,14.120377631565333,0.09858105505872722,0.9844884077709746,0.14513559701012613,1.0655047078500646,-0.015577899741381046,-0.14430143862736577,0.9894111741476153,-0.07401862717318863
0.9948892658562547,-0.10096697751606065,0.0010373447064664365,14.28571521094213,0.09972118794378308,0.9841223006249306,0.14682998633663735,1.086303905483617,-0.015845840160842672,-0.14597613074821714,0.9891612037221086,-0.07672196105978912
0.9947700352007001,-0.10213566555496612,0.000961640585282697,14.451039037605284,0.10086082867521086,0.9837518928970957,0.14852380935296083,1.107291766936112,-0.01611556804043679,-0.14765003738228177,0.9889083913618695,-0.07947714140184559
0.99464945538057,-0.10330403862105353,0.000884008968011718,14.61633345458688,0.10199980709712303,0.9833772963235772,0.15021712748279026,1.1284691223992613,-0.016387351406790818,-0.14932321110920765,0.9886526382949632,-0.0822854142739331
0.994527499502287,-0.10447223026232755,0.0008043537764398923,14.781598449093252,0.1031382603642802,0.9829983991682679,0.15190988688491205,1.1498357338076257,-0.016661034670395675,-0.1509955993493468,0.9883940210440257,-0.08514677753376532
