0.1412217766046524,0.10104478895664215,-0.9848077893257141,-142.74038696289062,-0.9899779558181763,0.014414164237678051,-0.14048424363136292,-5.024213790893555,-1.906089330816485e-08,0.9947774410247803,0.10206770896911621,55.103389739990234
0.14285385608673096,0.10203816741704941,-0.9844698905944824,-142.5945587158203,-0.9897429943084717,0.013451184146106243,-0.14222483336925507,-5.0972466468811035,-0.0012700743973255157,0.9946895241737366,0.10291311144828796,55.06904983520508
0.1444842368364334,0.10303299129009247,-0.9841282963752747,-142.4486541748047,-0.9895038604736328,0.012489937245845795,-0.14396581053733826,-5.169999599456787,-0.0025415269192308187,0.9945995211601257,0.1037561371922493,55.03447723388672
0.14611291885375977,0.10402925312519073,-0.983782947063446,-142.3026580810547,-0.9892605543136597,0.011530428193509579,-0.14570719003677368,-5.242472171783447,-0.0038143701385706663,0.994507372379303,0.10459677875041962,54.99967575073242
0.14773988723754883,0.10502694547176361,-0.9834339022636414,-142.15658569335938,-0.989013135433197,0.010572660714387894,-0.14744894206523895,-5.314664363861084,-0.0050885980017483234,0.9944131970405579,0.10543503612279892,54.96464157104492
0.1493651419878006,0.1060263067483902,-0.9830811023712158,-142.0104217529297,-0.9887616038322449,0.009616675786674023,-0.14919105172157288,-5.386575698852539,-0.0063642035238444805,0.994316816329956,0.10627114027738571,54.92937469482422
0.1509886533021927,0.1070270836353302,-0.9827246069908142,-141.8641815185547,-0.9885059595108032,0.008662440814077854,-0.15093350410461426,-5.458205699920654,-0.007641179952770472,0.9942183494567871,0.1071048453450203,54.89387893676758
0.1526104211807251,0.10802928358316422,-0.9823643565177917,-141.7178497314453,-0.9882462024688721,0.0077099609188735485,-0.1526763141155243,-5.5295538902282715,-0.008919522166252136,0.994117796421051,0.10793615132570267,54.858150482177734
0.15423043072223663,0.1090330109000206,-0.9820004105567932,-141.57144165039062,-0.9879822731018066,0.0067592584528028965,-0.1544194370508194,-5.600619792938232,-0.010199221782386303,0.9940151572227478,0.10876516252756119,54.82219314575195
0.15584878623485565,0.1100381463766098,-0.9816327095031738,-141.42495727539062,-0.9877142310142517,0.005810334347188473,-0.15616299211978912,-5.671403408050537,-0.011480271816253662,0.9939103722572327,0.1095917746424675,54.786006927490234
0.1574653536081314,0.11104468256235123,-0.9812613129615784,-141.2783966064453,-0.9874420166015625,0.00486317602917552,-0.15790684521198273,-5.741903781890869,-0.012762668542563915,0.9938035011291504,0.11041596531867981,54.74958801269531
0.1590801179409027,0.11205272376537323,-0.9808861613273621,-141.1317596435547,-0.9871657490730286,0.003917804919183254,-0.159650981426239,-5.8121209144592285,-0.01404640730470419,0.993694543838501,0.11123786121606827,54.71294021606445
0.1606931984424591,0.11306216567754745,-0.9805073142051697,-140.9850311279297,-0.9868853092193604,0.002974223578348756,-0.16139551997184753,-5.882054328918457,-0.015331477858126163,0.9935834407806396,0.11205732822418213,54.676063537597656
0.16230446100234985,0.11407309770584106,-0.9801247715950012,-140.83822631835938,-0.9866007566452026,0.002032441319897771,-0.16314029693603516,-5.9517035484313965,-0.016617873683571815,0.9934702515602112,0.11287448555231094,54.63895797729492
0.16391399502754211,0.1150854155421257,-0.9797385334968567,-140.69134521484375,-0.9863120913505554,0.0010924584930762649,-0.16488546133041382,-6.021068572998047,-0.01790558733046055,0.9933549761772156,0.11368921399116516,54.60162353515625
0.16552168130874634,0.11609922349452972,-0.9793485403060913,-140.5443878173828,-0.9860193133354187,0.00015428315964527428,-0.1666308492422104,-6.090148448944092,-0.01919461414217949,0.9932376146316528,0.11450161784887314,54.56406021118164
0.16712763905525208,0.11711439490318298,-0.9789548516273499,-140.39735412597656,-0.9857224225997925,-0.0007820888422429562,-0.16837656497955322,-6.158943176269531,-0.02048495039343834,0.9931181073188782,0.11531157791614532,54.526268005371094
0.1687317192554474,0.11813093721866608,-0.9785574674606323,-140.25025939941406,-0.9854214191436768,-0.0017166626639664173,-0.17012248933315277,-6.227452278137207,-0.021776583045721054,0.9929965138435364,0.11611910164356232,54.48824691772461
0.17033390700817108,0.11914894729852676,-0.9781563878059387,-140.10308837890625,-0.9851163029670715,-0.0026494201738387346,-0.17186862230300903,-6.295675277709961,-0.023069512099027634,0.9928728342056274,0.11692428588867188,54.44999694824219
0.1719343215227127,0.12016842514276505,-0.9777515530586243,-139.95584106445312,-0.9848070740699768,-0.003580341348424554,-0.17361505329608917,-6.363611698150635,-0.02436373196542263,0.9927470684051514,0.117727130651474,54.411521911621094
0.17353282868862152,0.12118925154209137,-0.9773430824279785,-139.8085174560547,-0.9844937324523926,-0.004509457852691412,-0.17536164820194244,-6.4312615394592285,-0.025659233331680298,0.9926191568374634,0.11852752417325974,54.37281799316406
0.17512965202331543,0.1222115308046341,-0.9769308567047119,-139.6611328125,-0.9841762781143188,-0.005436711944639683,-0.17710863053798676,-6.498624324798584,-0.02695600874722004,0.9924891591072083,0.11932556331157684,54.333885192871094
0.17672453820705414,0.12323515117168427,-0.976514995098114,-139.513671875,-0.9838547110557556,-0.006362147629261017,-0.1788557469844818,-6.565699577331543,-0.02825404703617096,0.992357075214386,0.12012113630771637,54.29472732543945
0.1783176064491272,0.12426020950078964,-0.9760953783988953,-139.3661346435547,-0.9835290908813477,-0.007285726256668568,-0.18060311675071716,-6.632486820220947,-0.02955334447324276,0.9922229051589966,0.12091435492038727,54.255340576171875
0.17990870773792267,0.12528671324253082,-0.9756721258163452,-139.21853637695312,-0.9831992983818054,-0.008207455277442932,-0.18235060572624207,-6.698985576629639,-0.030853893607854843,0.99208664894104,0.12170521914958954,54.215728759765625
0.1814979612827301,0.12631453573703766,-0.9752451777458191,-139.07086181640625,-0.9828654527664185,-0.009127349592745304,-0.18409830331802368,-6.765195846557617,-0.03215569630265236,0.9919482469558716,0.12249359488487244,54.1758918762207
0.1830853372812271,0.12734366953372955,-0.9748145341873169,-138.92312622070312,-0.982527494430542,-0.010045399889349937,-0.1858462244272232,-6.831117153167725,-0.03345873951911926,0.991807758808136,0.12327948957681656,54.13582992553711
0.18467073142528534,0.12837421894073486,-0.9743801951408386,-138.7753143310547,-0.982185423374176,-0.010961586609482765,-0.1875942051410675,-6.896749019622803,-0.03476301208138466,0.991665244102478,0.12406300753355026,54.09553909301758
0.1862543374300003,0.12940619885921478,-0.9739421606063843,-138.62744140625,-0.9818392992019653,-0.011875876225531101,-0.18934249877929688,-6.962090969085693,-0.03606850653886795,0.9915205240249634,0.12484414875507355,54.055023193359375
0.18783605098724365,0.13043934106826782,-0.9735004901885986,-138.47950744628906,-0.9814890027046204,-0.01278833206743002,-0.19109094142913818,-7.0271430015563965,-0.037375226616859436,0.9913738369941711,0.1256226748228073,54.0142822265625
0.1894158571958542,0.13147391378879547,-0.9730551242828369,-138.3314971923828,-0.9811346530914307,-0.013698913156986237,-0.19283954799175262,-7.091904163360596,-0.03868316859006882,0.991225004196167,0.12639881670475006,53.97331619262695
0.19099372625350952,0.13250987231731415,-0.9726060628890991,-138.1834259033203,-0.9807762503623962,-0.014607604593038559,-0.194588303565979,-7.156374454498291,-0.0399923138320446,0.9910740256309509,0.1271725744009018,53.932125091552734
0.1925695389509201,0.13354721665382385,-0.97215336561203,-138.03529357910156,-0.9804137349128723,-0.015514411963522434,-0.19633705914020538,-7.220553874969482,-0.04130265489220619,0.9909210205078125,0.12794393301010132,53.89071273803711
0.19414351880550385,0.13458585739135742,-0.9716969132423401,-137.88710021972656,-0.9800471067428589,-0.016419338062405586,-0.19808603823184967,-7.2844414710998535,-0.042614199221134186,0.9907658696174622,0.12871277332305908,53.84907531738281
0.19571553170681,0.13562586903572083,-0.9712368845939636,-137.7388458251953,-0.9796764254570007,-0.01732235960662365,-0.1998351365327835,-7.348037242889404,-0.04392692819237709,0.9906086921691895,0.12947919964790344,53.807212829589844
0.19728556275367737,0.1366671472787857,-0.9707731604576111,-137.5905303955078,-0.9793016314506531,-0.01822349801659584,-0.20158430933952332,-7.411340713500977,-0.04524083435535431,0.9904493689537048,0.13024312257766724,53.7651252746582
0.19885361194610596,0.13770979642868042,-0.9703057408332825,-137.44215393066406,-0.9789227843284607,-0.019122738391160965,-0.2033335566520691,-7.474351406097412,-0.04655592516064644,0.9902880191802979,0.13100461661815643,53.722816467285156
0.20041978359222412,0.13875369727611542,-0.9698346853256226,-137.29371643066406,-0.9785398244857788,-0.020020069554448128,-0.2050829827785492,-7.537069320678711,-0.04787218198180199,0.990124523639679,0.13176359236240387,53.68028259277344
0.20198392868041992,0.1397988349199295,-0.9693599939346313,-137.1452178955078,-0.9781528115272522,-0.020915508270263672,-0.20683245360851288,-7.599493503570557,-0.04918959364295006,0.9899590015411377,0.13252003490924835,53.63752746582031
0.20354604721069336,0.14084534347057343,-0.9688816070556641,-136.9966583251953,-0.9777616858482361,-0.021809019148349762,-0.20858196914196014,-7.661623954772949,-0.050508156418800354,0.9897913932800293,0.13327403366565704,53.59455108642578
0.20510613918304443,0.1418931931257248,-0.9683995842933655,-136.84803771972656,-0.9773665070533752,-0.022700615227222443,-0.2103314995765686,-7.723460674285889,-0.05182787403464317,0.989621639251709,0.13402561843395233,53.55134963989258
0.2066642940044403,0.14294227957725525,-0.9679139256477356,-136.69935607910156,-0.9769672751426697,-0.023590298369526863,-0.2120811492204666,-7.785002708435059,-0.05314874276518822,0.9894498586654663,0.13477465510368347,53.50792694091797
0.20822037756443024,0.14399269223213196,-0.9674246311187744,-136.55062866210938,-0.9765639901161194,-0.024478044360876083,-0.21383079886436462,-7.846250057220459,-0.0544707365334034,0.9892759919166565,0.13552124798297882,53.46428298950195
0.20977450907230377,0.14504432678222656,-0.9669316411018372,-136.40184020996094,-0.9761565923690796,-0.02536385878920555,-0.2155805379152298,-7.907202243804932,-0.05579385533928871,0.9890999794006348,0.13626529276371002,53.42041778564453
0.21132653951644897,0.1460973024368286,-0.9664350152015686,-136.25299072265625,-0.9757451415061951,-0.026247747242450714,-0.21733026206493378,-7.967859268188477,-0.05711810663342476,0.9889219403266907,0.13700689375400543,53.3763313293457
0.2128766030073166,0.14715147018432617,-0.9659347534179688,-136.10409545898438,-0.9753296375274658,-0.027129698544740677,-0.21908004581928253,-8.028220176696777,-0.05844346806406975,0.9887418150901794,0.1377459168434143,53.33202362060547
0.21442465484142303,0.14820696413516998,-0.9654308557510376,-135.95513916015625,-0.9749100804328918,-0.028009675443172455,-0.22082987427711487,-8.088285446166992,-0.05976993218064308,0.9885596632957458,0.1384824961423874,53.28749465942383
0.21597059071063995,0.14926376938819885,-0.9649233222007751,-135.80613708496094,-0.9744864106178284,-0.028887704014778137,-0.22257964313030243,-8.148054122924805,-0.06109749525785446,0.9883753657341003,0.1392166167497635,53.24274826049805
0.2175145000219345,0.1503218710422516,-0.9644121527671814,-135.65707397460938,-0.9740587472915649,-0.029763763770461082,-0.22432944178581238,-8.207526206970215,-0.06242615729570389,0.9881889820098877,0.1399482786655426,53.19778060913086
0.21905626356601715,0.15138114988803864,-0.9638973474502563,-135.50796508789062,-0.9736270308494568,-0.030637871474027634,-0.22607915103435516,-8.266700744628906,-0.06375588476657867,0.9880005121231079,0.14067736268043518,53.152591705322266
0.22059598565101624,0.1524416208267212,-0.96337890625,-135.35879516601562,-0.9731912016868591,-0.03151003643870354,-0.22782884538173676,-8.325577735900879,-0.06508670002222061,0.9878100156784058,0.14140385389328003,53.10718536376953
0.22213363647460938,0.15350337326526642,-0.9628568887710571,-135.20957946777344,-0.9727513790130615,-0.03238020837306976,-0.22957853972911835,-8.384157180786133,-0.0664185881614685,0.9876174330711365,0.1421278864145279,53.06155776977539
0.22366923093795776,0.15456630289554596,-0.9623311758041382,-135.06031799316406,-0.9723074436187744,-0.03324844688177109,-0.23132820427417755,-8.442438125610352,-0.06775156408548355,0.9874228239059448,0.14284931123256683,53.01571273803711
0.22520272433757782,0.15563061833381653,-0.9618018865585327,-134.9110107421875,-0.9718595147132874,-0.03411465883255005,-0.23307783901691437,-8.500420570373535,-0.06908559054136276,0.9872260689735413,0.14356838166713715,52.96965026855469
0.22673402726650238,0.15669608116149902,-0.961268961429596,-134.76165771484375,-0.9714075326919556,-0.03497891500592232,-0.23482730984687805,-8.558104515075684,-0.07042066752910614,0.9870272874832153,0.14428484439849854,52.923370361328125
0.22826331853866577,0.1577628254890442,-0.9607324004173279,-134.61224365234375,-0.970951497554779,-0.035841163247823715,-0.23657682538032532,-8.61548900604248,-0.07175679504871368,0.9868263602256775,0.14499883353710175,52.876869201660156
0.22979038953781128,0.1588307023048401,-0.9601922631263733,-134.46278381347656,-0.9704914689064026,-0.03670145198702812,-0.23832614719867706,-8.672574043273926,-0.0730939581990242,0.9866234660148621,0.14571020007133484,52.83015060424805
0.23131543397903442,0.15989983081817627,-0.9596484899520874,-134.3132781982422,-0.9700273275375366,-0.03755970299243927,-0.2400754988193512,-8.72935962677002,-0.0744321420788765,0.9864184260368347,0.14641907811164856,52.7832145690918
0.2328382283449173,0.16097010672092438,-0.959101140499115,-134.16372680664062,-0.9695591926574707,-0.038416001945734024,-0.24182462692260742,-8.785844802856445,-0.07577136158943176,0.986211359500885,0.14712533354759216,52.736061096191406
0.23435886204242706,0.16204161942005157,-0.9585501551628113,-134.01412963867188,-0.9690870642662048,-0.03927028551697731,-0.2435736358165741,-8.842029571533203,-0.0771116092801094,0.9860022068023682,0.1478290855884552,52.68869400024414
0.23587743937969208,0.16311436891555786,-0.957995593547821,-133.864501953125,-0.9686108231544495,-0.04012255743145943,-0.24532264471054077,-8.897913932800293,-0.07845287770032883,0.9857909679412842,0.14853033423423767,52.641109466552734
0.2373938262462616,0.16418811678886414,-0.9574374556541443,-133.71482849121094,-0.9681306481361389,-0.04097285866737366,-0.24707148969173431,-8.953496932983398,-0.07979515194892883,0.9855777621269226,0.14922884106636047,52.59330749511719
0.23890814185142517,0.1652631014585495,-0.9568756222724915,-133.5651092529297,-0.9676463603973389,-0.041821107268333435,-0.24882028996944427,-9.00877857208252,-0.08113840967416763,0.9853624105453491,0.14992482960224152,52.5452880859375
0.24042025208473206,0.16633941233158112,-0.9563102722167969,-133.41534423828125,-0.9671580791473389,-0.04266729578375816,-0.2505689263343811,-9.063758850097656,-0.08248265832662582,0.9851450324058533,0.15061843395233154,52.49705505371094
0.24193014204502106,0.16741682589054108,-0.955741286277771,-133.2655487060547,-0.9666657447814941,-0.04351148381829262,-0.2523173987865448,-9.118436813354492,-0.0838278979063034,0.9849255681037903,0.15130938589572906,52.4486083984375
0.24343791604042053,0.16849546134471893,-0.9551687240600586,-133.11570739746094,-0.9661694169044495,-0.044353634119033813,-0.25406575202941895,-9.172812461853027,-0.08517412841320038,0.9847040176391602,0.15199780464172363,52.39994430541992
0.24494345486164093,0.16957518458366394,-0.9545925855636597,-132.9658203125,-0.9656690955162048,-0.04519376531243324,-0.25581392645835876,-9.226885795593262,-0.08652132004499435,0.9844804406166077,0.1526835858821869,52.35106658935547
0.24644672870635986,0.17065608501434326,-0.9540128707885742,-132.81590270996094,-0.9651647210121155,-0.04603186249732971,-0.2575618326663971,-9.280656814575195,-0.08786948025226593,0.9842548370361328,0.1533668339252472,52.30197525024414
0.24794785678386688,0.17173808813095093,-0.9534295201301575,-132.6659393310547,-0.9646563529968262,-0.04686792939901352,-0.25930964946746826,-9.334124565124512,-0.0892186090350151,0.9840271472930908,0.154047429561615,52.25267028808594
0.24944669008255005,0.1728212684392929,-0.952842652797699,-132.5159454345703,-0.9641439914703369,-0.04770197346806526,-0.26105719804763794,-9.387288093566895,-0.09056871384382248,0.9837974309921265,0.15472549200057983,52.203147888183594
0.2509433627128601,0.17390552163124084,-0.952252209186554,-132.36590576171875,-0.9636276364326477,-0.04853396862745285,-0.2628045976161957,-9.44014835357666,-0.09191974997520447,0.983565628528595,0.15540088713169098,52.153411865234375
0.2524378299713135,0.17499105632305145,-0.9516581892967224,-132.21583557128906,-0.9631072282791138,-0.04936383292078972,-0.2645518481731415,-9.492704391479492,-0.09327170252799988,0.9833317399024963,0.15607385337352753,52.10346603393555
0.253930002450943,0.17607764899730682,-0.9510605931282043,-132.06573486328125,-0.9625828266143799,-0.05019168555736542,-0.2662988007068634,-9.54495620727539,-0.0946246013045311,0.9830958247184753,0.15674415230751038,52.053306579589844
0.25541993975639343,0.17716540396213531,-0.9504594206809998,-131.91558837890625,-0.9620544910430908,-0.05101744830608368,-0.2680455446243286,-9.596902847290039,-0.09597841650247574,0.982857882976532,0.15741190314292908,52.002933502197266
0.25690752267837524,0.17825432121753693,-0.9498546719551086,-131.76541137695312,-0.961522102355957,-0.051841169595718384,-0.26979199051856995,-9.648544311523438,-0.097333163022995,0.9826178550720215,0.15807709097862244,51.95234680175781
0.25839290022850037,0.1793442815542221,-0.9492464065551758,-131.61520385742188,-0.9609857797622681,-0.05266282334923744,-0.2715381979942322,-9.699880599975586,-0.09868881851434708,0.9823758006095886,0.1587395966053009,51.90155029296875
0.259876012802124,0.18043537437915802,-0.9486345648765564,-131.4649658203125,-0.9604454040527344,-0.053482379764318466,-0.2732841968536377,-9.750910758972168,-0.10004536807537079,0.9821317195892334,0.15939953923225403,51.85054016113281
0.2613568603992462,0.18152762949466705,-0.9480191469192505,-131.314697265625,-0.9599010944366455,-0.05429985001683235,-0.2750299274921417,-9.8016357421875,-0.10140282660722733,0.981885552406311,0.1600569188594818,51.799320220947266
0.26283541321754456,0.18262089788913727,-0.9474002122879028,-131.16439819335938,-0.9593527317047119,-0.055115263909101486,-0.27677541971206665,-9.852054595947266,-0.10276118665933609,0.9816373586654663,0.1607116162776947,51.74789047241211
0.26431170105934143,0.18371529877185822,-0.9467777013778687,-131.01406860351562,-0.9588004350662231,-0.05592857301235199,-0.2785206139087677,-9.902166366577148,-0.10412042587995529,0.9813871383666992,0.16136373579502106,51.69624710083008
0.26578569412231445,0.18481071293354034,-0.9461516737937927,-130.86370849609375,-0.9582441449165344,-0.05673981457948685,-0.28026553988456726,-9.951971054077148,-0.10548054426908493,0.981134831905365,0.16201315820217133,51.64439392089844
0.26725733280181885,0.18590714037418365,-0.945522129535675,-130.71331787109375,-0.9576838612556458,-0.05754896253347397,-0.28201013803482056,-10.001468658447266,-0.10684151202440262,0.9808805584907532,0.1626598834991455,51.59233093261719
0.2687266767024994,0.1870046705007553,-0.9448890089988708,-130.56289672851562,-0.9571196436882019,-0.058356013149023056,-0.28375443816185,-10.0506591796875,-0.10820335894823074,0.9806241989135742,0.16330401599407196,51.54005813598633
0.2701936960220337,0.1881033033132553,-0.9442523717880249,-130.41244506835938,-0.9565514326095581,-0.05916094407439232,-0.28549841046333313,-10.099542617797852,-0.10956605523824692,0.9803658127784729,0.16394557058811188,51.48757553100586
0.27165836095809937,0.18920305371284485,-0.9436121582984924,-130.26197814941406,-0.9559792876243591,-0.05996377766132355,-0.28724202513694763,-10.148118019104004,-0.11092961579561234,0.9801054000854492,0.16458453238010406,51.43488693237305
0.273120641708374,0.190303772687912,-0.942968487739563,-130.11148071289062,-0.9554031491279602,-0.06076449155807495,-0.28898531198501587,-10.19638442993164,-0.11229399591684341,0.9798429012298584,0.16522078216075897,51.381988525390625
0.2745806872844696,0.1914054900407791,-0.9423213005065918,-129.96095275878906,-0.9548230171203613,-0.06156313046813011,-0.29072830080986023,-10.244342803955078,-0.11365924030542374,0.97957843542099,0.1658543199300766,51.328880310058594
0.2760383188724518,0.1925082951784134,-0.9416705369949341,-129.81040954589844,-0.9542389512062073,-0.06235964223742485,-0.29247093200683594,-10.2919921875,-0.11502531915903091,0.9793119430541992,0.1664852648973465,51.27556610107422
0.27749356627464294,0.19361215829849243,-0.9410162568092346,-129.6598358154297,-0.953650951385498,-0.06315401941537857,-0.2942131757736206,-10.339332580566406,-0.11639221012592316,0.9790433645248413,0.16711360216140747,51.222042083740234
0.27894651889801025,0.19471712410449982,-0.9403584599494934,-129.50924682617188,-0.9530590176582336,-0.06394623219966888,-0.2959551215171814,-10.386363983154297,-0.11775991320610046,0.978772759437561,0.16773931682109833,51.168312072753906
