1.0000000218394804,3.233339991330673e-09,-3.856223090847877e-09,0.0,3.233339991330673e-09,0.9999999431933096,-8.049085194379489e-10,0.0,-3.856223090847877e-09,-8.049085194379489e-10,0.9999999746777734,0.0
0.9999980702639664,0.0017699278485165948,-0.0008519806435498267,0.13685782349256215,-0.001770860880319446,0.9999978216664639,-0.0010936165401516588,0.09289504226307876,0.0008500372182770194,0.0010951216920098705,0.9999990121413574,0.020478085739028984
0.9999922911830277,0.0035389082922781534,-0.0017058373004033012,0.2738538546778386,-0.0035426304247501367,0.9999913297317332,-0.002185720577983456,0.18552376068958765,0.0016980817955267458,0.0021917455849925216,0.9999961453714006,0.041175909060534366
0.9999826272304606,0.0053069439024054366,-0.002561573227283981,0.41100279816095053,-0.00531532856924715,0.9999804673891174,-0.003276307256276725,0.2778878380944807,0.0025441282718075553,0.003289864419885047,0.9999913143888253,0.06208812649541784
0.9999691329186269,0.007074011012728643,-0.0034191694427275765,0.5482900163248701,-0.0070889173926944596,0.9999652915415324,-0.004365371834889691,0.3699851196045323,0.0033881710539562654,0.0043894745395418044,0.9999846370811983,0.08322007463956993
0.9999517710294041,0.00884010891031306,-0.0042788847511270045,0.6857306031321286,-0.008863390560740394,0.999945802188978,-0.005452907416213059,0.46181728803476396,0.004230446141253924,0.005490568995522638,0.9999759602500731,0.10457020479866941
0.9999305730732306,0.010605207556429241,-0.005140452934544598,0.823309209239028,-0.010638724904094714,0.9999219951227172,-0.006538910495589434,0.5533817164535293,0.005070703140656052,0.006593144082371438,0.9999653764156735,0.12613625714583776
0.9999054824443663,0.012369306428258398,-0.0060038820499689755,0.9610413179654529,-0.012414943592052348,0.9998938703427499,-0.007623377054264543,0.6446800876759262,0.005908947860113617,0.007697194704565424,0.9999528864046754,0.14792047776153083
0.9998765622082861,0.0141323983690127,-0.0068692779609249716,1.098911579967762,-0.014191993951674182,0.999861366737423,-0.008706299695085941,0.7357097747703065,0.006745278684624226,0.008802713170509957,0.9999385010790531,0.16992060681887722
0.9998437597664069,0.015894577015701294,-0.0077365294837213605,1.2369199952459553,-0.01597000241500482,0.9998245580446,-0.009787660661118285,0.8264707777366702,0.0075795961552513474,0.009909682851123203,0.9999221491133975,0.19213664431787691
0.9998071126960508,0.01765571828858925,-0.008605621430970808,1.3750670871336865,-0.01774882779818097,0.9997833663176805,-0.010867471347025265,0.9169621524585398,0.008411873947337792,0.011018112732581464,0.9999038888669949,0.21457237128689854
0.9997665731326038,0.01941579029058027,-0.009476659535362003,1.5133524662734885,-0.01952846376685296,0.9997379074668645,-0.01194572527764325,1.0071838989358426,0.009242244296791602,0.01212800140657827,0.9998837311883957,0.23722399295115792
0.9997222028338646,0.021174926121300564,-0.010349547516946583,1.6517912266278074,-0.02130901991811829,0.9996880803125309,-0.013022405186924924,1.0971376999836036,0.01007056605252074,0.013239324918288276,0.9998616062813676,0.2600899606163196
0.9996739909400905,0.022932984668814438,-0.011224368649054184,1.7903684082104405,-0.02309033398194262,0.9996339249226476,-0.014097514481191712,1.1868209286702474,0.010896960163902847,0.014352091192813998,0.9998375826076171,0.2831718092302964
0.9996219462176459,0.024690053221335884,-0.012101020257291067,1.9290840110214162,-0.024872553476539192,0.9995754539234253,-0.015171038084118604,1.276233584995774,0.011721305896348067,0.01546628378437781,0.9998116496323857,0.30646953879308825
0.9995659975867421,0.026446013905338184,-0.012979606197664903,2.0679381690368928,-0.026655524549347775,0.9995126504799163,-0.016242982745319087,1.3653747248436314,0.01254371539863379,0.016581910106163777,0.9997838180116695,0.32998313555828673
0.9995062062327271,0.028200983738826402,-0.013860007233584506,2.206930882256927,-0.0284393420456445,0.9994455314270683,-0.01731333469779995,1.4542443482138232,0.013364062557794765,0.017698954406859646,0.9997540155938032,0.35371259952587764
0.9994425561690377,0.02995481464319294,-0.014742223895042691,2.346047190695259,-0.030223887950860437,0.9993740757211962,-0.018382100093494932,1.5428398281747722,0.01418235650380277,0.01881741877289067,0.9997223023507322,0.37765946564378083
0.9993750572817017,0.031707491943658184,-0.015626354115323204,2.4853021883143356,-0.03200916226499374,0.9992982812579317,-0.019449274660829196,1.6311628475415034,0.014998693588361312,0.01993730470994154,0.9996886883307604,0.4018221852176609
0.999303663431871,0.033459132468111275,-0.016512400707403202,2.6246955527448677,-0.03379526191644483,0.9992181648722225,-0.02051483857704314,1.7192129342556672,0.01581307854548243,0.021058594613782622,0.9996531738225086,0.42619695659953294
0.9992284617704219,0.035209603192956074,-0.017400247908326297,2.7642276733442372,-0.035582037303878294,0.999133707624752,-0.021578806354810076,1.80699008831734,0.016625390087736183,0.022181292770989236,0.9996156870307193,0.45078757456417407
0.9991493761858208,0.036959123479423095,-0.018290000469681406,2.903883590126213,-0.03736972653955641,0.999044941081047,-0.022641135561401314,1.8944916827949445,0.017435733390486804,0.02330536918462156,0.9995762986208441,0.47559557405949704
0.9990664770819171,0.03870744271556337,-0.01918154214861345,3.0436780076958883,-0.03915806200757499,0.9989518294668438,-0.023701853978025107,1.981719400503433,0.018243988884606627,0.02443083833381504,0.9995349966659525,0.5006156116163893
0.9989796752144562,0.040454669545868516,-0.02007497376089004,3.1836113823987375,-0.040947178557448345,0.998854448624374,-0.02476093702054045,2.0686727693846034,0.01905027807231338,0.025557685326408563,0.9994917915101009,0.5258514751364274
0.9988890691412697,0.04220067320910559,-0.020970301597211805,3.323668364891091,-0.04273692658783893,0.9987526594953843,-0.025818393117042125,2.1553491625068055,0.019854590841219627,0.02668591608927723,0.9994466837987378,0.5513009047927326
0.998794599035163,0.04394555454660054,-0.0218674049122832,3.463863982147359,-0.04452740302714973,0.9986465969293911,-0.026874219132220472,2.241750734743343,0.0206567985152864,0.027815522148163185,0.9993996012253994,0.5769623587641917
0.998696267749978,0.04568929125149612,-0.02276627159336636,3.6041832741812527,-0.04631862262720169,0.9985361977103729,-0.027928404794001948,2.3278748591626393,0.02145690829139542,0.028946492684863045,0.9993506024648419,0.6028373719987101
0.9985940629050445,0.0474317794596395,-0.023667001027768142,3.7446417243126575,-0.048110423117960745,0.9984214471077503,-0.028980945471199424,2.4137232185797917,0.022255026295585317,0.030078827121665375,0.9992997576321229,0.628928190576751
0.9984880200877946,0.04917320080918852,-0.024569630851498075,3.885223983197932,-0.049903055280385564,0.9983024314855974,-0.03003181007658729,2.499293186063152,0.023051148876463756,0.031212499332150867,0.9992468908361317,0.6552325546714357
0.9983781506353466,0.050913469703944614,-0.025473863686826942,4.025930050837076,-0.051696348426974785,0.9981790180987664,-0.031081023426768446,2.584584761612721,0.023845035200533604,0.03234752184364481,0.9991922112351199,0.6817504642827572
0.998264421516335,0.05265255434186944,-0.026379987687706885,4.166775088180657,-0.05349032572701893,0.9980513228574575,-0.03212858283287051,2.6695991559852477,0.02463692083750034,0.03348389417429942,0.9991355686420103,0.7084803638431865
0.9981468306373813,0.05439042347224454,-0.027287960923177423,4.307744068254294,-0.0552849724286969,0.9979193415529334,-0.033174467229967,2.7543342143074323,0.025426806002151747,0.034621600806310326,0.9990769587545364,0.735423795173844
0.998025414242893,0.05612696730988276,-0.0281977704408026,4.448836601700577,-0.05708013259632417,0.9977829983429619,-0.03421868214998858,2.838789936579202,0.026214671996287922,0.03576064551433439,0.9990165000788649,0.7625769634999386
0.9979000741678896,0.057862406736941985,-0.029109339966815362,4.590053211853217,-0.05887604434216715,0.9976423247930701,-0.03526121773269321,2.9229653786840792,0.02700040905685759,0.03690101312477079,0.998954064953903,0.789943649849846
0.9977709825025696,0.05959659940573303,-0.030022733978598393,4.731393898712099,-0.060672579151054666,0.9974973609712259,-0.03630206145020045,3.006860540622066,0.027784104382531996,0.038042699518759104,0.9988897798303922,0.817523854223559
0.9976380064429966,0.06132953825452603,-0.030937858910882077,4.872858729265431,-0.06246970960247279,0.9973480457657763,-0.037341219777676196,3.090474950334883,0.02856568172311799,0.03918569793116339,0.99882351527307,0.8453175697478699
0.9975011535938076,0.06306121567027123,-0.031854807413083,5.014447381143839,-0.0642674356964201,0.9971944381840057,-0.03837869269387628,3.173808135764185,0.02934521519531058,0.04033001663280428,0.9987554006232291,0.8733209947747795
0.9973604881822054,0.06479174084878014,-0.032773475824417087,5.1561602437047895,-0.06606585227817217,0.9970364939492087,-0.039414452299989494,3.256860096910046,0.030122608332822515,0.04147562569556407,0.9986853054097707,0.9015379240790864
0.9972159898468571,0.06652095752804765,-0.033693834947635004,5.2979970615670595,-0.0678648265813394,0.9968742510249848,-0.04044851308744385,3.339629889655841,0.030897848245404855,0.042622529917936525,0.9986133464720861,0.9299645491395765
0.9970676090142088,0.06824887370135535,-0.03461602791123641,5.43995783473062,-0.06966436702339389,0.9967076504040497,-0.04148085895998147,3.4221175140015685,0.03167102989583036,0.04377072473493576,0.9985394785781023,0.9586008699562569
0.9969154032384768,0.06997548137542164,-0.03554002961766556,5.582042952552911,-0.07146443568321907,0.9965367510936878,-0.04251149861671007,3.504322969947305,0.03244217733761384,0.04492021471154767,0.9984636392351547,0.9874506813039048
0.9967593734849634,0.07170086821869237,-0.036465724914373776,5.724252159652764,-0.07326513582356517,0.9963615657201097,-0.04354041917102578,3.586245313376425,0.03321115565718981,0.046070987107829364,0.998385936463314,1.0165101746613274
0.9965995136531332,0.07342489949652808,-0.03739321133548812,5.866570429055798,-0.07506634942986143,0.9961820753439988,-0.04456760927743122,3.667882389415629,0.03397807033623354,0.04722302953409979,0.9983063203523624,1.0457808918496312
0.9964357669576462,0.07514770098067913,-0.03832239145624394,6.009012854724517,-0.07686817343051025,0.9959982377930184,-0.04559305973728122,3.749235880879942,0.034742822345384075,0.04837632908573031,0.9982247209886058,1.0752612841744948
0.9962681880904642,0.07686911831029963,-0.0392533697224422,6.151579436658835,-0.07867049614528812,0.9958100910307685,-0.04661679291745409,3.8303057877693636,0.03550551092879016,0.04953090909038843,0.9981412689236882,1.1049513516359255
0.9960967738301325,0.07858928127701503,-0.04018600704003006,6.2942552818607,-0.0804733913333031,0.9956176539965647,-0.04763877671040056,3.9110890110940435,0.036266001602461864,0.05068673376190347,0.9980558899684975,1.1348526223086068
0.9959215357716191,0.0803081450960228,-0.041120434631760405,6.437055350316314,-0.08227684424273153,0.9954209203773016,-0.048658993175882875,3.991588177785559,0.03702442799123798,0.051843800205659984,0.9979686575045214,1.1649635612446474
0.9957424577403482,0.08202561503714723,-0.04205664632686057,6.579964359670157,-0.084080751610826,0.9952198164351154,-0.04967746602522176,4.071800188853983,0.037780776775294,0.053002114396464906,0.9978794510634846,1.1952819017439538
0.9955595522965899,0.08374176240203912,-0.042994624245236646,6.722997726253965,-0.08588520194851311,0.9950144728107856,-0.050694172870293625,4.151727199172692,0.03853504666590321,0.05416166901851238,0.9977883287283917,1.2258098967601896
0.9953727905258982,0.0854564747438884,-0.04393424863360107,6.8661405570696274,-0.08769007724122634,0.9948048136620797,-0.051709113471949536,4.231366109751834,0.03928712079465589,0.05532244190561603,0.9976952782121289,1.256549074368067
0.9951821813742376,0.08716986544105687,-0.044875526774662444,7.009407489734059,-0.08949545124807146,0.9945907947122928,-0.052722299154445006,4.310719075464636,0.040036983264274115,0.056484443893840386,0.9976003601794944,1.287494097971667
0.9949877993224514,0.08888188687603105,-0.04581855986595995,7.1527838866303455,-0.09130133030339319,0.9943725297672567,-0.0537336927565957,4.389783941437871,0.04078476124728235,0.05764766488951811,0.9975035250961491,1.3186503041669084
0.994789507576272,0.0905925719915448,-0.04676323072681332,7.2962694923772915,-0.09310770173849983,0.994149902916771,-0.05474333855510569,4.468559763554916,0.041530318985343664,0.05881211649200124,0.9974048208565053,1.3500138844325775
0.994587449389702,0.09230185621391396,-0.047709770055170964,7.439864306974897,-0.09491454871843891,0.9939230258622986,-0.05575117381225378,4.547046541815773,0.042273896429743565,0.059977767878298616,0.99730415129586,1.3815848387686813
0.9943815213674521,0.09400965986797427,-0.04865792094359278,7.583568330423162,-0.09672174689429917,0.9936918269703444,-0.056757234929292584,4.625244276220437,0.043015249539547856,0.06114462722336722,0.9972016098897285,1.4133631671752127
0.9941717665051657,0.0957161590510811,-0.049607834959338626,7.727397113030037,-0.09852950279157346,0.9934563314933298,-0.05776148921416666,4.703154177525736,0.043754508717778556,0.0623126764589908,0.997097092354318,1.4453511088594198
0.9939581947986338,0.09742113842187905,-0.050559340300004085,7.871335238463786,-0.10033757196365321,0.9932165689773806,-0.0587639635666066,4.780774090858294,0.04449152314491146,0.06348192270056713,0.9969907608147893,1.477546410867646
0.9937407926377597,0.09912480397860257,-0.051512583605191065,8.01538270672441,-0.10214618410532615,0.9929724487647176,-0.059764597374502695,4.858104016218112,0.04522642903191956,0.06465232983255398,0.9968824505641879,1.5099490731998841
0.9935195694458834,0.10082692037345797,-0.05246743794709763,8.159539651788123,-0.10395508001816237,0.992724057304383,-0.06076346073024479,4.935143009488639,0.04595909059740544,0.06582393698186295,0.9967722684144033,1.5425590821097188
0.9932944933449539,0.10252757489465925,-0.05342400635496902,8.303805684297515,-0.10576437138238108,0.9924714072225874,-0.06176050356480509,5.0118910706698045,0.046689630947305355,0.06699672770271642,0.9966601650190354,1.5753726428223658
0.9930656397811166,0.10422688625222687,-0.05438228830546066,8.448166166635673,-0.10757416779507727,0.9922143952353412,-0.06275572956613888,5.088346044888377,0.04741804234057828,0.06817068232534979,0.9965461403243876,1.6083950919337227
0.9928329613923714,0.10592469573167662,-0.05534203107788915,8.592636259753135,-0.10938430698622337,0.991953179425181,-0.0637491456318566,5.16450914290111,0.04814408996646584,0.06934580215503966,0.9964302882355502,1.6416248738762604
0.9925963803414191,0.10762114357039465,-0.056303499233437915,8.737215963649902,-0.11119492380533158,0.9916875996052009,-0.06474070429684091,5.2403803647080025,0.048868006502228264,0.07052205033384662,0.9963124561447433,1.6750619886499791
0.9923560696669345,0.10931608170880125,-0.05726676970005473,8.881904888968563,-0.11300587498540908,0.9914177548506539,-0.06573041081138975,5.315959710308983,0.049589909008002586,0.07169944954290464,0.9961927717801807,1.7087026414800874
0.9921118845939878,0.11100950384563024,-0.058231620066241496,9.02668814271101,-0.11481717736140863,0.9911435840498869,-0.0667182926172618,5.391244080714197,0.050309542709164295,0.07287800042874726,0.9960711524040852,1.7425483604412904
0.9918639022692517,0.11270150433082549,-0.05919817296368102,9.171581141208975,-0.11662886677131742,0.9908651609407636,-0.06770432966985193,5.466235630797021,0.05102701952532329,0.07405769331073281,0.9959476105989034,1.7766013984872515
0.991612103672721,0.1143919627242953,-0.060166287618924286,9.31658349510505,-0.11844088420785306,0.9905824686883358,-0.0686885214696193,5.540934360557381,0.05174223655225771,0.07523851058766079,0.9958221918383446,1.8108579608431938
0.9913564868906173,0.1160808588104576,-0.06113605417402734,9.46168017742491,-0.12025314116008697,0.9902954440765822,-0.06967086589095356,5.615338115121977,0.05245529884206726,0.07642046182341894,0.9956949053713047,1.8453195893302308
0.9910970061769433,0.11776830161403584,-0.06210740481545707,9.606886349119094,-0.12206582306734841,0.990004162947735,-0.0706513560999688,5.6894481052475605,0.053166091253325276,0.07760353583168089,0.9955656843223073,1.879984728380819
0.9908337659768147,0.11945414514769759,-0.06308040578671281,9.752187506546903,-0.12387873607283428,0.9897086042581098,-0.07163000999441675,5.76326123194435,0.053874722904719674,0.07878775508096303,0.995434595405738,1.914858700844455
0.9905667106497935,0.12113851692167721,-0.06405496411145895,9.897598153349037,-0.12569200660858978,0.9894087869470217,-0.0726067870280324,5.836780594202127,0.05458106469063592,0.07997306155008616,0.9953015691643264,1.9499361838716496
0.9902958645307178,0.12282137976422192,-0.06503129675019104,10.043103007169975,-0.12750563467461032,0.9891046456940807,-0.07358163552695814,5.910003093030966,0.05528535378449803,0.0811594440736142,0.9951666278589911,1.9852149107623092
0.9900211823509659,0.12450264029499536,-0.06600916075047847,10.188702457367128,-0.12931947275268948,0.9887962268803612,-0.07455464194023473,5.982928728430942,0.05598735516075984,0.08234694219148442,0.9950298064795157,2.0206986762912393
0.989742688838227,0.12618234579774779,-0.06698866982601492,10.334411664891036,-0.1311336093537516,0.9884835979306206,-0.07552574355138063,6.0555587111588025,0.05668718611740664,0.08353552109343121,0.9948911166933285,2.0563859248908827
0.9894603699113036,0.12786039714219655,-0.06796982325703027,10.480215602767373,-0.13294795596687037,0.9881666239953428,-0.07649498830381553,6.1278908863412465,0.057384833119826145,0.0847252059299688,0.9947504985090134,2.092278198382367
0.9891742804754085,0.12953692204771983,-0.06895250122499019,10.62611388163873,-0.13476256318185859,0.9878454441327809,-0.07746233354690372,6.199925253978206,0.058080170699416456,0.08591596112754407,0.9946079995503276,2.1283717019909076
0.9888843781855989,0.13121187704129866,-0.06993679596532909,10.772107024838732,-0.13657746891983003,0.9875199319108917,-0.07842776240321375,6.271660869953198,0.05877332303605276,0.08710777616725451,0.9944636292809547,2.1646702167448737
0.9885906546683616,0.13288524689683356,-0.07092274134128196,10.918194509033754,-0.13839261417350032,0.9871902053442446,-0.07939129014534949,6.343098678382704,0.0594642909888862,0.0883006675907414,0.9943173312578172,2.2011699616158964
0.9882931606421526,0.1345570182513285,-0.0719101803345864,11.06437646820001,-0.14020802002904006,0.9868561422095335,-0.08035292523326741,6.414237735150172,0.06015294951889044,0.08949462927940233,0.9941691492878486,2.23787092285756
0.9879918396808316,0.1362272014259247,-0.072899237146959,11.210653425671126,-0.14202363589663675,0.986517864730064,-0.08131263655849665,6.4850770961391255,0.06083940927132839,0.0906896377051617,0.9940190961145868,2.2747768814982194
0.9876867425028548,0.13789577544457643,-0.07388979523042649,11.357024992089691,-0.14383948286246098,0.9861753096898144,-0.08227044416564337,6.555616761349489,0.06152354520717371,0.09188569502023775,0.993867099862229,2.311884042763104
0.9873778607347088,0.13956267856631044,-0.07488184608098192,11.503491167455707,-0.14565550191922838,0.9858284686713105,-0.08322632223901842,6.6258567307812655,0.06220535818557754,0.09308277760069122,0.9937132794933655,2.3491924066522145
0.9870651505105235,0.14122796415858652,-0.07587549043806663,11.650051951769171,-0.147471730988053,0.985477409099311,-0.08418027971687952,6.695797004434455,0.06288495756307608,0.09428090992961252,0.9935575255090896,2.386701973165536
0.986748667863588,0.1428916082035041,-0.07687072535803863,11.796707345030086,-0.1492881321478185,0.9851220677577942,-0.08513229447149391,6.765437582309055,0.06356235256984513,0.09548006451254187,0.9933998975249388,2.4244127423030832
0.9864283483870997,0.14455357449891792,-0.07786756237560999,11.94344206488293,-0.1511046843123568,0.9847624994453077,-0.08608239073496167,6.834775365415144,0.06423753483486003,0.0966802600433388,0.9932403967244163,2.4623224473647625
0.9861043014986333,0.14621383750600003,-0.07886586396676165,12.090271661635654,-0.15292140015036476,0.9843986409458294,-0.08703052533586773,6.903811564509544,0.06491037329635568,0.09788145420420452,0.9930789490795009,2.500433327557836
0.9857764726858269,0.14787254853532872,-0.07986564103349869,12.237196001312043,-0.15473831758295833,0.9840305133030448,-0.08797674673841002,6.972547123708807,0.06558087354749528,0.09908367640830917,0.9929156755439104,2.5387453966287055
0.9854448070434678,0.1495295200741804,-0.08086699503503259,12.384199801556576,-0.15655538602032473,0.983658150271816,-0.08892101593742657,7.040978944023008,0.06624916105688072,0.10028691593634215,0.9927505266101543,2.5772563878772914
0.9851093575629903,0.15118477919072326,-0.08186990375220282,12.53129847870099,-0.1583725675413482,0.9832815560608797,-0.08986332134827107,7.10910918032552,0.06691521540800982,0.10149114754192556,0.9925834400809012,2.6159685542572646
0.9847701352837372,0.15283841393363495,-0.08287440931239543,12.678476616413548,-0.16018995065695563,0.9829007432964467,-0.09080363978040555,7.176935677742971,0.06757902048881687,0.1026963621909513,0.9924144801961365,2.6548796428149544
