1.0000000427732696,-7.86092278167999e-09,-4.647366255716712e-09,0.0,-7.86092278167999e-09,0.9999999684457445,4.840440920754133e-10,0.0,-4.647366255716712e-09,4.840440920754133e-10,0.9999999746197467,0.0
0.9999988626288978,-0.0009494677094988371,0.0011869796182564646,0.16654160167314558,0.0009492285907628836,0.9999995418489097,0.00019506884152360447,-0.0027333465106540444,-0.0011871651875857703,-0.00019394162413833432,0.9999992791952703,-0.006047589877660187
0.9999954254960339,-0.0018990458604859761,0.002373860957969598,0.33307042523125574,0.0018981189915316268,0.9999981247545421,0.00039127504205614997,-0.005308758930556934,-0.0023746034520385068,-0.00038676757617758795,0.9999970963921153,-0.01228943962355089
0.9999896407975164,-0.0028488743175472536,0.0035605237396506145,0.4996011082912446,0.002846783439098463,0.9999957361019697,0.0005886054949735364,-0.007728392134660922,-0.003562190312061911,-0.0005784631449772121,0.9999934979921165,-0.018730885833349475
0.9999815554326505,-0.0037988188611459694,0.0047469634496245805,0.6661190132361412,0.0037951250050582094,0.9999924770708031,0.000787071264137081,-0.009990091248013755,-0.004749923089988478,-0.0007690413705315757,0.9999884245408257,-0.025366591911371472
0.9999711371557873,-0.004749130993203843,0.0059331766861498575,0.8326387776829449,0.0047433438805637345,0.9999882633163901,0.0009866483778374997,-0.012096011145569463,-0.005937805967010892,-0.0009584760382490565,0.9999818763872758,-0.03220189445330135
0.9999584068056204,-0.005699561153350602,0.007119298640839752,0.9991452406810026,0.005691239874453721,0.9999830590644445,0.0011873596466446892,-0.014044941069212058,-0.007125945936978975,-0.0011467918762105567,0.9999739594954565,-0.039235237891723784
0.9999434050964178,-0.006650335705130961,0.008305180570145398,1.1656389255639965,0.006639019512231989,0.9999769569921672,0.0013891823901803228,-0.01583593690210172,-0.00831423483190058,-0.001333965073585186,0.9999645093742886,-0.046462841198376736
0.9999260985341079,-0.0076012344199105075,0.009490843734428392,1.3321344699488407,0.007586446764760971,0.9999699255340115,0.0015921378142007474,-0.017471153519196037,-0.009502669215146725,-0.001520017173373911,0.9999537035950805,-0.05389004096893757
0.9999064487809148,-0.008552360009264293,0.010676268050853088,1.4986167128849388,0.008533662815910833,0.999961979420566,0.0017962130108489832,-0.01894938016237724,-0.010691230173744348,-0.0017049375199781336,0.9999413644657046,-0.06151528163599096
0.9998844987542312,-0.009503735450196338,0.011861591785509343,1.665101070704054,0.009480644496371182,0.9999530617489161,0.0020014095849566057,-0.020272771706020265,-0.011880056925693008,-0.001888723053712127,0.9999276575522668,-0.0693363102456459
0.9998602621424035,-0.010455345949104577,0.013046669334917493,1.8315721270744234,0.010427391806152155,0.999943170414692,0.0022077269838769345,-0.021439173275751955,-0.013069016060941699,-0.0020713741221869975,0.9999124180415034,-0.07735537975180762
0.9998336794858496,-0.011407168433927029,0.014231518557697498,1.9980300159722901,0.011373913162732348,0.9999323623208086,0.0024151624416570323,-0.022447640755022036,-0.014258108968422056,-0.0022528928586297847,0.9998958238537556,-0.08557250390097693
0.9998047934971157,-0.012359114832221518,0.015416122903591567,2.164474992778878,0.01232008213406438,0.9999206248410468,0.0026237279441380223,-0.023299118260089458,-0.015447332540887954,-0.002433288065532613,0.9998776969344392,-0.09398387417185461
0.9997736216837014,-0.013311287748622891,0.016600485501758147,2.3309216951109875,0.013266016734717601,0.9999079727059955,0.0028334125576591706,-0.023995760665910026,-0.01663668108498438,-0.0026125480450308602,0.9998581567976245,-0.10259482716011803
0.9997401059189404,-0.014263695437826573,0.01778461342791461,2.4973549620181075,0.01421174013399114,0.9998943469083703,0.003044213386057944,-0.02453635721436953,-0.017826163616101787,-0.0027906707798939223,0.999837202717318,-0.11140380729837318
0.9997043009032036,-0.015216329526314687,0.0189684931301254,2.6637749274764815,0.015157199658944232,0.9998798064554556,0.003256130559525913,-0.024919963788914146,-0.0190157632776016,-0.0029676571292790443,0.9998147761664303,-0.12041082833311378
0.9996662113957022,-0.016169183665296516,0.020152132076616536,2.8301819808434914,0.01610243956503905,0.9998642902355973,0.0034691639478670014,-0.025146580389259654,-0.020205495537190754,-0.0031435072764841032,0.9997908763786949,-0.12961209548956987
0.9996257606173662,-0.017122138241692064,0.02133551538561787,2.996590625759808,0.017047335503365426,0.9998479015327757,0.0036833240835509487,-0.025219306006906805,-0.021395345027358084,-0.0033182320899268203,0.9997655647985998,-0.13901293161690376
0.9995830059343982,-0.01807521005006607,0.02251865158278138,3.1629858352511064,0.017991864304623673,0.999830522332422,0.00389860840120905,-0.025135985767191116,-0.022585310144382642,-0.0034918303145220486,0.9997387806338166,-0.14861179489420806
0.9995379686734507,-0.019028633744305412,0.023701656616409356,3.3293677432936306,0.018936261997942346,0.9998121863044528,0.004114999735089162,-0.02489567555356409,-0.023775512911605415,-0.003664276469630301,0.9997105719052044,-0.15840869906801913
0.9994906309341665,-0.019982143011062936,0.024884413022846802,3.495736215911137,0.019880322057834517,0.9997929756891508,0.004332514459155191,-0.024499319482574222,-0.02496583914693354,-0.0038355969437433024,0.9996809506649511,-0.16840363039180772
0.9994409879573345,-0.020935769224625034,0.026066908373002212,3.6620916424610073,0.020824000228838027,0.9997727745763169,0.004551150729420488,-0.023946917553933744,-0.026156273382660078,-0.0040057880496327525,0.9996497983531933,-0.17859279409078965
0.9993890012171673,-0.021889606782460103,0.027249152403088422,3.8284336335858598,0.021767452446642445,0.9997516567038239,0.004770901300184099,-0.0232384697679322,-0.027346819155609783,-0.004174840569893978,0.9996172937236603,-0.1889799849397491
0.9993347301732471,-0.02284365558951018,0.028431126665722506,3.9947621892856944,0.022710670293769174,0.999729622071672,0.004991764788449277,-0.022373976124567818,-0.028537475076851018,-0.004342753578068292,0.9995832589164204,-0.19956520293869318
0.9992781111792328,-0.02379793855148582,0.029612850404040908,4.161077175584182,0.02365363268405462,0.9997066137769467,0.0052137382980625025,-0.021354380740390866,-0.029728242105736796,-0.004509523319625952,0.9995478117921923,-0.21034843434109973
0.9992192505940118,-0.024752315221852617,0.030794310251626184,4.327378726457653,0.024596234271615,0.9996826718876043,0.005436833153281751,-0.02017873949885285,-0.030919116175667977,-0.004675164204884397,0.999510953722417,-0.22132969289349091
0.9991580435796241,-0.025706902808731558,0.031975498554734194,4.493666841906105,0.02553858040233522,0.9996578132386031,0.005661038290236694,-0.01884705239995199,-0.0321100865299047,-0.004839662335450523,0.9994726255748306,-0.23250897859585962
0.9990945355144476,-0.026661592287403613,0.03315642376286258,4.659941387953211,0.02648057414780897,0.9996319619877005,0.005886360493647394,-0.017360263560238565,-0.03330116531411846,-0.005003028897642814,0.999432826482484,-0.2438862777016908
0.9990286709460647,-0.027616484356598914,0.034337196384049015,4.826202364599027,0.027422327188254648,0.9996052529844236,0.006112797018784472,-0.015718372979714346,-0.03449245918413908,-0.005165254027529376,0.9993916050244255,-0.25546159021098447
0.9989605902746348,-0.02857161034307487,0.03551758445609621,4.992449771843496,0.02836380793691142,0.9995775703185735,0.006340338863682246,-0.013921380658377558,-0.03568373538555947,-0.005326333574652564,0.9993489250832367,-0.2672349161237477
0.9988901079012149,-0.029526940802214297,0.036697699468313416,5.158668582712352,0.029305071149848826,0.9995489097814105,0.006568990198527478,-0.011967131721563717,-0.036875109689795654,-0.005486269623922624,0.9993048351372837,-0.2792047136190803
0.9988173858503735,-0.030482467075325426,0.03787765509027993,5.3248738241798605,0.030246062070979872,0.9995193303802195,0.00679875078415608,-0.009857781043939084,-0.038066696087186117,-0.005645060255120737,0.9992592636060967,-0.2913725245178753
0.9987423034771727,-0.0314381013038465,0.03905733251726953,5.49106549624608,0.031186694272523633,0.9994888194887813,0.007029627544146567,-0.007593328625501883,-0.03925836985368744,-0.005802716355271076,0.999212222679463,-0.30373834882013284
0.9986649760864701,-0.032393828908055866,0.04023673776757361,5.657243598910952,0.032126936167700695,0.9994573750027264,0.007261620017509038,-0.005173774466253889,-0.040450142819986046,-0.005959240356516793,0.9991637716574507,-0.31630218652585995
0.9985853055006757,-0.033349752136121014,0.04141585948604409,5.823408132174535,0.03306693735785954,0.9994250116526432,0.007494717435968405,-0.002599118566193326,-0.04164200116787525,-0.006114617086773189,0.9991138517875732,-0.32906403763504954
0.9985032921000214,-0.034305871178157865,0.04259470018582277,5.989543935086175,0.03400669784300045,0.999391729438532,0.007728921017113236,0.00013184983279401763,-0.042833941191520314,-0.006268848398957638,0.9990625227295391,-0.3420223465802934
0.9984190319687176,-0.035262091684227004,0.04377325857218012,6.155666034620197,0.03494605326995385,0.9993574546225197,0.007964238129375835,0.0030169758560418813,-0.04402597649433859,-0.006421943973704158,0.9990097246986256,-0.3551786551824847
0.9983324318763971,-0.03621852248893154,0.04495153575841262,6.321774564752928,0.03588518274371097,0.9993222630468491,0.008200660125784716,0.006057203620102314,-0.045218086276032535,-0.006573890771776891,0.9989555174981715,-0.3685329771881385
0.9982435267345404,-0.0371750316143129,0.046129519260228694,6.487854364533717,0.03682391557676002,0.9992861357721922,0.008438194660104271,0.00925374388308775,-0.04641028160832708,-0.0067247032707947185,0.9988998424915424,-0.38208375702985364
0.998152338237406,-0.03813175922173162,0.04730721515929711,6.653920460936888,0.03776239928731254,0.9992490327305927,0.008676831831217854,0.012604441770335484,-0.047602557227445844,-0.006874364281064138,0.9988426990547385,-0.39583253652851624
0.9980588307975429,-0.03908842441811888,0.04848461426641891,6.819972853962497,0.03870038309440986,0.9992110340579634,0.008916586020802225,0.016109297281845514,-0.04879490948197053,-0.007022902623220029,0.9987840881306032,-0.4097793156841192
0.997962991757555,-0.040045299532909695,0.04966160728923521,6.985996516636135,0.039638111444678006,0.9991721186256761,0.009157435555839553,0.019770465292282324,-0.0499872134932455,-0.007170288482867382,0.9987240808504894,-0.4239225526757835
0.9978648949475681,-0.04100214995974616,0.05083831306807774,7.152006019586622,0.04057534622583318,0.999132252763814,0.0093994001426522,0.023585318868414973,-0.051179596671618824,-0.007316547803875029,0.9986626650209545,-0.4382675772259219
0.9977644690236938,-0.04195930672718173,0.05201471879224549,7.317986725197045,0.04151242881289784,0.9990914237612284,0.009642458755839467,0.027556012885201042,-0.052372051696979616,-0.007461644749110097,0.9985997820388574,-0.4528090527388571
0.9976617252977862,-0.04291641575836547,0.05319082368779486,7.483953660441728,0.042449011496508156,0.9990497012319827,0.009886632320496417,0.03168039246797072,-0.05356457224024208,-0.00760561752054717,0.9985354319836058,-0.46754852103548217
0.9975567136307208,-0.043873860289591615,0.054366621076797954,7.649891731358196,0.043385448320370196,0.999007019770753,0.010131900156972667,0.03596014043311868,-0.05475716716218444,-0.007748423051925357,0.9984696155403806,-0.4824844334216465
0.9974493589565754,-0.044831485389662085,0.05554212529620763,7.815816031908895,0.0443216296873946,0.9989634173411258,0.01037826766700956,0.04039357396425203,-0.055949825015919594,-0.007890079112163939,0.9984023911557253,-0.49761833859150073
0.9973397015142849,-0.0457891966135795,0.05671732004124695,7.981711468131408,0.04525741441371263,0.9989188202052283,0.010625741960812845,0.04498237587776188,-0.05714254618524685,-0.008030594455438245,0.9983337005850009,-0.5129486878508942
0.9972278020963472,-0.046746977214308094,0.05789221499890224,8.147577650668268,0.04619280883366621,0.998873346377629,0.01087432205130017,0.0497265461733587,-0.05833533690769338,-0.008169970800062765,0.9982636027518549,-0.5284792759746182
0.9971135604317931,-0.04770494647222501,0.05906679557054821,8.313429995851266,0.047127947796782726,0.9988268925743482,0.011124000692752553,0.05462392997666754,-0.0595281831502632,-0.008308194035014371,0.9981920392365922,-0.5442078500087604
0.9969969576802074,-0.04866298482177922,0.06024107000942818,8.479253409717899,0.048062698536672305,0.9987795620793659,0.011374783286906835,0.05967621010407598,-0.060721082979852514,-0.00844527549194013,0.9981190091924003,-0.5601328612591914
0.9968781304604739,-0.049621225932953594,0.06141503516473674,8.645062919242491,0.04899717698476678,0.9987312537130721,0.011626657517114544,0.0648812316809213,-0.061914046669206094,-0.008581196774756383,0.9980445728601304,-0.5762558515468044
0.9967569375740921,-0.05057941262638255,0.06258856703118257,8.810843497450719,0.04993114919507454,0.9986819907084643,0.011879636530374216,0.070241149581868,-0.06310694364055267,-0.008715990824467112,0.9979686830455994,-0.592575279050692
0.9966334769345642,-0.05153791148638254,0.06376178581452586,8.976594754985172,0.05086496079381462,0.9986318256747875,0.012133706783790945,0.07575596380662653,-0.06429989254078132,-0.008849617219584605,0.9978913873328357,-0.6090949385456383
0.9965077163807343,-0.052496472661468285,0.0649346803940373,9.142317081203288,0.05179839050366997,0.9985807228377553,0.012388875653266265,0.08142567435548465,-0.06549289755972189,-0.008982097850910031,0.9978125670277327,-0.6258110352568735
0.9963796545796868,-0.05345511977028505,0.06610726594091353,9.308025436091214,0.05273142357282006,0.9985286252944531,0.012645147813855829,0.08724765429550452,-0.06668595107091556,-0.009113435912353807,0.99773240032637,-0.6427251041320261
0.9962493086586892,-0.05441393831396457,0.06727952283024569,9.473704403317242,0.05366417801583396,0.9984756657900381,0.012902513584663522,0.09322405850106286,-0.06787905108684207,-0.009243617950145722,0.9976507094896352,-0.659839398124987
0.9961166149587746,-0.05537281936284577,0.06845134721027704,9.639354372238756,0.054596544235630776,0.9984217684822679,0.013160973139759896,0.09935488697244566,-0.06907207498557182,-0.009372656077062946,0.9975676250082205,-0.6771501224609651
0.9959816224852536,-0.05633177110033061,0.06962284213701081,9.804975275867633,0.05552852856654371,0.9983668743638581,0.013420530584224667,0.10563966765137778,-0.07026514388550922,-0.00950054758103086,0.9974830763906467,-0.6946572702667098
0.995844343988519,-0.057290894367736156,0.0707940134324841,9.970567181192024,0.0564602195194995,0.9983111182843355,0.013681184074084701,0.11207887259613791,-0.07145825722247279,-0.009627283987805602,0.9973971229571185,-0.7123608484154786
0.9957047651951463,-0.05825010280840903,0.07196485855084604,10.136144658840664,0.057391513831750736,0.9982543674985433,0.013942932161254227,0.11866987487349334,-0.07265140978710258,-0.009752870413029191,0.9973097050512829,-0.7302661866296916
0.995562888198515,-0.05920935888938805,0.07313536858203183,10.301693071196667,0.05832242625511851,0.9981966768050261,0.014205778004941999,0.12541482935839987,-0.0738446017941879,-0.009877312580145181,0.9972208235873443,-0.7483679483136711
0.9954187633115998,-0.06016856590330377,0.07430543811234593,10.467212351271883,0.05925280085392199,0.9981380925848498,0.014469714075159255,0.13231326399258236,-0.07503771482602677,-0.01000061760304155,0.9971305492986897,-0.7666661265941599
0.9952722523206177,-0.061128055258941494,0.07547516941277424,10.632702176697052,0.06018301692429585,0.9980786021268652,0.014734738945052799,0.1393656508340264,-0.07623085640897842,-0.010122753350420177,0.997038811774386,-0.7851645231191924
0.995123502585959,-0.06208761520812489,0.07664456549519018,10.798162869841406,0.06111284268830765,0.998018114858241,0.01500086064947577,0.14657151782474642,-0.07742403604545398,-0.010243741548390806,0.9969456107054034,-0.803859336240734
0.9949724512217466,-0.06304723737733609,0.0778136268094247,10.96359404134759,0.06204225705979436,0.9979566897862616,0.015268079055582527,0.15393086496445285,-0.07861724728313695,-0.010363583056110681,0.996851005963154,-0.822754360733569
0.994819070916928,-0.06400703022094634,0.07898223079730614,11.128996013584839,0.06297140122263432,0.9978944027531703,0.015536377939579559,0.1614432201951601,-0.07981036373984651,-0.010482261128509196,0.9967549502049775,-0.8418457949496485
0.9946633891726715,-0.0649668786030908,0.08015049105225944,11.2943688535413,0.06390013399294933,0.99783111680507,0.015805766412391547,0.16910905557514155,-0.08100350994484612,-0.010599789451349428,0.9966574317757835,-0.8611336457622372
0.9945054086527043,-0.06592678920526307,0.0813184149663563,11.459712104871414,0.06482847012256092,0.9977668930536144,0.01607625369391118,0.17692789904583428,-0.08219668055417295,-0.010716171083938908,0.9965585098346845,-0.8806217010728687
0.994345127263647,-0.06688673878904972,0.08248599357485002,11.62502615693262,0.06575639485964799,0.9977017884017185,0.016347832671269633,0.18489975060752784,-0.0833898753530377,-0.01083140653820197,0.9964581253839299,-0.9003061661067377
0.9941825873378141,-0.06784663224404763,0.08365322661606815,11.790295915762414,0.06668378177216286,0.9976357291115099,0.016620501500489264,0.19302629307661157,-0.08458309494002898,-0.010945498083103133,0.9963562784503682,-0.9201854921697077
0.9940177068743037,-0.06880669863581668,0.08482011440900544,11.955536018977739,0.06761089847602239,0.9975686877412504,0.016894259126735613,0.20130537157813144,-0.08577633277400674,-0.011058427832970286,0.9962530289188358,-0.9402650158574559
0.9938505849062274,-0.06976681849386379,0.08598665309680846,12.120746922924098,0.06853759536987875,0.9975007675749206,0.01716910805292441,0.20973745817065215,-0.08696959433504947,-0.01117020804590918,0.9961483172674933,-0.9605409492684558
0.9936811163928831,-0.0707269851366954,0.08715272743986333,12.285928104267867,0.06946388928869936,0.9974319075008663,0.017445037454353916,0.21832160873733386,-0.08816274713805206,-0.011280835662612287,0.9960422152379022,-0.9810170734309693
0.9935093500544079,-0.07168719837419557,0.08831844017517851,12.45108001935455,0.07038978656681726,0.9973621075190878,0.0177220524909383,0.22705829533674127,-0.08935591508079499,-0.011390308830162232,0.9959345924537468,-1.0016896004434699
0.9933352818941585,-0.07264747326137577,0.08948380504152789,12.616202211838583,0.07131525770059038,0.9972913697339546,0.01800015764110756,0.2359470459103079,-0.09054909588078228,-0.0114986297487093,0.9958255673405123,-1.0225623182074983
0.9931589871555475,-0.07360777188504297,0.0906486995367419,12.781280044103113,0.07224032377619093,0.9972197489440117,0.01827934036770092,0.24499001533299136,-0.09174217555070102,-0.01160580043586229,0.9957151524673582,-1.043629890127363
0.9929803322762758,-0.07456814053190808,0.09181323365906449,12.946328153764995,0.07316497212492612,0.9971471313434296,0.018559614128536434,0.2541850487298358,-0.0929352583492915,-0.011711818014855158,0.995603276630506,-1.0648976527987415
0.9927994092943205,-0.07552865830678313,0.0929772877900037,13.111346863193546,0.07408934184753699,0.9970735885657119,0.01884096032842797,0.26353167404285394,-0.09412823154432598,-0.011816668751986226,0.99548995210324,-1.086361804573599
0.9926161852510549,-0.07648923735110635,0.094140978011513,13.276320823045126,0.07501328542580364,0.9969991079846399,0.01912339242519808,0.2730325182046993,-0.0953212101849353,-0.011920363534279665,0.9953751669751375,-1.108024605279084
0.9924306624299742,-0.0774498403220325,0.09530431001347309,13.441265382663346,0.07593681761154732,0.9969237443987579,0.01940691423832966,0.28268495428271834,-0.09651419263299142,-0.012022909938096404,0.9952589805799628,-1.129883795088034
0.9922428531886136,-0.07841051274580879,0.09646715743818116,13.606180152690797,0.07685993840477717,0.9968473840022372,0.019691509148132818,0.29248898227662323,-0.09770705844886494,-0.012124297675000895,0.9951413459649006,-1.1519431687752544
0.9920528021316444,-0.07937120871595615,0.0976296428451291,13.771050428522415,0.07778262463618407,0.9967701406009069,0.01997718679295623,0.3024462850030947,-0.09889993040591373,-0.012224533327593934,0.9950223104724765,-1.174197382871796
0.9918604063355084,-0.08033195090054024,0.09879163418409301,13.935890847775113,0.07870490789255657,0.9966919572918526,0.020263939904516803,0.3125547075871751,-0.10009267600220731,-0.01232361082519906,0.9949017678163815,-1.1966517739733433
0.9916657125012273,-0.08129272500501328,0.09995325963968746,14.100686772832006,0.07962677975640665,0.9966128319707043,0.02055177818692927,0.32281640490382024,-0.10128541819694101,-0.012421535379335491,0.9947798246795497,-1.2193010054842048
0.9914687308840449,-0.08225353714052108,0.10111440014914434,14.26545284130998,0.08054822547592234,0.9965328257491163,0.020840688609821193,0.3332292220780779,-0.10247803642255165,-0.01251830449055863,0.9946564932782459,-1.2421504140000792
0.9912695102961852,-0.08321440367386757,0.10227516535189818,14.430174348603998,0.08146925138543673,0.9964518206125201,0.021130677156457736,0.34379484192662346,-0.10367065367931287,-0.012613912734719235,0.994531702445507,-1.2651946560520102
0.991067945705858,-0.0841752935634692,0.10343543565919558,14.594865999319069,0.08238987431991729,0.9963699324711145,0.02142174027940087,0.35451158163277974,-0.10486313739526405,-0.012708367041651014,0.9944054644515653,-1.288439075108947
0.9908640796362377,-0.08513623785090951,0.10459532741730289,14.759513021862062,0.08331005635823376,0.9962870454147006,0.021713880109561094,0.3653806519549505,-0.10605561001316641,-0.01280166048152026,0.9942777673588793,-1.311878320828697
