-0.14122174680233002,-0.10104487091302872,-0.9848077893257141,-142.74038696289062,-0.989978015422821,0.014414179138839245,0.14048421382904053,9.024218559265137,-1.3415722754928083e-08,0.9947774410247803,-0.10206779092550278,44.8966064453125
-0.14191268384456635,-0.10007452964782715,-0.984807550907135,-142.6261444091797,-0.9898791313171387,0.013969207182526588,0.1412239819765091,8.924766540527344,-0.0003759425599128008,0.9948818683624268,-0.10104409605264664,44.96615219116211
-0.14260399341583252,-0.09910453855991364,-0.9848057627677917,-142.51190185546875,-0.989779531955719,0.013523533008992672,0.14196328818798065,8.825199127197266,-0.000751152983866632,0.9949851036071777,-0.1000201553106308,45.03553771972656
-0.14329569041728973,-0.09813465923070908,-0.9848024845123291,-142.39767456054688,-0.9896792769432068,0.013077124953269958,0.14270217716693878,8.725515365600586,-0.0011256439611315727,0.995087206363678,-0.09899573773145676,45.10476303100586
-0.1439875364303589,-0.09716502577066422,-0.9847977161407471,-142.283447265625,-0.989578366279602,0.012629976496100426,0.143440380692482,8.625716209411621,-0.0014994150260463357,0.9951881170272827,-0.09797096252441406,45.173824310302734
-0.14467975497245789,-0.09619550406932831,-0.9847914576530457,-142.16921997070312,-0.98947674036026,0.01218209508806467,0.1441781371831894,8.525801658630371,-0.00187246548011899,0.9952878952026367,-0.09694571793079376,45.24272537231445
-0.14537234604358673,-0.0952262282371521,-0.9847836494445801,-142.05499267578125,-0.9893744587898254,0.011733497492969036,0.14491544663906097,8.425771713256836,-0.0022447947412729263,0.9953864812850952,-0.0959201231598854,45.31146240234375
-0.1460651010274887,-0.09425731003284454,-0.9847743511199951,-141.94078063964844,-0.9892715215682983,0.011284179985523224,0.14565207064151764,8.325626373291016,-0.0026164015289396048,0.995483934879303,-0.09489429742097855,45.38003921508789
-0.14675822854042053,-0.09328863024711609,-0.9847635626792908,-141.82656860351562,-0.9891678690910339,0.010834148153662682,0.1463882476091385,8.225366592407227,-0.002987286075949669,0.9955801367759705,-0.09386812150478363,45.44845199584961
-0.1474514901638031,-0.09231996536254883,-0.984751284122467,-141.7123565673828,-0.989063560962677,0.010383345186710358,0.14712375402450562,8.124991416931152,-0.0033574479166418314,0.995675265789032,-0.09284135699272156,45.51670455932617
-0.1481451392173767,-0.09135166555643082,-0.9847374558448792,-141.59814453125,-0.9889585971832275,0.00993184745311737,0.14785881340503693,8.024500846862793,-0.0037268863525241613,0.9957691431045532,-0.09181436896324158,45.58479309082031
-0.14883916079998016,-0.0903836041688919,-0.9847221374511719,-141.48394775390625,-0.9888529181480408,0.009479637257754803,0.14859342575073242,7.923895835876465,-0.004095600452274084,0.9958618879318237,-0.09078703820705414,45.6527214050293
-0.14953331649303436,-0.08941568434238434,-0.9847053289413452,-141.3697509765625,-0.9887465834617615,0.00902667734771967,0.1493273377418518,7.82317590713501,-0.00446358835324645,0.9959535002708435,-0.08975924551486969,45.72048568725586
-0.1502278596162796,-0.08844800293445587,-0.9846870303153992,-141.25555419921875,-0.9886395931243896,0.00857300590723753,0.15006081759929657,7.722341060638428,-0.004830852150917053,0.9960439205169678,-0.08873110264539719,45.7880859375
-0.15092264115810394,-0.0874805822968483,-0.984667181968689,-141.14137268066406,-0.9885318875312805,0.008118614554405212,0.15079371631145477,7.621391773223877,-0.005197388585656881,0.9961331486701965,-0.08770263195037842,45.855525970458984
-0.15161769092082977,-0.08651340752840042,-0.9846459031105042,-141.02719116210938,-0.9884235262870789,0.007663503754884005,0.1515260636806488,7.520327568054199,-0.005563198123127222,0.9962211847305298,-0.0866738110780716,45.92280197143555
-0.15231312811374664,-0.08554648607969284,-0.9846230149269104,-140.9130096435547,-0.9883145093917847,0.007207683753222227,0.15225794911384583,7.419148921966553,-0.005928280763328075,0.9963080883026123,-0.0856446623802185,45.98991775512695
-0.15300868451595306,-0.0845797061920166,-0.984598696231842,-140.79884338378906,-0.988204836845398,0.006751117762178183,0.15298913419246674,7.3178558349609375,-0.0062926351092755795,0.9963938593864441,-0.08461505174636841,46.05686950683594
-0.15370450913906097,-0.08361318707466125,-0.9845728874206543,-140.68467712402344,-0.9880944490432739,0.0062938351184129715,0.15371976792812347,7.216448783874512,-0.006656259763985872,0.9964784383773804,-0.08358511328697205,46.1236572265625
-0.15440057218074799,-0.0826469212770462,-0.9845455288887024,-140.57052612304688,-0.9879834055900574,0.005835835821926594,0.15444982051849365,7.114927291870117,-0.007019156124442816,0.9965618252754211,-0.08255483955144882,46.190284729003906
-0.15509702265262604,-0.08168091624975204,-0.9845166802406311,-140.4563751220703,-0.9878716468811035,0.005377131048589945,0.15517942607402802,7.013291835784912,-0.0073813218623399734,0.9966440200805664,-0.08152423799037933,46.25674819946289
-0.1557937115430832,-0.08071505278348923,-0.9844863414764404,-140.34222412109375,-0.9877592921257019,0.004917692393064499,0.15590845048427582,6.9115424156188965,-0.00774275790899992,0.9967250823974609,-0.08049318194389343,46.32304763793945
-0.1564905345439911,-0.0797494500875473,-0.9844545125961304,-140.22808837890625,-0.987646222114563,0.004457529168576002,0.1566367894411087,6.80967903137207,-0.008103463798761368,0.99680495262146,-0.07946180552244186,46.38918685913086
-0.15718774497509003,-0.07878411561250687,-0.9844211935997009,-140.11395263671875,-0.9875324964523315,0.003996663726866245,0.15736468136310577,6.707701683044434,-0.008463436737656593,0.9968836903572083,-0.07843010127544403,46.455162048339844
-0.15788531303405762,-0.07781904190778732,-0.9843863248825073,-139.9998321533203,-0.9874180555343628,0.003535094205290079,0.15809209644794464,6.605610370635986,-0.008822677657008171,0.996961236000061,-0.07739806920289993,46.520973205566406
-0.15858301520347595,-0.07685423642396927,-0.9843499660491943,-139.88571166992188,-0.9873029589653015,0.00307280570268631,0.15881884098052979,6.503405570983887,-0.009181183762848377,0.9970375895500183,-0.07636570930480957,46.58662033081055
-0.15928107500076294,-0.07588957995176315,-0.984312117099762,-139.7716064453125,-0.9871872067451477,0.0026097982190549374,0.15954510867595673,6.401087284088135,-0.009538955986499786,0.9971128106117249,-0.07533291727304459,46.65210723876953
-0.15997928380966187,-0.07492543011903763,-0.9842727184295654,-139.65750122070312,-0.9870707392692566,0.0021461080759763718,0.16027069091796875,6.2986555099487305,-0.009895995259284973,0.9971868395805359,-0.07430003583431244,46.717430114746094
-0.16067785024642944,-0.07396142929792404,-0.9842318296432495,-139.5434112548828,-0.9869536757469177,0.0016816990682855248,0.16099581122398376,6.196110248565674,-0.010252298787236214,0.9972596764564514,-0.07326671481132507,46.782588958740234
-0.16137665510177612,-0.07299770414829254,-0.9841894507408142,-139.42933654785156,-0.9868358969688416,0.0012165826046839356,0.16172035038471222,6.093451499938965,-0.010607866570353508,0.9973313808441162,-0.07223308086395264,46.84758377075195
-0.1620757132768631,-0.07203413546085358,-0.9841455817222595,-139.3152618408203,-0.9867174029350281,0.0007507405243813992,0.1624443233013153,5.990679740905762,-0.010962697677314281,0.9974018931388855,-0.07119901478290558,46.912418365478516
-0.16277502477169037,-0.07107095420360565,-0.9841002225875854,-139.20120239257812,-0.9865983128547668,0.00028420897433534265,0.16316770017147064,5.8877949714660645,-0.011316794902086258,0.9974712133407593,-0.0701647475361824,46.977088928222656
-0.1634746938943863,-0.07010793685913086,-0.9840533137321472,-139.08714294433594,-0.9864785075187683,-0.00018303941760677844,0.16389063000679016,5.784797191619873,-0.011670154519379139,0.9975394010543823,-0.0691300481557846,47.041595458984375
-0.1641746163368225,-0.06914519518613815,-0.9840049147605896,-138.9730987548828,-0.9863580465316772,-0.0006509944796562195,0.16461296379566193,5.6816864013671875,-0.012022777460515499,0.9976063966751099,-0.06809504330158234,47.10593795776367
-0.16487465798854828,-0.06818284839391708,-0.9839550256729126,-138.85906982421875,-0.9862368702888489,-0.001119641587138176,0.16533461213111877,5.578462600708008,-0.01237466186285019,0.9976722002029419,-0.06705983728170395,47.17011642456055
-0.1655750721693039,-0.06722066551446915,-0.9839035868644714,-138.7450408935547,-0.9861150979995728,-0.0015890044160187244,0.16605578362941742,5.475125789642334,-0.01272580772638321,0.9977368712425232,-0.06602421402931213,47.234130859375
-0.16627560555934906,-0.06625876575708389,-0.9838507175445557,-138.6310272216797,-0.9859926104545593,-0.0020590743515640497,0.16677626967430115,5.371676445007324,-0.01307621132582426,0.997800350189209,-0.06498827785253525,47.29798126220703
-0.16697649657726288,-0.06529714167118073,-0.9837962985038757,-138.51702880859375,-0.9858694672584534,-0.002529841149225831,0.16749627888202667,5.2681145668029785,-0.013425877317786217,0.9978626370429993,-0.06395203620195389,47.36166763305664
-0.16767752170562744,-0.06433568894863129,-0.9837403893470764,-138.4030303955078,-0.9857456684112549,-0.0030013350769877434,0.16821560263633728,5.164440155029297,-0.013774801045656204,0.9979237914085388,-0.0629153698682785,47.425193786621094
-0.16837890446186066,-0.06337451934814453,-0.9836829900741577,-138.28904724121094,-0.9856211543083191,-0.003473521675914526,0.16893444955348969,5.060653209686279,-0.014122984372079372,0.9979837536811829,-0.061878401786088943,47.488555908203125
-0.16908052563667297,-0.062413644045591354,-0.9836241006851196,-138.17507934570312,-0.9854959845542908,-0.003946407698094845,0.16965271532535553,4.956754207611084,-0.014470425434410572,0.9980425834655762,-0.06084113568067551,47.551753997802734
-0.16978250443935394,-0.06145305186510086,-0.9835636615753174,-138.06112670898438,-0.9853701591491699,-0.004419985227286816,0.17037050426006317,4.852743148803711,-0.014817124232649803,0.9981001615524292,-0.059803567826747894,47.61478805541992
-0.17048460245132446,-0.06049274653196335,-0.9835017323493958,-137.94717407226562,-0.9852436780929565,-0.004894267302006483,0.1710875928401947,4.748619556427002,-0.015163078904151917,0.9981566667556763,-0.05876569822430611,47.67765808105469
-0.17118693888187408,-0.059532735496759415,-0.9834383130073547,-137.83323669433594,-0.9851164817810059,-0.0053692469373345375,0.17180410027503967,4.644383907318115,-0.015508290380239487,0.9982119202613831,-0.05772753432393074,47.74036407470703
-0.171889528632164,-0.05857289955019951,-0.9833734035491943,-137.7193145751953,-0.9849886894226074,-0.005844942294061184,0.1725200116634369,4.540036678314209,-0.015852756798267365,0.9982660412788391,-0.056688956916332245,47.80290603637695
-0.17259234189987183,-0.05761335417628288,-0.9833069443702698,-137.60540771484375,-0.9848601818084717,-0.006321329157799482,0.17323534190654755,4.435577392578125,-0.0161964762955904,0.9983189702033997,-0.05565008521080017,47.86528396606445
-0.1732955127954483,-0.056654103100299835,-0.9832389950752258,-137.49151611328125,-0.9847309589385986,-0.006798406131565571,0.1739501953125,4.3310065269470215,-0.016539450734853745,0.9983707070350647,-0.05461091920733452,47.92749786376953
-0.17399881780147552,-0.055695150047540665,-0.9831696152687073,-137.3776397705078,-0.9846011400222778,-0.007276182994246483,0.17466434836387634,4.226324081420898,-0.016881678253412247,0.998421311378479,-0.053571462631225586,47.98954772949219
-0.1747024655342102,-0.05473649501800537,-0.9830986261367798,-137.26376342773438,-0.9844706058502197,-0.00775464903563261,0.17537802457809448,4.121530055999756,-0.017223164439201355,0.9984707236289978,-0.05253171548247337,48.05143356323242
-0.17540623247623444,-0.053778138011693954,-0.9830262064933777,-137.14990234375,-0.9843394756317139,-0.008233812637627125,0.1760910004377365,4.016624450683594,-0.017563899978995323,0.9985189437866211,-0.05149168148636818,48.113155364990234
-0.17611023783683777,-0.05282008275389671,-0.9829522967338562,-137.0360565185547,-0.9842076301574707,-0.00871366634964943,0.1768033802509308,3.911607503890991,-0.0179038867354393,0.9985660314559937,-0.050451360642910004,48.174713134765625
-0.176814466714859,-0.0518624410033226,-0.9828768372535706,-136.92222595214844,-0.984075129032135,-0.009194186888635159,0.1775151640176773,3.8064792156219482,-0.018243124708533287,0.9986119270324707,-0.0494108721613884,48.236106872558594
-0.17751894891262054,-0.05090498924255371,-0.9827999472618103,-136.80841064453125,-0.9839419722557068,-0.009675419889390469,0.17822636663913727,3.701239824295044,-0.018581613898277283,0.9986566305160522,-0.048369985073804855,48.297332763671875
-0.1782236546278,-0.049947839230298996,-0.9827215075492859,-136.69461059570312,-0.9838081002235413,-0.010157343000173569,0.17893697321414948,3.5958893299102783,-0.018919354304671288,0.9987002015113831,-0.04732881113886833,48.358394622802734
-0.1789287030696869,-0.0489908792078495,-0.9826415181159973,-136.58082580566406,-0.9836735725402832,-0.010639972053468227,0.17964710295200348,3.4904277324676514,-0.01925634779036045,0.9987425804138184,-0.04628723859786987,48.41929244995117
-0.17963388562202454,-0.04803422465920448,-0.9825600981712341,-136.46705627441406,-0.9835383892059326,-0.01112329214811325,0.18035651743412018,3.384855270385742,-0.019592588767409325,0.9987837672233582,-0.04524538666009903,48.48002624511719
-0.1803392916917801,-0.047077879309654236,-0.9824771881103516,-136.35330200195312,-0.9834025502204895,-0.011607300490140915,0.18106533586978912,3.279171943664551,-0.019928080961108208,0.9988237619400024,-0.0442032553255558,48.54059600830078
-0.1810450404882431,-0.04612184315919876,-0.9823927283287048,-136.23956298828125,-0.9832660555839539,-0.0120919868350029,0.18177367746829987,3.1733779907226562,-0.020262816920876503,0.998862624168396,-0.04316084831953049,48.60100173950195
-0.18175102770328522,-0.04516611993312836,-0.9823067784309387,-136.12583923339844,-0.9831288456916809,-0.012577356770634651,0.18248143792152405,3.0674734115600586,-0.02059680037200451,0.998900294303894,-0.04211816564202309,48.6612434387207
-0.1824571192264557,-0.044210705906152725,-0.9822193384170532,-136.0121307373047,-0.9829910397529602,-0.013063422404229641,0.18318846821784973,2.961458444595337,-0.020930036902427673,0.9989368319511414,-0.0410752110183239,48.72132110595703
-0.18316344916820526,-0.043255604803562164,-0.9821304082870483,-135.8984375,-0.9828525185585022,-0.01355016976594925,0.18389490246772766,2.855333089828491,-0.0212625190615654,0.9989721179008484,-0.04003198444843292,48.78123092651367
-0.1838698834180832,-0.042300816625356674,-0.9820399880409241,-135.78475952148438,-0.9827133417129517,-0.01403760351240635,0.18460063636302948,2.7490973472595215,-0.021594244986772537,0.9990062713623047,-0.03898848220705986,48.84097671508789
-0.18457667529582977,-0.04134634509682655,-0.9819480180740356,-135.6710968017578,-0.9825735092163086,-0.01452571339905262,0.1853058785200119,2.642751455307007,-0.021925216540694237,0.9990392923355103,-0.03794471547007561,48.90055847167969
-0.18528369069099426,-0.0403921902179718,-0.9818545579910278,-135.5574493408203,-0.982433021068573,-0.015014506876468658,0.18601052463054657,2.5362954139709473,-0.022255433723330498,0.9990710616111755,-0.036900680512189865,48.95997619628906
-0.18599092960357666,-0.03943835571408272,-0.9817596673965454,-135.44381713867188,-0.9822918772697449,-0.015503975562751293,0.1867145597934723,2.4297292232513428,-0.02258489280939102,0.9991016983985901,-0.035856377333402634,49.019229888916016
-0.18669839203357697,-0.038484837859869,-0.981663167476654,-135.33021545410156,-0.9821500182151794,-0.015994122251868248,0.18741801381111145,2.3230531215667725,-0.02291359193623066,0.9991312026977539,-0.03481180965900421,49.07831573486328
-0.18740609288215637,-0.037531644105911255,-0.9815652370452881,-135.2166290283203,-0.9820075035095215,-0.016484949737787247,0.18812085688114166,2.2162671089172363,-0.023241538554430008,0.9991594552993774,-0.0337669774889946,49.137237548828125
-0.18811389803886414,-0.036578770726919174,-0.9814658164978027,-135.10305786132812,-0.9818643927574158,-0.016976458951830864,0.18882298469543457,2.1093714237213135,-0.02356872707605362,0.9991865754127502,-0.03272188454866409,49.19599533081055
-0.1888219267129898,-0.03562621772289276,-0.981364905834198,-134.989501953125,-0.9817205667495728,-0.01746865175664425,0.18952451646327972,2.002366065979004,-0.02389516308903694,0.9992125034332275,-0.0316765271127224,49.25458908081055
-0.18953029811382294,-0.03467399626970291,-0.9812624454498291,-134.87596130371094,-0.9815760850906372,-0.017961513251066208,0.19022555649280548,1.8952512741088867,-0.024220837280154228,0.9992372393608093,-0.030630914494395256,49.31301498413086
-0.19023877382278442,-0.03372209519147873,-0.9811584949493408,-134.762451171875,-0.9814309477806091,-0.018455054610967636,0.19092588126659393,1.788027048110962,-0.024545755237340927,0.9992608428001404,-0.029585041105747223,49.37127685546875
-0.19094747304916382,-0.03277052566409111,-0.9810531139373779,-134.64895629882812,-0.9812851548194885,-0.018949272111058235,0.19162560999393463,1.6806933879852295,-0.02486991323530674,0.9992832541465759,-0.028538912534713745,49.42937469482422
-0.19165651500225067,-0.031819164752960205,-0.9809461236000061,-134.5354766845703,-0.9811386466026306,-0.0194441806524992,0.19232484698295593,1.5732505321502686,-0.025193309411406517,0.999304473400116,-0.027492409572005272,49.487308502197266
-0.19236576557159424,-0.03086813911795616,-0.9808377027511597,-134.42201232910156,-0.9809914827346802,-0.019939763471484184,0.1930234730243683,1.465698480606079,-0.025515945628285408,0.9993245601654053,-0.026445653289556503,49.545074462890625
-0.19307513535022736,-0.029917439445853233,-0.9807277321815491,-134.30857849121094,-0.980843722820282,-0.02043602056801319,0.19372138381004333,1.3580374717712402,-0.025837820023298264,0.9993434548377991,-0.02539864555001259,49.60267639160156
-0.19378472864627838,-0.028967073187232018,-0.9806163311004639,-134.19515991210938,-0.9806952476501465,-0.02093295194208622,0.19441868364810944,1.250267505645752,-0.026158934459090233,0.9993611574172974,-0.02435138449072838,49.66011428833008
-0.1944943070411682,-0.028017036616802216,-0.9805034399032593,-134.08175659179688,-0.9805461764335632,-0.02143056131899357,0.19511514902114868,1.1423887014389038,-0.026479287073016167,0.9993776679039001,-0.02330387569963932,49.717384338378906
-0.19520433247089386,-0.027067340910434723,-0.9803889989852905,-133.96836853027344,-0.9803963899612427,-0.021928835660219193,0.1958112269639969,1.0344011783599854,-0.026798877865076065,0.9993930459022522,-0.022256119176745415,49.77449035644531
-0.19591458141803741,-0.026117978617548943,-0.9802730679512024,-133.85501098632812,-0.9802459478378296,-0.022427774965763092,0.19650672376155853,0.9263049364089966,-0.02711770310997963,0.9994072318077087,-0.02120811492204666,49.8314323425293
-0.19662493467330933,-0.025168953463435173,-0.9801557064056396,-133.74166870117188,-0.980094850063324,-0.022927382960915565,0.19720147550106049,0.8181001543998718,-0.02743576094508171,0.9994202852249146,-0.02015986666083336,49.888206481933594
-0.19733551144599915,-0.024220267310738564,-0.9800367951393127,-133.6283416748047,-0.9799430966377258,-0.02342766709625721,0.19789563119411469,0.7097869515419006,-0.027753060683608055,0.9994320869445801,-0.019111372530460358,49.94481658935547
-0.19804629683494568,-0.023271922022104263,-0.9799163937568665,-133.51504516601562,-0.9797906875610352,-0.02392861619591713,0.19858917593955994,0.6013653874397278,-0.028069593012332916,0.9994427561759949,-0.018062638118863106,50.001258850097656
-0.19875730574131012,-0.022323915734887123,-0.979794442653656,-133.40176391601562,-0.9796375632286072,-0.024430226534605026,0.19928210973739624,0.49283555150032043,-0.028385357931256294,0.9994522333145142,-0.017013661563396454,50.05753707885742
-0.19946852326393127,-0.02137625589966774,-0.979671061038971,-133.28851318359375,-0.9794838428497314,-0.024932507425546646,0.1999744325876236,0.3841975927352905,-0.028700361028313637,0.9994605779647827,-0.0159644465893507,50.113651275634766
-0.20017996430397034,-0.020428938791155815,-0.9795461297035217,-133.17527770996094,-0.9793294072151184,-0.02543545514345169,0.200666144490242,0.27545154094696045,-0.029014598578214645,0.9994677305221558,-0.01491499226540327,50.16959762573242
-0.20089150965213776,-0.01948196440935135,-0.9794197678565979,-133.06207275390625,-0.9791743755340576,-0.02593906968832016,0.2013571411371231,0.16659757494926453,-0.02932807058095932,0.9994736909866333,-0.013865301385521889,50.225379943847656
-0.2016032487154007,-0.01853533647954464,-0.9792918562889099,-132.94888305664062,-0.9790186882019043,-0.026443349197506905,0.20204751193523407,0.05763576179742813,-0.02964077517390251,0.9994784593582153,-0.012815375812351704,50.2809944152832
-0.20231510698795319,-0.017589053139090538,-0.9791625142097473,-132.83570861816406,-0.9788623452186584,-0.02694828435778618,0.20273716747760773,-0.051433779299259186,-0.029952704906463623,0.9994820952415466,-0.011765215545892715,50.33644485473633
-0.20302729308605194,-0.016643237322568893,-0.9790316224098206,-132.72256469726562,-0.9787052869796753,-0.02745385468006134,0.2034263163805008,-0.16061097383499146,-0.030263865366578102,0.9994845390319824,-0.010714942589402199,50.391727447509766
-0.2037396878004074,-0.015697656199336052,-0.9788992404937744,-132.60943603515625,-0.9785475730895996,-0.027960116043686867,0.2041148543357849,-0.2698957026004791,-0.030574262142181396,0.9994857907295227,-0.009664319455623627,50.44684600830078
