1.0000000000000002,-1.3242670051993465e-17,-4.789740155337059e-18,0.0,-1.3242670051993465e-17,1.0,-1.2348778244315428e-18,0.0,-4.789740155337059e-18,-1.2348778244315428e-18,1.0,0.0
1.0000000000000002,-1.3242670051993465e-17,-4.789740155337059e-18,0.0,-1.3242670051993465e-17,1.0,-1.2348778244315428e-18,0.0,-4.789740155337059e-18,-1.2348778244315428e-18,1.0,0.0
0.9999990514566809,-0.0013748633383203128,-8.268337067197739e-05,0.03127183498987668,0.0013748466990006665,0.9999990347048106,-0.00020096268691450383,-0.0009946034333087883,8.295958708872384e-05,0.00020084881933345826,0.9999999763887293,0.0011105941815090503
0.9999830816498222,0.005382662623047516,0.0022053020681835488,0.08008290786270317,-0.0053805255585481935,0.9999850506715731,-0.0009738470545570507,-0.0032757225822630798,-0.0022105109905397897,0.0009619648945293802,0.9999970941281293,0.0029310754839704245
0.9999817833494697,0.0045128943490260216,0.0040083355409809614,0.10722501605103424,-0.004491064322567722,0.9999751258789199,-0.00543856274111841,-0.004296147456914409,-0.004032779496218605,0.005420461975980585,0.999977177380315,0.0037120312751444118
0.9999613951133125,0.005862119174029639,0.006545520745265754,0.13893744380876022,-0.005835520065838198,0.9999746684176462,-0.004075442133002439,-0.00534207154865339,-0.006569245664338475,0.004037088283370334,0.9999702730229499,0.004570476649671029
0.9999583902972198,0.005382948400117575,0.007364885655271856,0.1798492861484472,-0.005358722374608271,0.999980179727227,-0.0033051848987731545,-0.006441575309035122,-0.007382531320992175,0.003265580993464544,0.9999674165751951,0.005494502305250393
0.999970643490941,0.0033118726765203753,0.006909678406957675,0.2073182326295016,-0.003291360374938643,0.9999901494938722,-0.0029778955833267102,-0.007039786336478213,-0.006919472754144144,0.0029550659209958115,0.9999716938404842,0.005943026891807701
0.9999669550469771,0.0043621975527253585,0.006860032550047748,0.23455379172485855,-0.004332646558814177,0.9999812970396383,-0.004316682142427849,-0.007562747346142942,-0.006878734467408478,0.004286817401447919,0.9999671525648696,0.00627499765198003
0.9999686657032258,0.0031133519182023725,0.0072783687419479826,0.271082188550255,-0.0031015450456394955,0.9999938569903303,-0.0016329114896736273,-0.008194486120984681,-0.00728340785897705,0.001610286135028475,0.9999721790872601,0.006633912920032792
0.9999721000974465,0.0019897494106221702,0.007199994721225757,0.3030824808793242,-0.0019726078592385847,0.9999952052945454,-0.0023870915679488577,-0.008787623491991109,-0.00720470991341223,0.002372822202153158,0.9999712305210888,0.00691373998900513
0.9999785823179106,0.0030255407639480816,0.00580353414290253,0.34448052839290094,-0.003008202622980384,0.9999909935377277,-0.0029939205746994796,-0.009823102919452917,-0.0058125401023340064,0.002976398245229172,0.9999786774881977,0.007344230141459018
0.9999772553700429,0.0030933245344243595,0.0059933367934962975,0.3721382859484583,-0.003077164075166138,0.9999916103580002,-0.002703751998142654,-0.010402883457035661,-0.006001650093937068,0.0026852480216326413,0.9999783845859929,0.007594722171598178
0.9999631359679209,0.0016682298761862874,0.00842280916811352,0.414050864198294,-0.0016344500356659396,0.9999906008717903,-0.004015811394666861,-0.011216795631779367,-0.008429429297595978,0.004001896694921551,0.999956463824581,0.007989676927147027
0.9999671622112176,0.0005368588773508066,0.008086178441645166,0.446790542094281,-0.0005081743611407585,0.999993573199532,-0.0035489883700431054,-0.011518499600034038,-0.008088031779301855,0.0035447626405489627,0.9999610084397085,0.008086225039163342
0.9999652939599339,0.0015369115100395774,0.008188331859028041,0.4845346891868713,-0.0015191285786744434,0.9999964753263995,-0.0021775176553627475,-0.01188358303066131,-0.00819164964977875,0.002165002953409034,0.9999641041748585,0.00793720868398795
0.9999523932175308,0.0034862521951169487,0.009113580205657381,0.517548921534618,-0.0034800006850021544,0.9999936985698288,-0.0007017234973877394,-0.012020689171613239,-0.009115969162151242,0.0006699748252313338,0.9999582242473775,0.007822007636479889
0.9999583935952763,0.004673865864377457,0.007833648973330772,0.5460698953334856,-0.004659906339463564,0.999987523816026,-0.001799301309091879,-0.011909650057495905,-0.007841960932253292,0.0017627223761214358,0.9999676977075622,0.0077142508312704194
0.9999100566549392,0.00506076795622707,0.012420435902565582,0.5792505099183028,-0.005080709124451339,0.9999858535966026,0.001574484508333135,-0.011552673774089472,-0.012412292097321583,-0.0016374475159495383,0.9999216238138484,0.0070535402752440746
0.999914107058998,0.006370064089445673,0.011454291244056341,0.6265328664773835,-0.006374679441081999,0.9999796143726045,0.00036647133679259554,-0.011167509142889637,-0.011451723295240655,-0.00043945729439733824,0.9999343302991732,0.005713926342730602
0.9999520157652151,0.0053864370773158135,0.008182448453585631,0.6597901862389216,-0.005421858163763299,0.9999760008274233,0.004312913544836333,-0.01054885637942285,-0.00815902084416393,-0.004357070667927837,0.9999572222420615,0.004302966338687764
0.9999636501796269,0.006613158734570362,0.005381863152163922,0.6930202938113874,-0.006641745142650327,0.999963838562221,0.005311194721420036,-0.010282099108213066,-0.005346544762491452,-0.00534674662389524,0.9999714129712123,0.0023863822839409465
0.9999442741133076,0.008122724178225347,0.006743146145142893,0.7261252199900496,-0.00814221511458844,0.9999627385367322,0.002868077953309484,-0.009995749586927588,-0.006719598279514122,-0.002922822273585295,0.9999731516940437,-0.00018273372621413486
0.9999318758521452,0.007455557354446576,0.00898099768092184,0.7639176554482461,-0.0074865665421859325,0.999966112861805,0.0034240983427714228,-0.009337488224052615,-0.008955164779030501,-0.0034911019157430894,0.9999538075487259,-0.003795874918314457
0.9998974081773703,0.0070107867556820965,0.01249087624003027,0.8014793526671098,-0.007057605657969188,0.9999682195228422,0.003708119023638079,-0.008614633371555228,-0.01246448244228383,-0.0037958942797735483,0.9999151103289031,-0.0077789618932344595
0.999880013917992,0.00571421587591919,0.014398107663162775,0.8386018863546443,-0.005734426476685599,0.9999826294073053,0.0013628046946523383,-0.007666188537613305,-0.01439007019927703,-0.0014452060668542963,0.9998954131603387,-0.011794842091915836
0.9998971119399626,0.007667655879172954,0.012123225125377501,0.8662044154849163,-0.007703549128152536,0.9999660732862683,0.0029167802919368617,-0.007162685843773067,-0.012100448956635446,-0.003009872050416069,0.9999222568806477,-0.014693062472007412
0.9999557632604891,0.007731238303544252,0.005357189228182144,0.9020866430493952,-0.007774942780631223,0.9999362688600639,0.008185870935448755,-0.005952096741435042,-0.005293560889481774,-0.008227160658922645,0.9999521448752443,-0.018803277398371954
0.9999477395203888,0.009249970590017913,0.00435388012563436,0.9290987098964392,-0.009276179398430081,0.9999387429753832,0.006038442893547956,-0.005513404253182058,-0.004297758000717503,-0.00607851469475088,0.9999722900837167,-0.021534321404844015
0.9999515691157058,0.009644386386548699,0.001960926889230064,0.9561097660397093,-0.009659262404787313,0.9999235177428757,0.007723814763994326,-0.0048909201469297114,-0.0018862854591534342,-0.00774238180019486,0.9999682482215255,-0.024262093421829167
0.9999756208527286,0.006701878791580679,0.001960234900023205,0.9873486468692088,-0.00671311632107236,0.9999607419651402,0.005783476271815976,-0.0037556125628568082,-0.001921397788085479,-0.005796494560496687,0.9999813542668435,-0.027128422965716492
0.999935342737014,0.01046963765694711,0.004438133925689317,1.0273768642887533,-0.010492994694738281,0.9999310459888985,0.0052726018134498474,-0.0031023053189221106,-0.004382625668057166,-0.0053188302171845725,0.9999762510366803,-0.030577350379997092
0.9999514549730002,0.009256887022706661,0.003376053913840889,1.0583997478959182,-0.009276374584930894,0.9999401349599703,0.005803048405544435,-0.0022827608189970455,-0.003322133642760771,-0.005834084237126618,0.9999774631906332,-0.032681766673538615
0.999973472814653,0.006843635849864304,0.0024936550195600684,1.09342006040807,-0.00685808036258678,0.9999594837546912,0.005830744617215383,-0.0018825335907231427,-0.0024536504931278037,-0.005847691630492924,0.9999798918487569,-0.034887348510010074
0.9999745824083353,0.007010772871690845,0.0012975365185277602,1.119621842303415,-0.007015679797301739,0.9999681063173506,0.0038166195871838313,-0.0015331176423799414,-0.0012707376822464315,-0.0038256256786449224,0.9999918748739459,-0.03657665047322611
0.9999736217710317,0.0071313219117788455,-0.0013784084721301345,1.1542405235185589,-0.007130402713837257,0.9999743534824145,0.0006706225207231085,-0.0017939731060154923,0.001383155545829567,-0.0006607762233782536,0.999998825127069,-0.03862709120479746
0.999970391595591,0.0075146497963373415,-0.0016570970397220789,1.1804006799976108,-0.007519414510459427,0.9999675581091407,-0.0028881022596485436,-0.00190122822971997,0.0016353402033034978,0.00290047714707459,0.9999944564320039,-0.04029181323440323
0.9999738158522156,0.007148563421157092,-0.0011250115434512558,1.210667273106168,-0.00715412847172497,0.9999617936143042,-0.005022923200061501,-0.0022601569271634286,0.0010890618757710714,0.005030840156212144,0.9999867522080247,-0.042434055826511496
0.9999745646694872,0.007038271779401326,-0.0011544455070473351,1.2451397902035541,-0.007046727962643465,0.9999471045087243,-0.007492116499273925,-0.002520339718506348,0.001101652889960262,0.007500060998250384,0.9999712673101825,-0.044829569363780575
0.9999474432672342,0.009649185672903059,-0.003464667252626341,1.2795478303036982,-0.0096662423708806,0.9999410757962242,-0.0049405155517619,-0.0027657000443245816,0.0034167911479883197,0.004973746207804657,0.9999817935277179,-0.04714125101589861
0.9999380920139289,0.010603843955281763,-0.003372036909029799,1.309829278169124,-0.010610810106564486,0.9999415927070009,-0.002054722236503122,-0.002864964014410637,0.0033500520035147194,0.0020903750761015636,0.9999922037114166,-0.04908025252742032
0.9999397715358576,0.010426713075439608,-0.003425924000856661,1.3402217857392296,-0.010428018613535019,0.999945560689905,-0.0003634341031450336,-0.003003158172976181,0.003421948072802285,0.00039913781331667284,0.9999940654625873,-0.05081755415121325
0.9999446443037304,0.010270062752928213,-0.0022878241491202053,1.3750245040500129,-0.010268883958529608,0.9999471350655699,0.0005263994728331694,-0.0032132040827894948,0.002293109359065674,-0.0005028769329189989,0.999997244378332,-0.05266376026892017
0.9999907810025175,0.0028767985498136758,-0.003187779803967988,1.410386153091816,-0.0029125310322822007,0.9999323417553234,-0.011261841532389898,-0.003533084604240233,0.0031551660749934173,0.011271022217104304,0.9999315021466322,-0.0545143331787199
0.9999878594653316,0.0025459933372699,-0.004218867131228987,1.4320962609410974,-0.002582162419170073,0.9999597711828901,-0.008590020553119648,-0.0036954855365526895,0.0041968272760994985,0.00860081006583505,0.999954205304936,-0.05546086066550693
0.9999470403857253,0.008726388045895934,-0.005455875319405973,1.4707755222168606,-0.008754171280201692,0.9999487300379857,-0.005089379197563581,-0.005067852888220675,0.005411183699094931,0.005136871333033885,0.9999721654345597,-0.05691689881229234
0.9999634786009747,0.007519219911922446,-0.00406236337051386,1.4970562083240462,-0.007552229926450071,0.9999380849461391,-0.008172520870928018,-0.005549215342649502,0.004000660867403691,0.008202902301251156,0.9999583526859807,-0.05818829636237677
0.9999521070343099,0.00896745701918982,-0.003920249003993689,1.5276228496082813,-0.008988446434845504,0.9999451856887753,-0.005369678624362597,-0.005980751031720272,0.003871881755973866,0.005404658402712126,0.9999778988553787,-0.05944180413444533
0.999953463436821,0.008982499943645224,-0.003519325996391718,1.5583329387391731,-0.009004286222999171,0.9999400885506001,-0.006224318358855862,-0.006540310741627961,0.003463205209162712,0.0062557177190548565,0.9999744357759845,-0.06098896310848767
0.9999650602476139,0.00819045707730115,-0.0016717346829781415,1.5934912891476667,-0.008196710983904617,0.9999593032932201,-0.003769043165490926,-0.007252360510050321,0.001640796462612482,0.0037826142020941323,0.999991499772256,-0.06225487954657449
0.9999620986736262,0.008211074223347561,-0.002894732515342785,1.6239870730973092,-0.008233936725748375,0.9999342862338253,-0.007976559411559019,-0.007806550384631711,0.002829046170191876,0.00800009213374672,0.9999639968636961,-0.06323994903583108
0.9999682144955234,0.007477272324199315,-0.0027677422612749137,1.6591754340874831,-0.007496218458663826,0.999948100730179,-0.00689946048093072,-0.008367509030098905,0.0027160094725665333,0.006919988778726505,0.9999723681421638,-0.06434607975540008
0.9999664648804314,0.007410388733944335,-0.0034864384900635975,1.6941552095828782,-0.007432074655417308,0.9999528573165054,-0.006248792753261193,-0.008746268401557358,0.0034399681465778105,0.006274494670388723,0.9999743983401685,-0.06530759229034722
0.9999670438942639,0.006842826057033455,-0.004368850755096416,1.728948822071757,-0.006882218631049411,0.9999352170565136,-0.009066242708927382,-0.008956494698063505,0.004306529006236807,0.009096011306937034,0.9999493569107498,-0.0661313731022255
0.9999717011894268,0.005853692428847906,-0.0047255798873645696,1.7594929310536647,-0.005888812489353753,0.999954889905224,-0.00745251917784399,-0.009091576075537636,0.004681741960920788,0.007480136334275634,0.9999610636682968,-0.06682247822643639
0.9999451080867163,0.007686805365957383,-0.007119960443107122,1.790218093631788,-0.0077203169295487,0.9999591936491192,-0.004691241105583226,-0.009007376654479857,0.007083609246199624,0.004745951945529901,0.9999636485493749,-0.06733055558308854
0.9999370618205616,0.0069143093324718855,-0.008835424388042494,1.8165843919511122,-0.006959581795875916,0.999962758357773,-0.005103539824480855,-0.009013858911767023,0.008799807889291454,0.005164709475705469,0.9999479432236174,-0.06769598929865506
0.999944202934905,0.0077998898696080045,-0.007124095374108373,1.8474118497548582,-0.007831558392197466,0.999959527861179,-0.004428242630818993,-0.008861468475640732,0.007089267241895128,0.004483788316790577,0.9999648183472772,-0.06786536543122201
0.9999443723795075,0.007259503973462381,-0.007651911435193398,1.878109869365244,-0.007300401260229662,0.9999591446375018,-0.005330403106257085,-0.008875073441279788,0.007612902731047871,0.005385968612500666,0.9999565165816524,-0.06797929270214631
0.9999365812300817,0.008998977703963417,-0.006771404446611158,1.9089169641032981,-0.00903531381685402,0.9999448431343121,-0.005354791623056823,-0.008607512997314146,0.006722843306740316,0.005415633792914891,0.9999627364499607,-0.06785340286051067
