0.1412217766046524,0.10104478895664215,-0.9848077893257141,-142.74038696289062,-0.9899779558181763,0.014414164237678051,-0.14048424363136292,-5.024213790893555,-1.906089330816485e-08,0.9947774410247803,0.10206770896911621,55.103389739990234
0.14211520552635193,0.10362090915441513,-0.9844114780426025,-142.6028289794922,-0.9898501038551331,0.014766582287847996,-0.1413460075855255,-4.950446605682373,-0.00011000821541529149,0.9945072531700134,0.10466772317886353,55.16182327270508
0.143008291721344,0.10619586706161499,-0.9840076565742493,-142.46517944335938,-0.9897214770317078,0.015121239237487316,-0.14220677316188812,-4.876540184020996,-0.00022235617507249117,0.9942302703857422,0.10726679116487503,55.219879150390625
0.14390088617801666,0.10876987129449844,-0.9835962653160095,-142.32745361328125,-0.9895920753479004,0.015478154644370079,-0.1430664360523224,-4.802494525909424,-0.00033706225804053247,0.9939464330673218,0.10986511409282684,55.277557373046875
0.14479313790798187,0.1113426685333252,-0.9831773638725281,-142.1896514892578,-0.9894618391990662,0.015837306156754494,-0.14392511546611786,-4.728309154510498,-0.0004541254020296037,0.9936558604240417,0.11246245354413986,55.33485412597656
0.14568491280078888,0.11391448974609375,-0.9827509522438049,-142.0517578125,-0.9893308877944946,0.016198713332414627,-0.1447826772928238,-4.653984546661377,-0.0005735447048209608,0.9933584928512573,0.1150590255856514,55.39177322387695
0.14657633006572723,0.11648506671190262,-0.9823169708251953,-141.91378784179688,-0.9891991019248962,0.01656235195696354,-0.14563925564289093,-4.5795207023620605,-0.0006953191477805376,0.9930543303489685,0.11765456944704056,55.44831466674805
0.14746727049350739,0.11905450373888016,-0.981875479221344,-141.77574157714844,-0.9890666007995605,0.01692822575569153,-0.14649473130702972,-4.504917621612549,-0.0008194479742087424,0.9927433729171753,0.1202491894364357,55.504478454589844
0.14835774898529053,0.12162278592586517,-0.981426477432251,-141.6376190185547,-0.9889333248138428,0.017296331003308296,-0.14734907448291779,-4.430175304412842,-0.0009459302527830005,0.9924256801605225,0.12284287065267563,55.56026077270508
0.14924773573875427,0.12419001758098602,-0.9809699058532715,-141.49942016601562,-0.9887992739677429,0.017666682600975037,-0.1482023298740387,-4.355293273925781,-0.0010747646447271109,0.9921011924743652,0.1254357099533081,55.615665435791016
0.15013736486434937,0.12675605714321136,-0.9805058240890503,-141.36114501953125,-0.9886643886566162,0.01803928054869175,-0.14905457198619843,-4.280272006988525,-0.0012059505097568035,0.9917698502540588,0.12802757322788239,55.670692443847656
0.15102651715278625,0.1293208748102188,-0.9800342321395874,-141.22279357910156,-0.9885287880897522,0.018414102494716644,-0.1499057114124298,-4.205111980438232,-0.0013394869165495038,0.9914318323135376,0.13061842322349548,55.725337982177734
0.1519150733947754,0.13188447058200836,-0.9795551300048828,-141.08436584472656,-0.9883924722671509,0.018791135400533676,-0.1507556289434433,-4.129812717437744,-0.0014753729337826371,0.9910869598388672,0.1332082748413086,55.77960205078125
0.15280325710773468,0.13444682955741882,-0.9790685176849365,-140.94586181640625,-0.9882553219795227,0.019170407205820084,-0.1516045331954956,-4.0543742179870605,-0.0016136073973029852,0.9907353520393372,0.13579709827899933,55.83348846435547
0.15369097888469696,0.1370079219341278,-0.9785744547843933,-140.80728149414062,-0.9881173968315125,0.019551901146769524,-0.15245233476161957,-3.9787964820861816,-0.001754188910126686,0.9903769493103027,0.1383848637342453,55.886993408203125
0.1545780897140503,0.13956762850284576,-0.9780728220939636,-140.66864013671875,-0.9879787564277649,0.019935578107833862,-0.15329891443252563,-3.9030797481536865,-0.0018971165409311652,0.9900118708610535,0.14097145199775696,55.94011688232422
0.15546472370624542,0.1421261429786682,-0.977563738822937,-140.52992248535156,-0.9878393411636353,0.020321493968367577,-0.15414437651634216,-3.827224016189575,-0.0020423894748091698,0.989639937877655,0.14355707168579102,55.99285888671875
0.1563509851694107,0.1446833312511444,-0.9770471453666687,-140.39114379882812,-0.9876991510391235,0.02070964127779007,-0.1549888253211975,-3.7512292861938477,-0.002190006198361516,0.989261269569397,0.14614157378673553,56.045223236083984
0.15723665058612823,0.147239089012146,-0.9765230417251587,-140.25228881835938,-0.9875581860542297,0.021099966019392014,-0.15583205223083496,-3.675095558166504,-0.0023399661295115948,0.9888758659362793,0.14872485399246216,56.097206115722656
0.15812182426452637,0.14979349076747894,-0.9759914875030518,-140.11337280273438,-0.9874164462089539,0.021492505446076393,-0.15667417645454407,-3.598823070526123,-0.002492268104106188,0.9884836673736572,0.15130698680877686,56.148807525634766
0.1590065211057663,0.1523466408252716,-0.9754524230957031,-139.97439575195312,-0.9872739911079407,0.021887274459004402,-0.15751516819000244,-3.522411584854126,-0.002646910259500146,0.9880847334861755,0.15388809144496918,56.20002746582031
0.15989060699939728,0.1548982858657837,-0.9749059081077576,-139.83535766601562,-0.9871307611465454,0.022284217178821564,-0.15835492312908173,-3.445861339569092,-0.0028038916643708944,0.9876790642738342,0.15646789968013763,56.2508659362793
0.1607740968465805,0.15744853019714355,-0.9743519425392151,-139.6962432861328,-0.9869867563247681,0.022683346644043922,-0.15919345617294312,-3.3691723346710205,-0.0029632120858877897,0.9872666597366333,0.15904651582241058,56.30131912231445
0.16165709495544434,0.1599973440170288,-0.9737904667854309,-139.55706787109375,-0.9868420362472534,0.02308468334376812,-0.16003085672855377,-3.292344570159912,-0.0031248691957443953,0.986847460269928,0.16162391006946564,56.35139083862305
0.16253948211669922,0.1625446230173111,-0.9732215404510498,-139.41783142089844,-0.9866965413093567,0.023488188162446022,-0.16086703538894653,-3.2153780460357666,-0.00328886229544878,0.9864215850830078,0.16419997811317444,56.40108108520508
0.16342125833034515,0.16509054601192474,-0.9726451635360718,-139.27854919433594,-0.9865503311157227,0.023893892765045166,-0.1617019772529602,-3.138272762298584,-0.0034551897551864386,0.9859889149665833,0.1667748987674713,56.45038986206055
0.16430255770683289,0.16763488948345184,-0.9720613360404968,-139.1392059326172,-0.9864033460617065,0.02430178038775921,-0.16253580152988434,-3.0610289573669434,-0.0036238504108041525,0.9855495691299438,0.16934846341609955,56.49931335449219
0.16518336534500122,0.17017772793769836,-0.9714699983596802,-138.9998016357422,-0.9862555861473083,0.024711865931749344,-0.16336849331855774,-2.9836466312408447,-0.0037948433309793472,0.9851034879684448,0.17192073166370392,56.547855377197266
0.16606344282627106,0.1727190762758255,-0.9708712697029114,-138.86033630371094,-0.9861071109771729,0.025124110281467438,-0.1641998440027237,-2.906125783920288,-0.003968167118728161,0.9846506714820862,0.17449168860912323,56.596012115478516
0.1669430136680603,0.17525875568389893,-0.9702650904655457,-138.7208251953125,-0.9859578609466553,0.025538532063364983,-0.1650300770998001,-2.8284664154052734,-0.004143820609897375,0.9841911196708679,0.17706122994422913,56.6437873840332
0.16782186925411224,0.17779691517353058,-0.9696515202522278,-138.5812530517578,-0.9858078360557556,0.02595510706305504,-0.16585895419120789,-2.75066876411438,-0.004321800544857979,0.98372483253479,0.17962943017482758,56.69117736816406
0.1687002331018448,0.18033349514007568,-0.969030499458313,-138.44163513183594,-0.9856570959091187,0.02637387625873089,-0.16668669879436493,-2.6727328300476074,-0.004502106923609972,0.9832518696784973,0.18219627439975739,56.73818588256836
0.1695779711008072,0.18286839127540588,-0.9684020280838013,-138.3019561767578,-0.9855056405067444,0.02679479494690895,-0.16751320660114288,-2.594658374786377,-0.00468473881483078,0.982772171497345,0.184761643409729,56.78480911254883
0.17045511305332184,0.18540169298648834,-0.9677661061286926,-138.1622314453125,-0.985353410243988,0.027217883616685867,-0.16833849251270294,-2.5164458751678467,-0.004869694355875254,0.9822857975959778,0.1873256117105484,56.83104705810547
0.17133162915706635,0.18793337047100067,-0.9671227931976318,-138.0224609375,-0.9852004647254944,0.02764313854277134,-0.16916251182556152,-2.4380950927734375,-0.005056972149759531,0.981792688369751,0.18988817930221558,56.87690353393555
0.1722075343132019,0.19046340882778168,-0.9664720892906189,-137.8826446533203,-0.9850467443466187,0.028070557862520218,-0.1699853092432022,-2.3596062660217285,-0.0052465712651610374,0.9812929034233093,0.19244931638240814,56.9223747253418
0.17308282852172852,0.1929916888475418,-0.965813934803009,-137.74278259277344,-0.9848922491073608,0.02850012294948101,-0.1708068549633026,-2.2809791564941406,-0.005438489373773336,0.9807863831520081,0.19500890374183655,56.96746063232422
0.17395737767219543,0.19551829993724823,-0.965148389339447,-137.60287475585938,-0.9847370982170105,0.02893182449042797,-0.17162705957889557,-2.202214241027832,-0.005632726941257715,0.9802731871604919,0.19756703078746796,57.01216125488281
0.1748313158750534,0.1980431228876114,-0.9644754528999329,-137.46292114257812,-0.9845811724662781,0.029365666210651398,-0.17244601249694824,-2.1233112812042236,-0.005829280707985163,0.979753315448761,0.20012356340885162,57.05647659301758
0.17570450901985168,0.2005661129951477,-0.9637951850891113,-137.3229217529297,-0.9844244718551636,0.0298016220331192,-0.17326360940933228,-2.0442705154418945,-0.006028148345649242,0.9792267680168152,0.20267847180366516,57.100406646728516
0.17657709121704102,0.20308738946914673,-0.9631074666976929,-137.18287658691406,-0.9842671155929565,0.030239732936024666,-0.17407996952533722,-1.9650918245315552,-0.0062293317168951035,0.9786935448646545,0.20523187518119812,57.143951416015625
0.1774490624666214,0.20560692250728607,-0.962412416934967,-137.04278564453125,-0.9841089844703674,0.03067999891936779,-0.17489507794380188,-1.8857753276824951,-0.0064328256994485855,0.978153645992279,0.2077837586402893,57.187110900878906
0.17832039296627045,0.208124577999115,-0.9617099165916443,-136.9026641845703,-0.9839500784873962,0.031122397631406784,-0.17570893466472626,-1.806321144104004,-0.006638630758970976,0.9776070713996887,0.2103339582681656,57.22988510131836
0.179190993309021,0.21064035594463348,-0.9610001444816589,-136.7624969482422,-0.9837904572486877,0.03156690299510956,-0.1765214502811432,-1.7267292737960815,-0.006846744101494551,0.9770538210868835,0.21288248896598816,57.272274017333984
0.18006086349487305,0.21315446496009827,-0.9602829217910767,-136.62229919433594,-0.9836301803588867,0.032013554126024246,-0.17733259499073029,-1.6469998359680176,-0.007057164795696735,0.9764938950538635,0.21542954444885254,57.31427764892578
0.18093009293079376,0.21566663682460785,-0.9595583081245422,-136.4820556640625,-0.9834690690040588,0.032462332397699356,-0.1781424880027771,-1.5671329498291016,-0.007269890513271093,0.9759272933006287,0.21797488629817963,57.35589599609375
0.18179859220981598,0.21817699074745178,-0.9588264226913452,-136.34178161621094,-0.9833073019981384,0.03291323035955429,-0.17895102500915527,-1.4871286153793335,-0.007484922185540199,0.9753540754318237,0.22051860392093658,57.39712905883789
0.1826663464307785,0.22068537771701813,-0.958087146282196,-136.20147705078125,-0.9831448197364807,0.03336622565984726,-0.1797582060098648,-1.406986951828003,-0.00770225515589118,0.974774181842804,0.22306056320667267,57.4379768371582
0.1835334748029709,0.22319167852401733,-0.9573405385017395,-136.06114196777344,-0.9829815626144409,0.03382132574915886,-0.18056415021419525,-1.3267079591751099,-0.007921888493001461,0.9741876721382141,0.22560064494609833,57.47843551635742
0.18439973890781403,0.22569620609283447,-0.9565865993499756,-135.92076110839844,-0.9828175902366638,0.03427853062748909,-0.1813686043024063,-1.2462917566299438,-0.00814382079988718,0.9735944867134094,0.22813916206359863,57.51850891113281
0.18526537716388702,0.22819873690605164,-0.9558253288269043,-135.7803497314453,-0.9826529026031494,0.034737858921289444,-0.1821718066930771,-1.1657383441925049,-0.008368050679564476,0.9729946851730347,0.23067587614059448,57.558197021484375
0.18613027036190033,0.2306993454694748,-0.9550567269325256,-135.63990783691406,-0.9824874997138977,0.035199299454689026,-0.18297365307807922,-1.0850478410720825,-0.00859457440674305,0.9723882079124451,0.23321087658405304,57.597496032714844
0.1869942992925644,0.2331979125738144,-0.9542807936668396,-135.4994354248047,-0.9823213815689087,0.03566279634833336,-0.18377400934696198,-1.0042203664779663,-0.008823392912745476,0.9717751145362854,0.23574402928352356,57.636409759521484
0.1878577023744583,0.2356943041086197,-0.953497588634491,-135.35894775390625,-0.9821545481681824,0.03612838685512543,-0.18457312881946564,-0.923255980014801,-0.00905450526624918,0.9711554646492004,0.2382752150297165,57.6749382019043
0.18872036039829254,0.2381887137889862,-0.952707052230835,-135.2184295654297,-0.981986939907074,0.036596085876226425,-0.18537087738513947,-0.8421547412872314,-0.009287905879318714,0.9705291390419006,0.24080464243888855,57.713077545166016
0.18958225846290588,0.24068115651607513,-0.9519091844558716,-135.077880859375,-0.981818675994873,0.037065885961055756,-0.18616726994514465,-0.7609167098999023,-0.009523595683276653,0.9698962569236755,0.24333228170871735,57.750831604003906
0.19044341146945953,0.24317146837711334,-0.9511040449142456,-134.93731689453125,-0.98164963722229,0.037537768483161926,-0.18696229159832,-0.6795419454574585,-0.009761572815477848,0.9692566990852356,0.24585801362991333,57.7881965637207
0.1913038194179535,0.24565964937210083,-0.950291633605957,-134.79672241210938,-0.9814798831939697,0.03801172599196434,-0.18775594234466553,-0.5980305671691895,-0.010001834481954575,0.9686105847358704,0.2483818084001541,57.82517623901367
0.19216346740722656,0.24814580380916595,-0.9494718909263611,-134.65611267089844,-0.9813094735145569,0.03848778456449509,-0.1885482221841812,-0.51638263463974,-0.010244379751384258,0.9679578542709351,0.25090375542640686,57.86176681518555
0.1930222362279892,0.2506297826766968,-0.9486448764801025,-134.51547241210938,-0.981138288974762,0.03896589204668999,-0.1893390268087387,-0.43459823727607727,-0.0104892048984766,0.9672985076904297,0.2534237504005432,57.897972106933594
0.19388027489185333,0.2531115710735321,-0.9478106498718262,-134.37481689453125,-0.9809664487838745,0.03944607079029083,-0.19012847542762756,-0.35267746448516846,-0.010736312717199326,0.966632604598999,0.255941778421402,57.93378829956055
0.1947375386953354,0.25559115409851074,-0.9469690918922424,-134.23414611816406,-0.9807938933372498,0.039928317070007324,-0.1909165382385254,-0.2706203758716583,-0.01098569668829441,0.9659600853919983,0.2584577798843384,57.969215393066406
0.19559381902217865,0.2580685317516327,-0.9461203217506409,-134.0934600830078,-0.9806206226348877,0.040412575006484985,-0.19170302152633667,-0.18842709064483643,-0.011237355880439281,0.9652810096740723,0.2609717845916748,58.00425720214844
0.19644935429096222,0.2605437636375427,-0.9452642798423767,-133.9527587890625,-0.9804466366767883,0.040898922830820084,-0.19248811900615692,-0.10609768331050873,-0.011491288430988789,0.964595377445221,0.26348382234573364,58.038909912109375
0.1973041296005249,0.2630167603492737,-0.9444010257720947,-133.81204223632812,-0.9802719354629517,0.04138733819127083,-0.19327184557914734,-0.023632243275642395,-0.011747494339942932,0.9639031291007996,0.2659938335418701,58.07317352294922
0.1981581300497055,0.2654874622821808,-0.9435304999351501,-133.6713104248047,-0.9800965189933777,0.04187781363725662,-0.19405421614646912,0.0589691698551178,-0.012005969882011414,0.9632043838500977,0.26850178837776184,58.107051849365234
0.19901126623153687,0.2679556608200073,-0.9426527619361877,-133.5305633544922,-0.9799204468727112,0.0423702746629715,-0.1948351114988327,0.1417064368724823,-0.012266714125871658,0.9624990820884705,0.27100738883018494,58.140541076660156
0.19986353814601898,0.2704218924045563,-0.9417678117752075,-133.38980102539062,-0.9797435998916626,0.0428648367524147,-0.1956145018339157,0.22457948327064514,-0.012529720552265644,0.9617871642112732,0.27351126074790955,58.173641204833984
0.20071491599082947,0.2728857100009918,-0.9408755898475647,-133.2490234375,-0.9795661568641663,0.04336140304803848,-0.19639240205287933,0.30758821964263916,-0.01279499288648367,0.9610687494277954,0.2760128676891327,58.206356048583984
0.20156541466712952,0.27534714341163635,-0.9399762153625488,-133.10824584960938,-0.9793879389762878,0.04385999217629433,-0.19716882705688477,0.3907325267791748,-0.013062524609267712,0.9603438377380371,0.2785123288631439,58.23868179321289
0.20241516828536987,0.27780622243881226,-0.9390696287155151,-132.9674530029297,-0.9792090654373169,0.04436064139008522,-0.19794388115406036,0.4740123152732849,-0.013332315720617771,0.9596123099327087,0.28100964426994324,58.2706184387207
0.2032640278339386,0.28026294708251953,-0.9381558299064636,-132.82666015625,-0.9790294170379639,0.04486330598592758,-0.19871746003627777,0.5574275255203247,-0.013604365289211273,0.9588743448257446,0.28350478410720825,58.30216598510742
0.2041120082139969,0.2827174961566925,-0.9372348189353943,-132.68585205078125,-0.9788491725921631,0.04536803811788559,-0.1994895190000534,0.6409780383110046,-0.013878673315048218,0.9581297039985657,0.2859979271888733,58.33332443237305
0.20495910942554474,0.285169392824173,-0.9363066554069519,-132.5450439453125,-0.9786681532859802,0.045874737203121185,-0.20026011765003204,0.7246637344360352,-0.014155233278870583,0.9573786854743958,0.2884886562824249,58.364097595214844
0.2058052122592926,0.2876189947128296,-0.9353713393211365,-132.40423583984375,-0.9784865379333496,0.04638344421982765,-0.20102910697460175,0.8084845542907715,-0.014434042386710644,0.9566211104393005,0.29097723960876465,58.39448165893555
0.2066505402326584,0.2900662422180176,-0.9344287514686584,-132.26341247558594,-0.9783041477203369,0.046894222497940063,-0.20179671049118042,0.8924403786659241,-0.014715101569890976,0.95585697889328,0.29346370697021484,58.424476623535156
0.20749486982822418,0.2925110161304474,-0.9334790706634521,-132.12258911132812,-0.9781211018562317,0.04740697145462036,-0.20256271958351135,0.9765311479568481,-0.01499840896576643,0.955086350440979,0.2959479093551636,58.45408248901367
0.20833832025527954,0.294953316450119,-0.9325222373008728,-131.9817657470703,-0.9779374003410339,0.04792173579335213,-0.2033272236585617,1.0607566833496094,-0.015283959917724133,0.9543092250823975,0.29842981696128845,58.483299255371094
0.20918099582195282,0.29739290475845337,-0.9315582513809204,-131.8409423828125,-0.9777529239654541,0.04843849316239357,-0.20409037172794342,1.145116925239563,-0.015571750700473785,0.9535256624221802,0.3009091913700104,58.51212692260742
0.2100226730108261,0.2998300790786743,-0.930587112903595,-131.7001190185547,-0.9775678515434265,0.04895724356174469,-0.2048519104719162,1.229611873626709,-0.015861786901950836,0.9527356028556824,0.303386390209198,58.540565490722656
0.21086345613002777,0.3022647202014923,-0.9296088814735413,-131.55931091308594,-0.9773820638656616,0.049477994441986084,-0.2056119590997696,1.3142412900924683,-0.016154060140252113,0.951939046382904,0.3058612048625946,58.56861877441406
0.2117033451795578,0.30469682812690735,-0.9286234378814697,-131.4185028076172,-0.9771955609321594,0.05000075325369835,-0.2063705176115036,1.3990050554275513,-0.01644856669008732,0.95113605260849,0.30833369493484497,58.596282958984375
0.21254223585128784,0.30712634325027466,-0.9276309609413147,-131.27769470214844,-0.9770084023475647,0.050525471568107605,-0.20712746679782867,1.483903169631958,-0.0167453084141016,0.9503265619277954,0.3108038008213043,58.623558044433594
0.2133801281452179,0.3095533847808838,-0.9266313314437866,-131.13690185546875,-0.9768205881118774,0.05105217173695564,-0.2078828066587448,1.568935513496399,-0.01704428344964981,0.9495105743408203,0.3132716417312622,58.65044403076172
0.21421699225902557,0.3119776248931885,-0.925624668598175,-130.99610900878906,-0.9766320586204529,0.05158078670501709,-0.2086365520954132,1.654101848602295,-0.017345484346151352,0.948688268661499,0.3157368302345276,58.67694091796875
0.21505297720432281,0.3143993318080902,-0.9246108531951904,-130.85533142089844,-0.9764428734779358,0.0521114207804203,-0.20938879251480103,1.739402174949646,-0.017648911103606224,0.9478594064712524,0.3181997239589691,58.70304870605469
0.21588806807994843,0.316818505525589,-0.9235899448394775,-130.7145538330078,-0.9762530326843262,0.052644070237874985,-0.21013954281806946,1.8248363733291626,-0.017954561859369278,0.9470241069793701,0.320660263299942,58.72876739501953
0.2167220264673233,0.31923484802246094,-0.9225620031356812,-130.57379150390625,-0.976062536239624,0.053178586065769196,-0.2108885794878006,1.9104043245315552,-0.018262436613440514,0.9461824297904968,0.3231181204319,58.75409698486328
0.21755509078502655,0.32164859771728516,-0.9215269684791565,-130.43304443359375,-0.9758713245391846,0.053715113550424576,-0.21163611114025116,1.9961059093475342,-0.018572531640529633,0.945334255695343,0.3255736231803894,58.77903747558594
0.21838726103305817,0.3240596354007721,-0.9204848408699036,-130.2923126220703,-0.9756794571876526,0.05425362288951874,-0.21238215267658234,2.0819408893585205,-0.018884843215346336,0.9444797039031982,0.3280266225337982,58.8035888671875
